tanggal,KASUS,MENINGGAL,SEMBUH,DIRAWAT_OR_ISOLASI,AKUMULASI_KASUS,AKUMULASI_SEMBUH,AKUMULASI_MENINGGAL,AKUMULASI_DIRAWAT_OR_ISOLASI,PROVINSI
2020-03-31,1,0,0,1,1,0,0,1,NUSA TENGGARA BARAT
2020-04-01,2,0,0,2,3,0,0,3,NUSA TENGGARA BARAT
2020-04-02,0,0,0,0,3,0,0,3,NUSA TENGGARA BARAT
2020-04-03,0,0,0,0,3,0,0,3,NUSA TENGGARA BARAT
2020-04-04,0,0,0,0,3,0,0,3,NUSA TENGGARA BARAT
2020-04-05,0,0,0,0,3,0,0,3,NUSA TENGGARA BARAT
2020-04-06,2,0,0,2,5,0,0,5,NUSA TENGGARA BARAT
2020-04-07,0,0,0,0,5,0,0,5,NUSA TENGGARA BARAT
2020-04-08,0,0,0,0,5,0,0,5,NUSA TENGGARA BARAT
2020-04-09,4,0,0,4,9,0,0,9,NUSA TENGGARA BARAT
2020-04-10,5,0,0,5,14,0,0,14,NUSA TENGGARA BARAT
2020-04-11,2,1,0,1,16,0,1,15,NUSA TENGGARA BARAT
2020-04-12,9,0,0,9,25,0,1,24,NUSA TENGGARA BARAT
2020-04-13,3,0,0,3,28,0,1,27,NUSA TENGGARA BARAT
2020-04-14,0,0,0,0,28,0,1,27,NUSA TENGGARA BARAT
2020-04-15,0,0,0,0,28,0,1,27,NUSA TENGGARA BARAT
2020-04-16,7,0,0,7,35,0,1,34,NUSA TENGGARA BARAT
2020-04-17,6,0,0,6,41,0,1,40,NUSA TENGGARA BARAT
2020-04-18,4,0,0,4,45,0,1,44,NUSA TENGGARA BARAT
2020-04-19,4,1,8,-5,49,8,2,39,NUSA TENGGARA BARAT
2020-04-20,9,1,0,8,58,8,3,47,NUSA TENGGARA BARAT
2020-04-21,15,0,0,15,73,8,3,62,NUSA TENGGARA BARAT
2020-04-22,12,0,0,12,85,8,3,74,NUSA TENGGARA BARAT
2020-04-23,6,0,2,4,91,10,3,78,NUSA TENGGARA BARAT
2020-04-24,33,0,2,31,124,12,3,109,NUSA TENGGARA BARAT
2020-04-25,23,0,3,20,147,15,3,129,NUSA TENGGARA BARAT
2020-04-26,13,0,0,13,160,15,3,142,NUSA TENGGARA BARAT
2020-04-27,9,0,2,7,169,17,3,149,NUSA TENGGARA BARAT
2020-04-28,12,0,2,10,181,19,3,159,NUSA TENGGARA BARAT
2020-04-29,7,0,7,0,188,26,3,159,NUSA TENGGARA BARAT
2020-04-30,0,0,0,0,188,26,3,159,NUSA TENGGARA BARAT
2020-05-01,3,0,0,3,191,26,3,162,NUSA TENGGARA BARAT
2020-05-02,14,0,0,14,205,26,3,176,NUSA TENGGARA BARAT
2020-05-03,16,0,3,13,221,29,3,189,NUSA TENGGARA BARAT
2020-05-04,0,0,0,0,221,29,3,189,NUSA TENGGARA BARAT
2020-05-05,12,0,8,4,233,37,3,193,NUSA TENGGARA BARAT
2020-05-06,5,1,6,-2,238,43,4,191,NUSA TENGGARA BARAT
2020-05-07,6,0,3,3,244,46,4,194,NUSA TENGGARA BARAT
2020-05-08,10,0,18,-8,254,64,4,186,NUSA TENGGARA BARAT
2020-05-09,14,1,7,6,268,71,5,192,NUSA TENGGARA BARAT
2020-05-10,0,0,4,-4,268,75,5,188,NUSA TENGGARA BARAT
2020-05-11,1,0,10,-9,269,85,5,179,NUSA TENGGARA BARAT
2020-05-12,6,0,0,6,275,85,5,185,NUSA TENGGARA BARAT
2020-05-13,4,1,5,-2,279,90,6,183,NUSA TENGGARA BARAT
2020-05-14,6,0,19,-13,285,109,6,170,NUSA TENGGARA BARAT
2020-05-15,8,0,41,-33,293,150,6,137,NUSA TENGGARA BARAT
2020-05-16,7,0,0,7,300,150,6,144,NUSA TENGGARA BARAT
2020-05-17,5,0,9,-4,305,159,6,140,NUSA TENGGARA BARAT
2020-05-18,3,0,13,-10,308,172,6,130,NUSA TENGGARA BARAT
2020-05-19,0,0,0,0,308,172,6,130,NUSA TENGGARA BARAT
2020-05-20,15,0,0,15,323,172,6,145,NUSA TENGGARA BARAT
2020-05-21,11,0,2,9,334,174,6,154,NUSA TENGGARA BARAT
2020-05-22,42,0,2,40,376,176,6,194,NUSA TENGGARA BARAT
2020-05-23,10,0,6,4,386,182,6,198,NUSA TENGGARA BARAT
2020-05-24,4,0,0,4,390,182,6,202,NUSA TENGGARA BARAT
2020-05-25,0,0,25,-25,390,207,6,177,NUSA TENGGARA BARAT
2020-05-26,7,0,0,7,397,207,6,184,NUSA TENGGARA BARAT
2020-05-27,43,1,11,31,440,218,7,215,NUSA TENGGARA BARAT
2020-05-28,22,1,0,21,462,218,8,236,NUSA TENGGARA BARAT
2020-05-29,20,0,3,17,482,221,8,253,NUSA TENGGARA BARAT
2020-05-30,3,0,3,0,485,224,8,253,NUSA TENGGARA BARAT
2020-05-31,30,0,8,22,515,232,8,275,NUSA TENGGARA BARAT
2020-06-01,14,0,0,14,529,232,8,289,NUSA TENGGARA BARAT
2020-06-02,15,2,0,13,544,232,10,302,NUSA TENGGARA BARAT
2020-06-03,15,1,5,9,559,237,11,311,NUSA TENGGARA BARAT
2020-06-04,18,4,2,12,577,239,15,323,NUSA TENGGARA BARAT
2020-06-05,44,1,0,43,621,239,16,366,NUSA TENGGARA BARAT
2020-06-06,33,1,8,24,654,247,17,390,NUSA TENGGARA BARAT
2020-06-07,8,0,13,-5,662,260,17,385,NUSA TENGGARA BARAT
2020-06-08,13,1,0,12,675,260,18,397,NUSA TENGGARA BARAT
2020-06-09,8,3,0,5,683,260,21,402,NUSA TENGGARA BARAT
2020-06-10,25,3,66,-44,708,326,24,358,NUSA TENGGARA BARAT
2020-06-11,9,2,36,-29,717,362,26,329,NUSA TENGGARA BARAT
2020-06-12,19,0,59,-40,736,421,26,289,NUSA TENGGARA BARAT
2020-06-13,11,2,16,-7,747,437,28,282,NUSA TENGGARA BARAT
2020-06-14,8,0,33,-25,755,470,28,257,NUSA TENGGARA BARAT
2020-06-15,21,2,25,-6,776,495,30,251,NUSA TENGGARA BARAT
2020-06-16,17,0,10,7,793,505,30,258,NUSA TENGGARA BARAT
2020-06-17,18,5,28,-15,811,533,35,243,NUSA TENGGARA BARAT
2020-06-18,27,2,18,7,838,551,37,250,NUSA TENGGARA BARAT
2020-06-19,9,0,17,-8,847,568,37,242,NUSA TENGGARA BARAT
2020-06-20,26,1,28,-3,873,596,38,239,NUSA TENGGARA BARAT
2020-06-21,5,0,6,-1,878,602,38,238,NUSA TENGGARA BARAT
2020-06-22,9,1,10,-2,887,612,39,236,NUSA TENGGARA BARAT
2020-06-23,14,0,7,7,901,619,39,243,NUSA TENGGARA BARAT
2020-06-24,15,2,16,-3,916,635,41,240,NUSA TENGGARA BARAT
2020-06-25,11,1,4,6,927,639,42,246,NUSA TENGGARA BARAT
2020-06-26,18,0,8,10,945,647,42,256,NUSA TENGGARA BARAT
2020-06-27,19,1,5,13,964,652,43,269,NUSA TENGGARA BARAT
2020-06-28,26,8,15,3,990,667,51,272,NUSA TENGGARA BARAT
2020-06-29,11,0,4,7,1001,671,51,279,NUSA TENGGARA BARAT
2020-06-30,16,1,8,7,1017,679,52,286,NUSA TENGGARA BARAT
2020-07-01,9,3,3,3,1026,682,55,289,NUSA TENGGARA BARAT
2020-07-02,13,0,9,4,1039,691,55,293,NUSA TENGGARA BARAT
2020-07-03,18,0,21,-3,1057,712,55,290,NUSA TENGGARA BARAT
2020-07-04,19,1,6,12,1076,718,56,302,NUSA TENGGARA BARAT
2020-07-05,14,0,8,6,1090,726,56,308,NUSA TENGGARA BARAT
2020-07-06,26,0,5,21,1116,731,56,329,NUSA TENGGARA BARAT
2020-07-07,24,1,7,16,1140,738,57,345,NUSA TENGGARA BARAT
2020-07-08,19,4,16,-1,1159,754,61,344,NUSA TENGGARA BARAT
2020-07-09,25,1,11,13,1184,765,62,357,NUSA TENGGARA BARAT
2020-07-10,27,2,11,14,1211,776,64,371,NUSA TENGGARA BARAT
2020-07-11,33,0,8,25,1244,784,64,396,NUSA TENGGARA BARAT
2020-07-12,24,3,12,9,1268,796,67,405,NUSA TENGGARA BARAT
2020-07-13,19,4,17,-2,1287,813,71,403,NUSA TENGGARA BARAT
2020-07-14,13,1,18,-6,1300,831,72,397,NUSA TENGGARA BARAT
2020-07-15,21,2,11,8,1321,842,74,405,NUSA TENGGARA BARAT
2020-07-16,28,0,25,3,1349,867,74,408,NUSA TENGGARA BARAT
2020-07-17,19,1,10,8,1368,877,75,416,NUSA TENGGARA BARAT
2020-07-18,21,3,9,9,1389,886,78,425,NUSA TENGGARA BARAT
2020-07-19,26,5,14,7,1415,900,83,432,NUSA TENGGARA BARAT
2020-07-20,25,1,1,23,1440,901,84,455,NUSA TENGGARA BARAT
2020-07-21,14,2,11,1,1454,912,86,456,NUSA TENGGARA BARAT
2020-07-22,9,0,9,0,1463,921,86,456,NUSA TENGGARA BARAT
2020-07-23,27,0,13,14,1490,934,86,470,NUSA TENGGARA BARAT
2020-07-24,23,5,12,6,1513,946,91,476,NUSA TENGGARA BARAT
2020-07-25,23,0,11,12,1536,957,91,488,NUSA TENGGARA BARAT
2020-07-26,17,0,20,-3,1553,977,91,485,NUSA TENGGARA BARAT
2020-07-27,20,1,17,2,1573,994,92,487,NUSA TENGGARA BARAT
2020-07-28,16,1,5,10,1589,999,93,497,NUSA TENGGARA BARAT
2020-07-29,33,0,24,9,1622,1023,93,506,NUSA TENGGARA BARAT
2020-07-30,26,0,9,17,1648,1032,93,523,NUSA TENGGARA BARAT
2020-07-31,31,1,18,12,1679,1050,94,535,NUSA TENGGARA BARAT
2020-08-01,0,0,0,0,1679,1050,94,535,NUSA TENGGARA BARAT
2020-08-02,34,2,22,10,1713,1072,96,545,NUSA TENGGARA BARAT
2020-08-03,28,2,7,19,1741,1079,98,564,NUSA TENGGARA BARAT
2020-08-04,17,1,8,8,1758,1087,99,572,NUSA TENGGARA BARAT
2020-08-05,18,2,21,-5,1776,1108,101,567,NUSA TENGGARA BARAT
2020-08-06,21,1,11,9,1797,1119,102,576,NUSA TENGGARA BARAT
2020-08-07,15,0,21,-6,1812,1140,102,570,NUSA TENGGARA BARAT
2020-08-08,20,0,4,16,1832,1144,102,586,NUSA TENGGARA BARAT
2020-08-09,23,0,12,11,1855,1156,102,597,NUSA TENGGARA BARAT
2020-08-10,21,2,9,10,1876,1165,104,607,NUSA TENGGARA BARAT
2020-08-11,18,3,46,-31,1894,1211,107,576,NUSA TENGGARA BARAT
2020-08-12,19,1,38,-20,1913,1249,108,556,NUSA TENGGARA BARAT
2020-08-13,12,0,41,-29,1925,1290,108,527,NUSA TENGGARA BARAT
2020-08-14,20,0,16,4,1945,1306,108,531,NUSA TENGGARA BARAT
2020-08-15,15,2,13,0,1960,1319,110,531,NUSA TENGGARA BARAT
2020-08-16,13,0,16,-3,1973,1335,110,528,NUSA TENGGARA BARAT
2020-08-17,15,1,11,3,1988,1346,111,531,NUSA TENGGARA BARAT
2020-08-18,19,2,15,2,2007,1361,113,533,NUSA TENGGARA BARAT
2020-08-19,21,1,17,3,2028,1378,114,536,NUSA TENGGARA BARAT
2020-08-20,18,0,23,-5,2046,1401,114,531,NUSA TENGGARA BARAT
2020-08-21,16,2,86,-72,2062,1487,116,459,NUSA TENGGARA BARAT
2020-08-22,11,2,22,-13,2073,1509,118,446,NUSA TENGGARA BARAT
2020-08-23,11,2,11,-2,2084,1520,120,444,NUSA TENGGARA BARAT
2020-08-24,12,3,5,4,2096,1525,123,448,NUSA TENGGARA BARAT
2020-08-25,10,2,12,-4,2106,1537,125,444,NUSA TENGGARA BARAT
2020-08-26,26,2,16,8,2132,1553,127,452,NUSA TENGGARA BARAT
2020-08-27,15,2,15,-2,2147,1568,129,450,NUSA TENGGARA BARAT
2020-08-28,19,1,20,-2,2166,1588,130,448,NUSA TENGGARA BARAT
2020-08-29,31,0,22,9,2197,1610,130,457,NUSA TENGGARA BARAT
2020-08-30,1,1,19,-19,2198,1629,131,438,NUSA TENGGARA BARAT
2020-08-31,13,2,20,-9,2211,1649,133,429,NUSA TENGGARA BARAT
2020-09-01,13,2,20,-9,2224,1669,135,420,NUSA TENGGARA BARAT
2020-09-02,12,0,19,-7,2236,1688,135,413,NUSA TENGGARA BARAT
2020-09-03,13,0,8,5,2249,1696,135,418,NUSA TENGGARA BARAT
2020-09-04,7,3,11,-7,2256,1707,138,411,NUSA TENGGARA BARAT
2020-09-05,30,2,22,6,2286,1729,140,417,NUSA TENGGARA BARAT
2020-09-06,15,1,15,-1,2301,1744,141,416,NUSA TENGGARA BARAT
2020-09-07,6,1,10,-5,2307,1754,142,411,NUSA TENGGARA BARAT
2020-09-08,16,2,15,-1,2323,1769,144,410,NUSA TENGGARA BARAT
2020-09-09,11,0,15,-4,2334,1784,144,406,NUSA TENGGARA BARAT
2020-09-10,9,0,25,-16,2343,1809,144,390,NUSA TENGGARA BARAT
2020-09-11,6,1,17,-12,2349,1826,145,378,NUSA TENGGARA BARAT
2020-09-12,10,0,22,-12,2359,1848,145,366,NUSA TENGGARA BARAT
2020-09-13,11,1,6,4,2370,1854,146,370,NUSA TENGGARA BARAT
2020-09-14,19,0,19,0,2389,1873,146,370,NUSA TENGGARA BARAT
2020-09-15,15,1,7,7,2404,1880,147,377,NUSA TENGGARA BARAT
2020-09-16,8,0,11,-3,2412,1891,147,374,NUSA TENGGARA BARAT
2020-09-17,14,3,18,-7,2426,1909,150,367,NUSA TENGGARA BARAT
2020-09-18,17,1,9,7,2443,1918,151,374,NUSA TENGGARA BARAT
2020-09-19,47,3,20,24,2490,1938,154,398,NUSA TENGGARA BARAT
2020-09-20,17,0,10,7,2507,1948,154,405,NUSA TENGGARA BARAT
2020-09-21,17,2,9,6,2524,1957,156,411,NUSA TENGGARA BARAT
2020-09-22,8,0,12,-4,2532,1969,156,407,NUSA TENGGARA BARAT
2020-09-23,19,0,17,2,2551,1986,156,409,NUSA TENGGARA BARAT
2020-09-24,33,3,15,15,2584,2001,159,424,NUSA TENGGARA BARAT
2020-09-25,16,2,33,-19,2600,2034,161,405,NUSA TENGGARA BARAT
2020-09-26,23,0,10,13,2623,2044,161,418,NUSA TENGGARA BARAT
2020-09-27,15,2,6,7,2638,2050,163,425,NUSA TENGGARA BARAT
2020-09-28,14,1,3,10,2652,2053,164,435,NUSA TENGGARA BARAT
2020-09-29,5,0,29,-24,2657,2082,164,411,NUSA TENGGARA BARAT
2020-09-30,21,1,28,-8,2678,2110,165,403,NUSA TENGGARA BARAT
2020-10-01,27,1,12,14,2705,2122,166,417,NUSA TENGGARA BARAT
2020-10-02,21,1,7,13,2726,2129,167,430,NUSA TENGGARA BARAT
2020-10-03,19,0,14,5,2745,2143,167,435,NUSA TENGGARA BARAT
2020-10-04,21,1,8,12,2766,2151,168,447,NUSA TENGGARA BARAT
2020-10-05,17,0,15,2,2783,2166,168,449,NUSA TENGGARA BARAT
2020-10-06,18,0,26,-8,2801,2192,168,441,NUSA TENGGARA BARAT
2020-10-07,5,0,16,-11,2806,2208,168,430,NUSA TENGGARA BARAT
2020-10-08,12,0,10,2,2818,2218,168,432,NUSA TENGGARA BARAT
2020-10-09,24,2,21,1,2842,2239,170,433,NUSA TENGGARA BARAT
2020-10-10,7,1,4,2,2849,2243,171,435,NUSA TENGGARA BARAT
2020-10-11,13,0,4,9,2862,2247,171,444,NUSA TENGGARA BARAT
2020-10-12,13,0,7,6,2875,2254,171,450,NUSA TENGGARA BARAT
2020-10-13,7,0,59,-52,2882,2313,171,398,NUSA TENGGARA BARAT
2020-10-14,18,2,43,-27,2900,2356,173,371,NUSA TENGGARA BARAT
2020-10-15,16,0,12,4,2916,2368,173,375,NUSA TENGGARA BARAT
2020-10-16,27,0,17,10,2943,2385,173,385,NUSA TENGGARA BARAT
2020-10-17,22,1,20,1,2965,2405,174,386,NUSA TENGGARA BARAT
2020-10-18,25,0,10,15,2990,2415,174,401,NUSA TENGGARA BARAT
2020-10-19,23,2,5,16,3013,2420,176,417,NUSA TENGGARA BARAT
2020-10-20,16,1,8,7,3029,2428,177,424,NUSA TENGGARA BARAT
2020-10-21,27,1,10,16,3056,2438,178,440,NUSA TENGGARA BARAT
2020-10-22,20,1,35,-16,3076,2473,179,424,NUSA TENGGARA BARAT
2020-10-23,17,1,18,-2,3093,2491,180,422,NUSA TENGGARA BARAT
2020-10-24,5,1,12,-8,3098,2503,181,414,NUSA TENGGARA BARAT
2020-10-25,18,2,13,3,3116,2516,183,417,NUSA TENGGARA BARAT
2020-10-26,23,0,18,5,3139,2534,183,422,NUSA TENGGARA BARAT
2020-10-27,26,0,23,3,3165,2557,183,425,NUSA TENGGARA BARAT
2020-10-28,25,0,27,-2,3190,2584,183,423,NUSA TENGGARA BARAT
2020-10-29,8,0,26,-18,3198,2610,183,405,NUSA TENGGARA BARAT
2020-10-30,11,1,4,6,3209,2614,184,411,NUSA TENGGARA BARAT
2020-10-31,4,1,3,0,3213,2617,185,411,NUSA TENGGARA BARAT
2020-11-01,18,0,5,13,3231,2622,185,424,NUSA TENGGARA BARAT
2020-11-02,2,1,8,-7,3233,2630,186,417,NUSA TENGGARA BARAT
2020-11-03,14,0,19,-5,3247,2649,186,412,NUSA TENGGARA BARAT
2020-11-04,18,2,48,-32,3265,2697,188,380,NUSA TENGGARA BARAT
2020-11-05,45,1,62,-18,3310,2759,189,362,NUSA TENGGARA BARAT
2020-11-06,16,2,24,-10,3326,2783,191,352,NUSA TENGGARA BARAT
2020-11-07,25,0,15,10,3351,2798,191,362,NUSA TENGGARA BARAT
2020-11-08,40,2,55,-17,3391,2853,193,345,NUSA TENGGARA BARAT
2020-11-09,34,0,3,31,3425,2856,193,376,NUSA TENGGARA BARAT
2020-11-10,9,0,0,9,3434,2856,193,385,NUSA TENGGARA BARAT
2020-11-11,28,1,0,27,3462,2856,194,412,NUSA TENGGARA BARAT
2020-11-12,22,0,0,22,3484,2856,194,434,NUSA TENGGARA BARAT
2020-11-13,38,0,0,38,3522,2856,194,472,NUSA TENGGARA BARAT
2020-11-14,24,0,0,24,3546,2856,194,496,NUSA TENGGARA BARAT
2020-11-15,11,0,0,11,3557,2856,194,507,NUSA TENGGARA BARAT
2020-11-16,0,0,0,0,3557,2856,194,507,NUSA TENGGARA BARAT
2020-11-17,2,0,3,-1,3559,2859,194,506,NUSA TENGGARA BARAT
2020-11-18,16,0,8,8,3575,2867,194,514,NUSA TENGGARA BARAT
2020-11-19,14,0,12,2,3589,2879,194,516,NUSA TENGGARA BARAT
2020-11-20,29,3,18,8,3618,2897,197,524,NUSA TENGGARA BARAT
2020-11-21,23,0,2,21,3641,2899,197,545,NUSA TENGGARA BARAT
2020-11-22,10,0,28,-18,3651,2927,197,527,NUSA TENGGARA BARAT
2020-11-23,11,1,3,7,3662,2930,198,534,NUSA TENGGARA BARAT
2020-11-24,12,0,7,5,3674,2937,198,539,NUSA TENGGARA BARAT
2020-11-25,9,2,24,-17,3683,2961,200,522,NUSA TENGGARA BARAT
2020-11-26,16,0,16,0,3699,2977,200,522,NUSA TENGGARA BARAT
2020-11-27,30,0,9,21,3729,2986,200,543,NUSA TENGGARA BARAT
2020-11-28,29,0,15,14,3758,3001,200,557,NUSA TENGGARA BARAT
2020-11-29,16,0,6,10,3774,3007,200,567,NUSA TENGGARA BARAT
2020-11-30,5,2,4,-1,3779,3011,202,566,NUSA TENGGARA BARAT
2020-12-01,12,1,27,-16,3791,3038,203,550,NUSA TENGGARA BARAT
2020-12-02,18,0,40,-22,3809,3078,203,528,NUSA TENGGARA BARAT
2020-12-03,9,0,37,-28,3818,3115,203,500,NUSA TENGGARA BARAT
2020-12-04,26,1,84,-59,3844,3199,204,441,NUSA TENGGARA BARAT
2020-12-05,24,0,58,-34,3868,3257,204,407,NUSA TENGGARA BARAT
2020-12-06,9,1,27,-19,3877,3284,205,388,NUSA TENGGARA BARAT
2020-12-07,20,1,9,10,3897,3293,206,398,NUSA TENGGARA BARAT
2020-12-08,7,1,15,-9,3904,3308,207,389,NUSA TENGGARA BARAT
2020-12-09,47,1,16,30,3951,3324,208,419,NUSA TENGGARA BARAT
2020-12-10,16,0,13,3,3967,3337,208,422,NUSA TENGGARA BARAT
2020-12-11,25,0,12,13,3992,3349,208,435,NUSA TENGGARA BARAT
2020-12-12,29,1,24,4,4021,3373,209,439,NUSA TENGGARA BARAT
2020-12-13,25,2,11,12,4046,3384,211,451,NUSA TENGGARA BARAT
2020-12-14,40,0,2,38,4086,3386,211,489,NUSA TENGGARA BARAT
2020-12-15,25,2,17,6,4111,3403,213,495,NUSA TENGGARA BARAT
2020-12-16,25,0,9,16,4136,3412,213,511,NUSA TENGGARA BARAT
2020-12-17,28,0,0,28,4164,3412,213,539,NUSA TENGGARA BARAT
2020-12-18,17,0,0,17,4181,3412,213,556,NUSA TENGGARA BARAT
2020-12-19,26,0,21,5,4207,3433,213,561,NUSA TENGGARA BARAT
2020-12-20,19,0,9,10,4226,3442,213,571,NUSA TENGGARA BARAT
2020-12-21,43,2,1,40,4269,3443,215,611,NUSA TENGGARA BARAT
2020-12-22,35,0,30,5,4304,3473,215,616,NUSA TENGGARA BARAT
2020-12-23,19,0,21,-2,4323,3494,215,614,NUSA TENGGARA BARAT
2020-12-24,32,0,25,7,4355,3519,215,621,NUSA TENGGARA BARAT
2020-12-25,19,0,3,16,4374,3522,215,637,NUSA TENGGARA BARAT
2020-12-26,26,0,13,13,4400,3535,215,650,NUSA TENGGARA BARAT
2020-12-27,14,0,23,-9,4414,3558,215,641,NUSA TENGGARA BARAT
2020-12-28,45,0,4,41,4459,3562,215,682,NUSA TENGGARA BARAT
2020-12-29,7,0,27,-20,4466,3589,215,662,NUSA TENGGARA BARAT
2020-12-30,49,0,43,6,4515,3632,215,668,NUSA TENGGARA BARAT
2020-12-31,55,0,38,17,4570,3670,215,685,NUSA TENGGARA BARAT
2021-01-01,48,0,16,32,4618,3686,215,717,NUSA TENGGARA BARAT
2021-01-02,53,2,29,22,4671,3715,217,739,NUSA TENGGARA BARAT
2021-01-03,17,0,11,6,4688,3726,217,745,NUSA TENGGARA BARAT
2021-01-04,33,0,11,22,4721,3737,217,767,NUSA TENGGARA BARAT
2021-01-05,11,0,0,11,4732,3737,217,778,NUSA TENGGARA BARAT
2021-01-06,35,1,10,24,4767,3747,218,802,NUSA TENGGARA BARAT
2021-01-07,47,0,40,7,4814,3787,218,809,NUSA TENGGARA BARAT
2021-01-08,27,0,81,-54,4841,3868,218,755,NUSA TENGGARA BARAT
2021-01-09,51,0,72,-21,4892,3940,218,734,NUSA TENGGARA BARAT
2021-01-10,57,0,81,-24,4949,4021,218,710,NUSA TENGGARA BARAT
2021-01-11,35,0,53,-18,4984,4074,218,692,NUSA TENGGARA BARAT
2021-01-12,45,0,1,44,5029,4075,218,736,NUSA TENGGARA BARAT
2021-01-13,24,0,25,-1,5053,4100,218,735,NUSA TENGGARA BARAT
2021-01-14,62,0,18,44,5115,4118,218,779,NUSA TENGGARA BARAT
2021-01-15,49,0,16,33,5164,4134,218,812,NUSA TENGGARA BARAT
2021-01-16,62,0,13,49,5226,4147,218,861,NUSA TENGGARA BARAT
2021-01-17,45,0,30,15,5271,4177,218,876,NUSA TENGGARA BARAT
2021-01-18,29,1,34,-6,5300,4211,219,870,NUSA TENGGARA BARAT
2021-01-19,58,2,17,39,5358,4228,221,909,NUSA TENGGARA BARAT
2021-01-20,50,0,36,14,5408,4264,221,923,NUSA TENGGARA BARAT
2021-01-21,68,3,72,-7,5476,4336,224,916,NUSA TENGGARA BARAT
2021-01-22,37,1,55,-19,5513,4391,225,897,NUSA TENGGARA BARAT
2021-01-23,74,1,22,51,5587,4413,226,948,NUSA TENGGARA BARAT
2021-01-24,69,0,24,45,5656,4437,226,993,NUSA TENGGARA BARAT
2021-01-25,44,0,19,25,5700,4456,226,1018,NUSA TENGGARA BARAT
2021-01-26,39,0,27,12,5739,4483,226,1030,NUSA TENGGARA BARAT
2021-01-27,79,0,42,37,5818,4525,226,1067,NUSA TENGGARA BARAT
2021-01-28,80,0,19,61,5898,4544,226,1128,NUSA TENGGARA BARAT
2021-01-29,63,3,30,30,5961,4574,229,1158,NUSA TENGGARA BARAT
2021-01-30,42,1,36,5,6003,4610,230,1163,NUSA TENGGARA BARAT
2021-01-31,76,4,30,42,6079,4640,234,1205,NUSA TENGGARA BARAT
2021-02-01,37,1,44,-8,6116,4684,235,1197,NUSA TENGGARA BARAT
2021-02-02,0,0,95,-95,6116,4779,235,1102,NUSA TENGGARA BARAT
2021-02-03,5,3,9,-7,6121,4788,238,1095,NUSA TENGGARA BARAT
2021-02-04,0,0,30,-30,6121,4818,238,1065,NUSA TENGGARA BARAT
2021-02-05,1,1,0,0,6122,4818,239,1065,NUSA TENGGARA BARAT
2021-02-06,19,16,39,-36,6141,4857,255,1029,NUSA TENGGARA BARAT
2021-02-07,0,0,12,-12,6141,4869,255,1017,NUSA TENGGARA BARAT
2021-02-08,119,1,88,30,6260,4957,256,1047,NUSA TENGGARA BARAT
2021-02-09,71,10,89,-28,6331,5046,266,1019,NUSA TENGGARA BARAT
2021-02-10,68,1,42,25,6399,5088,267,1044,NUSA TENGGARA BARAT
2021-02-11,47,0,11,36,6446,5099,267,1080,NUSA TENGGARA BARAT
2021-02-12,24,1,66,-43,6470,5165,268,1037,NUSA TENGGARA BARAT
2021-02-13,16,1,46,-31,6486,5211,269,1006,NUSA TENGGARA BARAT
2021-02-14,10,1,59,-50,6496,5270,270,956,NUSA TENGGARA BARAT
2021-02-15,3,0,10,-7,6499,5280,270,949,NUSA TENGGARA BARAT
2021-02-16,45,0,8,37,6544,5288,270,986,NUSA TENGGARA BARAT
2021-02-17,50,0,17,33,6594,5305,270,1019,NUSA TENGGARA BARAT
2021-02-18,29,0,13,16,6623,5318,270,1035,NUSA TENGGARA BARAT
2021-02-19,43,0,8,35,6666,5326,270,1070,NUSA TENGGARA BARAT
2021-02-20,29,0,13,16,6695,5339,270,1086,NUSA TENGGARA BARAT
2021-02-21,42,0,4,38,6737,5343,270,1124,NUSA TENGGARA BARAT
2021-02-22,61,0,2,59,6798,5345,270,1183,NUSA TENGGARA BARAT
2021-02-23,29,2,47,-20,6827,5392,272,1163,NUSA TENGGARA BARAT
2021-02-24,18,0,16,2,6845,5408,272,1165,NUSA TENGGARA BARAT
2021-02-25,39,1,84,-46,6884,5492,273,1119,NUSA TENGGARA BARAT
2021-02-26,56,0,99,-43,6940,5591,273,1076,NUSA TENGGARA BARAT
2021-02-27,24,0,22,2,6964,5613,273,1078,NUSA TENGGARA BARAT
2021-02-28,58,3,56,-1,7022,5669,276,1077,NUSA TENGGARA BARAT
2021-03-01,42,0,18,24,7064,5687,276,1101,NUSA TENGGARA BARAT
2021-03-02,4,0,12,-8,7068,5699,276,1093,NUSA TENGGARA BARAT
2021-03-03,6,0,16,-10,7074,5715,276,1083,NUSA TENGGARA BARAT
2021-03-04,4,0,2,2,7078,5717,276,1085,NUSA TENGGARA BARAT
2021-03-05,27,1,1,25,7105,5718,277,1110,NUSA TENGGARA BARAT
2021-03-06,2,1,22,-21,7107,5740,278,1089,NUSA TENGGARA BARAT
2021-03-07,13,0,1,12,7120,5741,278,1101,NUSA TENGGARA BARAT
2021-03-08,1,0,1,0,7121,5742,278,1101,NUSA TENGGARA BARAT
2021-03-09,7,0,4,3,7128,5746,278,1104,NUSA TENGGARA BARAT
2021-03-10,17,0,76,-59,7145,5822,278,1045,NUSA TENGGARA BARAT
2021-03-11,0,0,3,-3,7145,5825,278,1042,NUSA TENGGARA BARAT
2021-03-12,1,1,0,0,7146,5825,279,1042,NUSA TENGGARA BARAT
2021-03-13,16,0,9,7,7162,5834,279,1049,NUSA TENGGARA BARAT
2021-03-14,58,0,0,58,7220,5834,279,1107,NUSA TENGGARA BARAT
2021-03-15,33,1,5,27,7253,5839,280,1134,NUSA TENGGARA BARAT
2021-03-16,1,0,0,1,7254,5839,280,1135,NUSA TENGGARA BARAT
2021-03-17,22,0,1,21,7276,5840,280,1156,NUSA TENGGARA BARAT
2021-03-18,53,0,23,30,7329,5863,280,1186,NUSA TENGGARA BARAT
2021-03-19,26,0,15,11,7355,5878,280,1197,NUSA TENGGARA BARAT
2021-03-20,38,2,2,34,7393,5880,282,1231,NUSA TENGGARA BARAT
2021-03-21,26,0,5,21,7419,5885,282,1252,NUSA TENGGARA BARAT
2021-03-22,50,1,41,8,7469,5926,283,1260,NUSA TENGGARA BARAT
2021-03-23,11,0,1,10,7480,5927,283,1270,NUSA TENGGARA BARAT
2021-03-24,31,0,4,27,7511,5931,283,1297,NUSA TENGGARA BARAT
2021-03-25,28,0,9,19,7539,5940,283,1316,NUSA TENGGARA BARAT
2021-03-26,14,0,0,14,7553,5940,283,1330,NUSA TENGGARA BARAT
2021-03-27,28,3,5,20,7581,5945,286,1350,NUSA TENGGARA BARAT
2021-03-28,5,0,0,5,7586,5945,286,1355,NUSA TENGGARA BARAT
2021-03-29,28,2,8,18,7614,5953,288,1373,NUSA TENGGARA BARAT
2021-03-30,45,2,62,-19,7659,6015,290,1354,NUSA TENGGARA BARAT
2021-03-31,34,0,10,24,7693,6025,290,1378,NUSA TENGGARA BARAT
2021-04-01,9,2,2,5,7702,6027,292,1383,NUSA TENGGARA BARAT
2021-04-02,15,0,8,7,7717,6035,292,1390,NUSA TENGGARA BARAT
2021-04-03,15,0,0,15,7732,6035,292,1405,NUSA TENGGARA BARAT
2021-04-04,15,1,0,14,7747,6035,293,1419,NUSA TENGGARA BARAT
2021-04-05,26,1,0,25,7773,6035,294,1444,NUSA TENGGARA BARAT
2021-04-06,5,1,1,3,7778,6036,295,1447,NUSA TENGGARA BARAT
2021-04-07,21,0,10,11,7799,6046,295,1458,NUSA TENGGARA BARAT
2021-04-08,37,1,4,32,7836,6050,296,1490,NUSA TENGGARA BARAT
2021-04-09,18,0,0,18,7854,6050,296,1508,NUSA TENGGARA BARAT
2021-04-10,11,0,18,-7,7865,6068,296,1501,NUSA TENGGARA BARAT
2021-04-11,16,0,3,13,7881,6071,296,1514,NUSA TENGGARA BARAT
2021-04-12,25,0,0,25,7906,6071,296,1539,NUSA TENGGARA BARAT
2021-04-13,5,0,40,-35,7911,6111,296,1504,NUSA TENGGARA BARAT
2021-04-14,19,0,4,15,7930,6115,296,1519,NUSA TENGGARA BARAT
2021-04-15,26,0,0,26,7956,6115,296,1545,NUSA TENGGARA BARAT
2021-04-16,70,0,3,67,8026,6118,296,1612,NUSA TENGGARA BARAT
2021-04-17,27,3,21,3,8053,6139,299,1615,NUSA TENGGARA BARAT
2021-04-18,0,0,1,-1,8053,6140,299,1614,NUSA TENGGARA BARAT
2021-04-19,42,0,4,38,8095,6144,299,1652,NUSA TENGGARA BARAT
2021-04-20,16,0,0,16,8111,6144,299,1668,NUSA TENGGARA BARAT
2021-04-21,37,0,14,23,8148,6158,299,1691,NUSA TENGGARA BARAT
2021-04-22,14,1,0,13,8162,6158,300,1704,NUSA TENGGARA BARAT
2021-04-23,1,0,10,-9,8163,6168,300,1695,NUSA TENGGARA BARAT
2021-04-24,0,1,0,-1,8163,6168,301,1694,NUSA TENGGARA BARAT
2021-04-25,3,0,0,3,8166,6168,301,1697,NUSA TENGGARA BARAT
2021-04-26,43,0,8,35,8209,6176,301,1732,NUSA TENGGARA BARAT
2021-04-27,46,1,5,40,8255,6181,302,1772,NUSA TENGGARA BARAT
2021-04-28,39,1,42,-4,8294,6223,303,1768,NUSA TENGGARA BARAT
2021-04-29,29,8,50,-29,8323,6273,311,1739,NUSA TENGGARA BARAT
2021-04-30,52,0,26,26,8375,6299,311,1765,NUSA TENGGARA BARAT
2021-05-01,17,0,27,-10,8392,6326,311,1755,NUSA TENGGARA BARAT
2021-05-02,24,1,6,17,8416,6332,312,1772,NUSA TENGGARA BARAT
2021-05-03,107,2,25,80,8523,6357,314,1852,NUSA TENGGARA BARAT
2021-05-04,23,5,22,-4,8546,6379,319,1848,NUSA TENGGARA BARAT
2021-05-05,20,10,0,10,8566,6379,329,1858,NUSA TENGGARA BARAT
2021-05-06,14,0,14,0,8580,6393,329,1858,NUSA TENGGARA BARAT
2021-05-07,24,1,8,15,8604,6401,330,1873,NUSA TENGGARA BARAT
2021-05-08,17,0,1,16,8621,6402,330,1889,NUSA TENGGARA BARAT
2021-05-09,0,0,1,-1,8621,6403,330,1888,NUSA TENGGARA BARAT
2021-05-10,22,1,2,19,8643,6405,331,1907,NUSA TENGGARA BARAT
2021-05-11,10,2,10,-2,8653,6415,333,1905,NUSA TENGGARA BARAT
2021-05-12,16,0,0,16,8669,6415,333,1921,NUSA TENGGARA BARAT
2021-05-13,2,0,0,2,8671,6415,333,1923,NUSA TENGGARA BARAT
2021-05-14,11,0,6,5,8682,6421,333,1928,NUSA TENGGARA BARAT
2021-05-15,2,0,0,2,8684,6421,333,1930,NUSA TENGGARA BARAT
2021-05-16,16,0,1,15,8700,6422,333,1945,NUSA TENGGARA BARAT
2021-05-17,10,0,0,10,8710,6422,333,1955,NUSA TENGGARA BARAT
2021-05-18,42,1,42,-1,8752,6464,334,1954,NUSA TENGGARA BARAT
2021-05-19,44,1,5,38,8796,6469,335,1992,NUSA TENGGARA BARAT
2021-05-20,11,1,9,1,8807,6478,336,1993,NUSA TENGGARA BARAT
2021-05-21,32,3,3,26,8839,6481,339,2019,NUSA TENGGARA BARAT
2021-05-22,24,0,17,7,8863,6498,339,2026,NUSA TENGGARA BARAT
2021-05-23,23,0,0,23,8886,6498,339,2049,NUSA TENGGARA BARAT
2021-05-24,20,0,7,13,8906,6505,339,2062,NUSA TENGGARA BARAT
2021-05-25,14,0,3,11,8920,6508,339,2073,NUSA TENGGARA BARAT
2021-05-26,19,4,0,15,8939,6508,343,2088,NUSA TENGGARA BARAT
2021-05-27,10,1,2,7,8949,6510,344,2095,NUSA TENGGARA BARAT
2021-05-28,358,1,402,-45,9307,6912,345,2050,NUSA TENGGARA BARAT
2021-05-29,35,1,8,26,9342,6920,346,2076,NUSA TENGGARA BARAT
2021-05-30,60,9,79,-28,9402,6999,355,2048,NUSA TENGGARA BARAT
2021-05-31,204,7,87,110,9606,7086,362,2158,NUSA TENGGARA BARAT
2021-06-01,65,4,86,-25,9671,7172,366,2133,NUSA TENGGARA BARAT
2021-06-02,97,6,145,-54,9768,7317,372,2079,NUSA TENGGARA BARAT
2021-06-03,52,2,52,-2,9820,7369,374,2077,NUSA TENGGARA BARAT
2021-06-04,63,4,45,14,9883,7414,378,2091,NUSA TENGGARA BARAT
2021-06-05,25,3,35,-13,9908,7449,381,2078,NUSA TENGGARA BARAT
2021-06-06,17,4,1,12,9925,7450,385,2090,NUSA TENGGARA BARAT
2021-06-07,45,5,84,-44,9970,7534,390,2046,NUSA TENGGARA BARAT
2021-06-08,61,2,48,11,10031,7582,392,2057,NUSA TENGGARA BARAT
2021-06-09,40,0,21,19,10071,7603,392,2076,NUSA TENGGARA BARAT
2021-06-10,32,3,26,3,10103,7629,395,2079,NUSA TENGGARA BARAT
2021-06-11,15,0,45,-30,10118,7674,395,2049,NUSA TENGGARA BARAT
2021-06-12,12,0,17,-5,10130,7691,395,2044,NUSA TENGGARA BARAT
2021-06-13,8,0,5,3,10138,7696,395,2047,NUSA TENGGARA BARAT
2021-06-14,6,0,14,-8,10144,7710,395,2039,NUSA TENGGARA BARAT
2021-06-15,35,1,160,-126,10179,7870,396,1913,NUSA TENGGARA BARAT
2021-06-16,5,0,30,-25,10184,7900,396,1888,NUSA TENGGARA BARAT
2021-06-17,16,0,294,-278,10200,8194,396,1610,NUSA TENGGARA BARAT
2021-06-18,19,0,165,-146,10219,8359,396,1464,NUSA TENGGARA BARAT
2021-06-19,33,0,16,17,10252,8375,396,1481,NUSA TENGGARA BARAT
2021-06-20,10,0,65,-55,10262,8440,396,1426,NUSA TENGGARA BARAT
2021-06-21,17,0,24,-7,10279,8464,396,1419,NUSA TENGGARA BARAT
2021-06-22,7,0,34,-27,10286,8498,396,1392,NUSA TENGGARA BARAT
2021-06-23,16,1,56,-41,10302,8554,397,1351,NUSA TENGGARA BARAT
2021-06-24,7,0,26,-19,10309,8580,397,1332,NUSA TENGGARA BARAT
2021-06-25,6,0,28,-22,10315,8608,397,1310,NUSA TENGGARA BARAT
2021-06-26,5,10,46,-51,10320,8654,407,1259,NUSA TENGGARA BARAT
2021-06-27,14,0,28,-14,10334,8682,407,1245,NUSA TENGGARA BARAT
2021-06-28,32,0,102,-70,10366,8784,407,1175,NUSA TENGGARA BARAT
2021-06-29,66,0,57,9,10432,8841,407,1184,NUSA TENGGARA BARAT
2021-06-30,7,0,79,-72,10439,8920,407,1112,NUSA TENGGARA BARAT
2021-07-01,114,0,41,73,10553,8961,407,1185,NUSA TENGGARA BARAT
2021-07-02,21,0,67,-46,10574,9028,407,1139,NUSA TENGGARA BARAT
2021-07-03,19,0,11,8,10593,9039,407,1147,NUSA TENGGARA BARAT
2021-07-04,7,0,7,0,10600,9046,407,1147,NUSA TENGGARA BARAT
2021-07-05,53,1,59,-7,10653,9105,408,1140,NUSA TENGGARA BARAT
2021-07-06,94,1,62,31,10747,9167,409,1171,NUSA TENGGARA BARAT
2021-07-07,41,0,10,31,10788,9177,409,1202,NUSA TENGGARA BARAT
2021-07-08,17,1,16,0,10805,9193,410,1202,NUSA TENGGARA BARAT
2021-07-09,7,0,3,4,10812,9196,410,1206,NUSA TENGGARA BARAT
2021-07-10,164,0,55,109,10976,9251,410,1315,NUSA TENGGARA BARAT
2021-07-11,401,0,43,358,11377,9294,410,1673,NUSA TENGGARA BARAT
2021-07-12,174,1,227,-54,11551,9521,411,1619,NUSA TENGGARA BARAT
2021-07-13,310,4,501,-195,11861,10022,415,1424,NUSA TENGGARA BARAT
2021-07-14,192,7,86,99,12053,10108,422,1523,NUSA TENGGARA BARAT
2021-07-15,296,4,88,204,12349,10196,426,1727,NUSA TENGGARA BARAT
2021-07-16,194,2,161,31,12543,10357,428,1758,NUSA TENGGARA BARAT
2021-07-17,301,6,171,124,12844,10528,434,1882,NUSA TENGGARA BARAT
2021-07-18,277,2,164,111,13121,10692,436,1993,NUSA TENGGARA BARAT
2021-07-19,188,1,253,-66,13309,10945,437,1927,NUSA TENGGARA BARAT
2021-07-20,267,2,72,193,13576,11017,439,2120,NUSA TENGGARA BARAT
2021-07-21,165,4,185,-24,13741,11202,443,2096,NUSA TENGGARA BARAT
2021-07-22,302,4,247,51,14043,11449,447,2147,NUSA TENGGARA BARAT
2021-07-23,240,0,178,62,14283,11627,447,2209,NUSA TENGGARA BARAT
2021-07-24,93,0,260,-167,14376,11887,447,2042,NUSA TENGGARA BARAT
2021-07-25,103,0,199,-96,14479,12086,447,1946,NUSA TENGGARA BARAT
2021-07-26,107,2,294,-189,14586,12380,449,1757,NUSA TENGGARA BARAT
2021-07-27,159,2,226,-69,14745,12606,451,1688,NUSA TENGGARA BARAT
2021-07-28,227,4,237,-14,14972,12843,455,1674,NUSA TENGGARA BARAT
2021-07-29,263,2,257,4,15235,13100,457,1678,NUSA TENGGARA BARAT
2021-07-30,273,3,295,-25,15508,13395,460,1653,NUSA TENGGARA BARAT
2021-07-31,324,2,216,106,15832,13611,462,1759,NUSA TENGGARA BARAT
2021-08-01,206,2,226,-22,16038,13837,464,1737,NUSA TENGGARA BARAT
2021-08-02,121,1,226,-106,16159,14063,465,1631,NUSA TENGGARA BARAT
2021-08-03,198,4,300,-106,16357,14363,469,1525,NUSA TENGGARA BARAT
2021-08-04,204,4,216,-16,16561,14579,473,1509,NUSA TENGGARA BARAT
2021-08-05,170,0,210,-40,16731,14789,473,1469,NUSA TENGGARA BARAT
2021-08-06,174,4,174,-4,16905,14963,477,1465,NUSA TENGGARA BARAT
2021-08-07,222,3,272,-53,17127,15235,480,1412,NUSA TENGGARA BARAT
2021-08-08,175,4,190,-19,17302,15425,484,1393,NUSA TENGGARA BARAT
2021-08-09,230,3,231,-4,17532,15656,487,1389,NUSA TENGGARA BARAT
2021-08-10,181,4,237,-60,17713,15893,491,1329,NUSA TENGGARA BARAT
2021-08-11,177,3,148,26,17890,16041,494,1355,NUSA TENGGARA BARAT
2021-08-12,159,5,112,42,18049,16153,499,1397,NUSA TENGGARA BARAT
2021-08-13,309,6,211,92,18358,16364,505,1489,NUSA TENGGARA BARAT
2021-08-14,190,5,179,6,18548,16543,510,1495,NUSA TENGGARA BARAT
2021-08-15,174,7,208,-41,18722,16751,517,1454,NUSA TENGGARA BARAT
2021-08-16,200,4,248,-52,18922,16999,521,1402,NUSA TENGGARA BARAT
2021-08-17,165,3,212,-50,19087,17211,524,1352,NUSA TENGGARA BARAT
2021-08-18,107,5,203,-101,19194,17414,529,1251,NUSA TENGGARA BARAT
2021-08-19,178,5,133,40,19372,17547,534,1291,NUSA TENGGARA BARAT
2021-08-20,152,6,133,13,19524,17680,540,1304,NUSA TENGGARA BARAT
2021-08-21,100,4,132,-36,19624,17812,544,1268,NUSA TENGGARA BARAT
2021-08-22,160,4,208,-52,19784,18020,548,1216,NUSA TENGGARA BARAT
2021-08-23,121,10,183,-72,19905,18203,558,1144,NUSA TENGGARA BARAT
2021-08-24,157,6,160,-9,20062,18363,564,1135,NUSA TENGGARA BARAT
2021-08-25,162,7,205,-50,20224,18568,571,1085,NUSA TENGGARA BARAT
2021-08-26,116,1,180,-65,20340,18748,572,1020,NUSA TENGGARA BARAT
2021-08-27,155,4,145,6,20495,18893,576,1026,NUSA TENGGARA BARAT
2021-08-28,63,2,149,-88,20558,19042,578,938,NUSA TENGGARA BARAT
2021-08-29,59,1,92,-34,20617,19134,579,904,NUSA TENGGARA BARAT
2021-08-30,65,4,97,-36,20682,19231,583,868,NUSA TENGGARA BARAT
2021-08-31,94,6,119,-31,20776,19350,589,837,NUSA TENGGARA BARAT
2021-09-01,98,4,110,-16,20874,19460,593,821,NUSA TENGGARA BARAT
2021-09-02,86,2,109,-25,20960,19569,595,796,NUSA TENGGARA BARAT
2021-09-03,79,2,102,-25,21039,19671,597,771,NUSA TENGGARA BARAT
2021-09-04,64,3,73,-12,21103,19744,600,759,NUSA TENGGARA BARAT
2021-09-05,58,1,75,-18,21161,19819,601,741,NUSA TENGGARA BARAT
2021-09-06,35,5,88,-58,21196,19907,606,683,NUSA TENGGARA BARAT
2021-09-07,71,4,94,-27,21267,20001,610,656,NUSA TENGGARA BARAT
2021-09-08,61,2,70,-11,21328,20071,612,645,NUSA TENGGARA BARAT
2021-09-09,59,5,97,-43,21387,20168,617,602,NUSA TENGGARA BARAT
2021-09-10,63,1,101,-39,21450,20269,618,563,NUSA TENGGARA BARAT
2021-09-11,57,3,85,-31,21507,20354,621,532,NUSA TENGGARA BARAT
2021-09-12,47,3,81,-37,21554,20435,624,495,NUSA TENGGARA BARAT
2021-09-13,18,4,49,-35,21572,20484,628,460,NUSA TENGGARA BARAT
2021-09-14,43,6,79,-42,21615,20563,634,418,NUSA TENGGARA BARAT
2021-09-15,38,2,73,-37,21653,20636,636,381,NUSA TENGGARA BARAT
2021-09-16,28,1,55,-28,21681,20691,637,353,NUSA TENGGARA BARAT
2021-09-17,39,3,51,-15,21720,20742,640,338,NUSA TENGGARA BARAT
2021-09-18,41,1,37,3,21761,20779,641,341,NUSA TENGGARA BARAT
2021-09-19,26,0,33,-7,21787,20812,641,334,NUSA TENGGARA BARAT
2021-09-20,11,1,31,-21,21798,20843,642,313,NUSA TENGGARA BARAT
2021-09-21,24,4,42,-22,21822,20885,646,291,NUSA TENGGARA BARAT
2021-09-22,31,1,31,-1,21853,20916,647,290,NUSA TENGGARA BARAT
2021-09-23,37,0,46,-9,21890,20962,647,281,NUSA TENGGARA BARAT
2021-09-24,21,1,30,-10,21911,20992,648,271,NUSA TENGGARA BARAT
2021-09-25,16,0,19,-3,21927,21011,648,268,NUSA TENGGARA BARAT
2021-09-26,13,0,26,-13,21940,21037,648,255,NUSA TENGGARA BARAT
2021-09-27,10,0,23,-13,21950,21060,648,242,NUSA TENGGARA BARAT
2021-09-28,29,2,38,-11,21979,21098,650,231,NUSA TENGGARA BARAT
2021-09-29,19,2,13,4,21998,21111,652,235,NUSA TENGGARA BARAT
2021-09-30,19,0,20,-1,22017,21131,652,234,NUSA TENGGARA BARAT
2021-10-01,21,1,23,-3,22038,21154,653,231,NUSA TENGGARA BARAT
2021-10-02,19,0,19,0,22057,21173,653,231,NUSA TENGGARA BARAT
2021-10-03,6,0,22,-16,22063,21195,653,215,NUSA TENGGARA BARAT
2021-10-04,10,2,19,-11,22073,21214,655,204,NUSA TENGGARA BARAT
2021-10-05,10,1,17,-8,22083,21231,656,196,NUSA TENGGARA BARAT
2021-10-06,10,2,12,-4,22093,21243,658,192,NUSA TENGGARA BARAT
2021-10-07,11,0,9,2,22104,21252,658,194,NUSA TENGGARA BARAT
2021-10-08,6,0,10,-4,22110,21262,658,190,NUSA TENGGARA BARAT
2021-10-09,11,1,24,-14,22121,21286,659,176,NUSA TENGGARA BARAT
2021-10-10,6,0,20,-14,22127,21306,659,162,NUSA TENGGARA BARAT
2021-10-11,12,2,24,-14,22139,21330,661,148,NUSA TENGGARA BARAT
2021-10-12,9,0,8,1,22148,21338,661,149,NUSA TENGGARA BARAT
2021-10-13,9,0,21,-12,22157,21359,661,137,NUSA TENGGARA BARAT
2021-10-14,6,1,1,4,22163,21360,662,141,NUSA TENGGARA BARAT
2021-10-15,9,0,7,2,22172,21367,662,143,NUSA TENGGARA BARAT
2021-10-16,11,0,6,5,22183,21373,662,148,NUSA TENGGARA BARAT
2021-10-17,9,0,3,6,22192,21376,662,154,NUSA TENGGARA BARAT
2021-10-18,0,0,1,-1,22192,21377,662,153,NUSA TENGGARA BARAT
2021-10-19,8,1,8,-1,22200,21385,663,152,NUSA TENGGARA BARAT
2021-10-20,11,0,3,8,22211,21388,663,160,NUSA TENGGARA BARAT
2021-10-21,6,0,9,-3,22217,21397,663,157,NUSA TENGGARA BARAT
2021-10-22,4,0,12,-8,22221,21409,663,149,NUSA TENGGARA BARAT
2021-10-23,5,0,1,4,22226,21410,663,153,NUSA TENGGARA BARAT
2021-10-24,3,0,6,-3,22229,21416,663,150,NUSA TENGGARA BARAT
2021-10-25,4,0,34,-30,22233,21450,663,120,NUSA TENGGARA BARAT
2021-10-26,0,0,20,-20,22233,21470,663,100,NUSA TENGGARA BARAT
2021-10-27,6,0,7,-1,22239,21477,663,99,NUSA TENGGARA BARAT
2021-10-28,8,0,4,4,22247,21481,663,103,NUSA TENGGARA BARAT
2021-10-29,3,0,9,-6,22250,21490,663,97,NUSA TENGGARA BARAT
2021-10-30,2,1,6,-5,22252,21496,664,92,NUSA TENGGARA BARAT
2021-10-31,1,0,7,-6,22253,21503,664,86,NUSA TENGGARA BARAT
2021-11-01,1,0,4,-3,22254,21507,664,83,NUSA TENGGARA BARAT
2021-11-02,6,0,2,4,22260,21509,664,87,NUSA TENGGARA BARAT
2021-11-03,1,0,4,-3,22261,21513,664,84,NUSA TENGGARA BARAT
2021-11-04,1,0,6,-5,22262,21519,664,79,NUSA TENGGARA BARAT
2021-11-05,1,0,1,0,22263,21520,664,79,NUSA TENGGARA BARAT
2021-11-06,2,0,2,0,22265,21522,664,79,NUSA TENGGARA BARAT
2021-11-07,3,0,2,1,22268,21524,664,80,NUSA TENGGARA BARAT
2021-11-08,1,1,7,-7,22269,21531,665,73,NUSA TENGGARA BARAT
2021-11-09,1,0,0,1,22270,21531,665,74,NUSA TENGGARA BARAT
2021-11-10,2,0,0,2,22272,21531,665,76,NUSA TENGGARA BARAT
2021-11-11,1,0,3,-2,22273,21534,665,74,NUSA TENGGARA BARAT
2021-11-12,4,0,9,-5,22277,21543,665,69,NUSA TENGGARA BARAT
2021-11-13,2,0,0,2,22279,21543,665,71,NUSA TENGGARA BARAT
2021-11-14,3,0,4,-1,22282,21547,665,70,NUSA TENGGARA BARAT
2021-11-15,1,0,2,-1,22283,21549,665,69,NUSA TENGGARA BARAT
2021-11-16,0,0,1,-1,22283,21550,665,68,NUSA TENGGARA BARAT
2021-11-17,0,0,1,-1,22283,21551,665,67,NUSA TENGGARA BARAT
2021-11-18,1,0,0,1,22284,21551,665,68,NUSA TENGGARA BARAT
2021-11-19,5,0,0,5,22289,21551,665,73,NUSA TENGGARA BARAT
2021-11-20,0,1,5,-6,22289,21556,666,67,NUSA TENGGARA BARAT
2021-11-21,1,0,0,1,22290,21556,666,68,NUSA TENGGARA BARAT
2021-11-22,4,0,4,0,22294,21560,666,68,NUSA TENGGARA BARAT
2021-11-23,1,0,1,0,22295,21561,666,68,NUSA TENGGARA BARAT
2021-11-24,1,0,2,-1,22296,21563,666,67,NUSA TENGGARA BARAT
2021-11-25,2,0,0,2,22298,21563,666,69,NUSA TENGGARA BARAT
2021-11-26,0,0,0,0,22298,21563,666,69,NUSA TENGGARA BARAT
2021-11-27,2,0,0,2,22300,21563,666,71,NUSA TENGGARA BARAT
2021-11-28,1,0,0,1,22301,21563,666,72,NUSA TENGGARA BARAT
2021-11-29,0,0,1,-1,22301,21564,666,71,NUSA TENGGARA BARAT
2021-11-30,0,0,1,-1,22301,21565,666,70,NUSA TENGGARA BARAT
2021-12-01,1,0,0,1,22302,21565,666,71,NUSA TENGGARA BARAT
2021-12-02,1,0,0,1,22303,21565,666,72,NUSA TENGGARA BARAT
2021-12-03,2,0,2,0,22305,21567,666,72,NUSA TENGGARA BARAT
2021-12-04,0,0,1,-1,22305,21568,666,71,NUSA TENGGARA BARAT
2021-12-05,1,0,0,1,22306,21568,666,72,NUSA TENGGARA BARAT
2021-12-06,0,0,10,-10,22306,21578,666,62,NUSA TENGGARA BARAT
2021-12-07,1,0,0,1,22307,21578,666,63,NUSA TENGGARA BARAT
2021-12-08,2,0,2,0,22309,21580,666,63,NUSA TENGGARA BARAT
2021-12-09,1,0,1,0,22310,21581,666,63,NUSA TENGGARA BARAT
2021-12-10,1,0,2,-1,22311,21583,666,62,NUSA TENGGARA BARAT
2021-12-11,0,0,0,0,22311,21583,666,62,NUSA TENGGARA BARAT
2021-12-12,0,0,0,0,22311,21583,666,62,NUSA TENGGARA BARAT
2021-12-13,0,0,3,-3,22311,21586,666,59,NUSA TENGGARA BARAT
2021-12-14,1,0,0,1,22312,21586,666,60,NUSA TENGGARA BARAT
2021-12-15,2,0,0,2,22314,21586,666,62,NUSA TENGGARA BARAT
2021-12-16,3,0,0,3,22317,21586,666,65,NUSA TENGGARA BARAT
2021-12-17,0,0,1,-1,22317,21587,666,64,NUSA TENGGARA BARAT
2021-12-18,0,0,0,0,22317,21587,666,64,NUSA TENGGARA BARAT
2021-12-19,1,0,0,1,22318,21587,666,65,NUSA TENGGARA BARAT
2021-12-20,0,0,1,-1,22318,21588,666,64,NUSA TENGGARA BARAT
2021-12-21,0,1,1,-2,22318,21589,667,62,NUSA TENGGARA BARAT
2021-12-22,1,0,4,-3,22319,21593,667,59,NUSA TENGGARA BARAT
2021-12-23,1,0,4,-3,22320,21597,667,56,NUSA TENGGARA BARAT
2021-12-24,3,0,0,3,22323,21597,667,59,NUSA TENGGARA BARAT
2021-12-25,0,0,0,0,22323,21597,667,59,NUSA TENGGARA BARAT
2021-12-26,0,1,4,-5,22323,21601,668,54,NUSA TENGGARA BARAT
2021-12-27,1,0,1,0,22324,21602,668,54,NUSA TENGGARA BARAT
2021-12-28,3,0,0,3,22327,21602,668,57,NUSA TENGGARA BARAT
2021-12-29,1,0,0,1,22328,21602,668,58,NUSA TENGGARA BARAT
2021-12-30,1,1,1,-1,22329,21603,669,57,NUSA TENGGARA BARAT
2021-12-31,0,0,2,-2,22329,21605,669,55,NUSA TENGGARA BARAT
2022-01-01,1,0,1,0,22330,21606,669,55,NUSA TENGGARA BARAT
2022-01-02,1,0,0,1,22331,21606,669,56,NUSA TENGGARA BARAT
2022-01-03,0,0,1,-1,22331,21607,669,55,NUSA TENGGARA BARAT
2022-01-04,0,0,0,0,22331,21607,669,55,NUSA TENGGARA BARAT
2022-01-05,0,0,2,-2,22331,21609,669,53,NUSA TENGGARA BARAT
2022-01-06,1,0,0,1,22332,21609,669,54,NUSA TENGGARA BARAT
2022-01-07,1,0,0,1,22333,21609,669,55,NUSA TENGGARA BARAT
2022-01-08,0,0,1,-1,22333,21610,669,54,NUSA TENGGARA BARAT
2022-01-09,0,0,1,-1,22333,21611,669,53,NUSA TENGGARA BARAT
2022-01-10,0,0,3,-3,22333,21614,669,50,NUSA TENGGARA BARAT
2022-01-11,0,0,0,0,22333,21614,669,50,NUSA TENGGARA BARAT
2022-01-12,3,0,0,3,22336,21614,669,53,NUSA TENGGARA BARAT
2022-01-13,0,0,0,0,22336,21614,669,53,NUSA TENGGARA BARAT
2022-01-14,3,0,0,3,22339,21614,669,56,NUSA TENGGARA BARAT
2022-01-15,1,0,0,1,22340,21614,669,57,NUSA TENGGARA BARAT
2022-01-16,2,0,0,2,22342,21614,669,59,NUSA TENGGARA BARAT
2022-01-17,7,1,0,6,22349,21614,670,65,NUSA TENGGARA BARAT
2022-01-18,4,0,1,3,22353,21615,670,68,NUSA TENGGARA BARAT
2022-01-19,0,0,0,0,22353,21615,670,68,NUSA TENGGARA BARAT
2022-01-20,3,0,0,3,22356,21615,670,71,NUSA TENGGARA BARAT
2022-01-21,0,0,2,-2,22356,21617,670,69,NUSA TENGGARA BARAT
2022-01-22,1,0,0,1,22357,21617,670,70,NUSA TENGGARA BARAT
2022-01-23,1,0,0,1,22358,21617,670,71,NUSA TENGGARA BARAT
2022-01-24,3,0,2,1,22361,21619,670,72,NUSA TENGGARA BARAT
2022-01-25,1,0,1,0,22362,21620,670,72,NUSA TENGGARA BARAT
2022-01-26,4,0,2,2,22366,21622,670,74,NUSA TENGGARA BARAT
2022-01-27,5,0,2,3,22371,21624,670,77,NUSA TENGGARA BARAT
2022-01-28,1,0,3,-2,22372,21627,670,75,NUSA TENGGARA BARAT
2022-01-29,7,0,1,6,22379,21628,670,81,NUSA TENGGARA BARAT
2022-01-30,15,1,2,12,22394,21630,671,93,NUSA TENGGARA BARAT
2022-01-31,8,2,5,1,22402,21635,673,94,NUSA TENGGARA BARAT
2022-02-01,29,0,2,27,22431,21637,673,121,NUSA TENGGARA BARAT
2022-02-02,29,0,5,24,22460,21642,673,145,NUSA TENGGARA BARAT
2022-02-03,50,0,6,44,22510,21648,673,189,NUSA TENGGARA BARAT
2022-02-04,69,0,6,63,22579,21654,673,252,NUSA TENGGARA BARAT
2022-02-05,99,0,5,94,22678,21659,673,346,NUSA TENGGARA BARAT
2022-02-06,156,0,1,155,22834,21660,673,501,NUSA TENGGARA BARAT
2022-02-07,147,0,5,142,22981,21665,673,643,NUSA TENGGARA BARAT
2022-02-08,303,1,15,287,23284,21680,674,930,NUSA TENGGARA BARAT
2022-02-09,440,0,10,430,23724,21690,674,1360,NUSA TENGGARA BARAT
2022-02-10,348,1,20,327,24072,21710,675,1687,NUSA TENGGARA BARAT
2022-02-11,329,1,22,306,24401,21732,676,1993,NUSA TENGGARA BARAT
2022-02-12,378,1,26,351,24779,21758,677,2344,NUSA TENGGARA BARAT
2022-02-13,370,0,44,326,25149,21802,677,2670,NUSA TENGGARA BARAT
2022-02-14,214,0,60,154,25363,21862,677,2824,NUSA TENGGARA BARAT
2022-02-15,418,0,103,315,25781,21965,677,3139,NUSA TENGGARA BARAT
2022-02-16,401,2,142,257,26182,22107,679,3396,NUSA TENGGARA BARAT
2022-02-17,328,4,271,53,26510,22378,683,3449,NUSA TENGGARA BARAT
2022-02-18,224,4,286,-66,26734,22664,687,3383,NUSA TENGGARA BARAT
2022-02-19,261,0,258,3,26995,22922,687,3386,NUSA TENGGARA BARAT
2022-02-20,220,0,220,0,27215,23142,687,3386,NUSA TENGGARA BARAT
2022-02-21,102,3,315,-216,27317,23457,690,3170,NUSA TENGGARA BARAT
2022-02-22,217,2,431,-216,27534,23888,692,2954,NUSA TENGGARA BARAT
2022-02-23,183,4,261,-82,27717,24149,696,2872,NUSA TENGGARA BARAT
2022-02-24,120,3,235,-118,27837,24384,699,2754,NUSA TENGGARA BARAT
2022-02-25,161,2,190,-31,27998,24574,701,2723,NUSA TENGGARA BARAT
2022-02-26,136,2,203,-69,28134,24777,703,2654,NUSA TENGGARA BARAT
2022-02-27,65,0,255,-190,28199,25032,703,2464,NUSA TENGGARA BARAT
2022-02-28,34,0,213,-179,28233,25245,703,2285,NUSA TENGGARA BARAT
2022-03-01,46,4,432,-390,28279,25677,707,1895,NUSA TENGGARA BARAT
2022-03-02,77,3,273,-199,28356,25950,710,1696,NUSA TENGGARA BARAT
2022-03-03,93,2,203,-112,28449,26153,712,1584,NUSA TENGGARA BARAT
2022-03-04,54,2,61,-9,28503,26214,714,1575,NUSA TENGGARA BARAT
2022-03-05,41,0,201,-160,28544,26415,714,1415,NUSA TENGGARA BARAT
2022-03-06,65,2,95,-32,28609,26510,716,1383,NUSA TENGGARA BARAT
2022-03-07,49,0,181,-132,28658,26691,716,1251,NUSA TENGGARA BARAT
2022-03-08,39,1,155,-117,28697,26846,717,1134,NUSA TENGGARA BARAT
2022-03-09,32,0,136,-104,28729,26982,717,1030,NUSA TENGGARA BARAT
2022-03-10,17,0,128,-111,28746,27110,717,919,NUSA TENGGARA BARAT
2022-03-11,15,0,156,-141,28761,27266,717,778,NUSA TENGGARA BARAT
2022-03-12,14,0,29,-15,28775,27295,717,763,NUSA TENGGARA BARAT
2022-03-13,11,0,120,-109,28786,27415,717,654,NUSA TENGGARA BARAT
2022-03-14,9,1,198,-190,28795,27613,718,464,NUSA TENGGARA BARAT
2022-03-15,5,4,19,-18,28800,27632,722,446,NUSA TENGGARA BARAT
2022-03-16,4,1,34,-31,28804,27666,723,415,NUSA TENGGARA BARAT
2022-03-17,6,0,52,-46,28810,27718,723,369,NUSA TENGGARA BARAT
2022-03-18,5,1,83,-79,28815,27801,724,290,NUSA TENGGARA BARAT
2022-03-19,1,0,7,-6,28816,27808,724,284,NUSA TENGGARA BARAT
2022-03-20,5,0,44,-39,28821,27852,724,245,NUSA TENGGARA BARAT
2022-03-21,1,0,18,-17,28822,27870,724,228,NUSA TENGGARA BARAT
2022-03-22,7,0,6,1,28829,27876,724,229,NUSA TENGGARA BARAT
2022-03-23,4,2,16,-14,28833,27892,726,215,NUSA TENGGARA BARAT
2022-03-24,2,0,4,-2,28835,27896,726,213,NUSA TENGGARA BARAT
2022-03-25,1,2,0,-1,28836,27896,728,212,NUSA TENGGARA BARAT
2022-03-26,4,0,14,-10,28840,27910,728,202,NUSA TENGGARA BARAT
2022-03-27,9,1,25,-17,28849,27935,729,185,NUSA TENGGARA BARAT
2022-03-28,4,0,3,1,28853,27938,729,186,NUSA TENGGARA BARAT
2022-03-29,4,0,2,2,28857,27940,729,188,NUSA TENGGARA BARAT
2022-03-30,2,0,11,-9,28859,27951,729,179,NUSA TENGGARA BARAT
2022-03-31,4,1,7,-4,28863,27958,730,175,NUSA TENGGARA BARAT
2022-04-01,1,0,1,0,28864,27959,730,175,NUSA TENGGARA BARAT
2022-04-02,3,0,2,1,28867,27961,730,176,NUSA TENGGARA BARAT
2022-04-03,1,0,1,0,28868,27962,730,176,NUSA TENGGARA BARAT
2022-04-04,2,1,11,-10,28870,27973,731,166,NUSA TENGGARA BARAT
2022-04-05,4,0,4,0,28874,27977,731,166,NUSA TENGGARA BARAT
2022-04-06,2,0,2,0,28876,27979,731,166,NUSA TENGGARA BARAT
2022-04-07,6,0,1,5,28882,27980,731,171,NUSA TENGGARA BARAT
2022-04-08,2,0,5,-3,28884,27985,731,168,NUSA TENGGARA BARAT
2022-04-09,3,0,1,2,28887,27986,731,170,NUSA TENGGARA BARAT
2022-04-10,0,0,0,0,28887,27986,731,170,NUSA TENGGARA BARAT
2022-04-11,0,0,4,-4,28887,27990,731,166,NUSA TENGGARA BARAT
2022-04-12,3,0,12,-9,28890,28002,731,157,NUSA TENGGARA BARAT
2022-04-13,3,0,6,-3,28893,28008,731,154,NUSA TENGGARA BARAT
2022-04-14,1,0,0,1,28894,28008,731,155,NUSA TENGGARA BARAT
2022-04-15,0,0,0,0,28894,28008,731,155,NUSA TENGGARA BARAT
2022-04-16,0,0,4,-4,28894,28012,731,151,NUSA TENGGARA BARAT
2022-04-17,3,0,0,3,28897,28012,731,154,NUSA TENGGARA BARAT
2022-04-18,0,0,7,-7,28897,28019,731,147,NUSA TENGGARA BARAT
2022-04-19,2,0,2,0,28899,28021,731,147,NUSA TENGGARA BARAT
2022-04-20,0,0,0,0,28899,28021,731,147,NUSA TENGGARA BARAT
2022-04-21,4,0,4,0,28903,28025,731,147,NUSA TENGGARA BARAT
2022-04-22,5,0,0,5,28908,28025,731,152,NUSA TENGGARA BARAT
2022-04-23,0,0,3,-3,28908,28028,731,149,NUSA TENGGARA BARAT
2022-04-24,0,0,0,0,28908,28028,731,149,NUSA TENGGARA BARAT
2022-04-25,0,1,1,-2,28908,28029,732,147,NUSA TENGGARA BARAT
2022-04-26,1,0,8,-7,28909,28037,732,140,NUSA TENGGARA BARAT
2022-04-27,0,1,1,-2,28909,28038,733,138,NUSA TENGGARA BARAT
2022-04-28,2,0,0,2,28911,28038,733,140,NUSA TENGGARA BARAT
2022-04-29,1,0,0,1,28912,28038,733,141,NUSA TENGGARA BARAT
2022-04-30,0,0,0,0,28912,28038,733,141,NUSA TENGGARA BARAT
2022-05-01,0,0,0,0,28912,28038,733,141,NUSA TENGGARA BARAT
2022-05-02,0,0,0,0,28912,28038,733,141,NUSA TENGGARA BARAT
2022-05-03,0,0,4,-4,28912,28042,733,137,NUSA TENGGARA BARAT
2022-05-04,0,0,0,0,28912,28042,733,137,NUSA TENGGARA BARAT
2022-05-05,1,0,1,0,28913,28043,733,137,NUSA TENGGARA BARAT
2022-05-06,1,0,2,-1,28914,28045,733,136,NUSA TENGGARA BARAT
2022-05-07,0,0,0,0,28914,28045,733,136,NUSA TENGGARA BARAT
2022-05-08,1,0,2,-1,28915,28047,733,135,NUSA TENGGARA BARAT
2022-05-09,0,0,3,-3,28915,28050,733,132,NUSA TENGGARA BARAT
2022-05-10,0,1,0,-1,28915,28050,734,131,NUSA TENGGARA BARAT
2022-05-11,2,0,0,2,28917,28050,734,133,NUSA TENGGARA BARAT
2022-05-12,0,0,2,-2,28917,28052,734,131,NUSA TENGGARA BARAT
2022-05-13,0,0,0,0,28917,28052,734,131,NUSA TENGGARA BARAT
2022-05-14,0,0,0,0,28917,28052,734,131,NUSA TENGGARA BARAT
2022-05-15,1,0,0,1,28918,28052,734,132,NUSA TENGGARA BARAT
2022-05-16,1,0,0,1,28919,28052,734,133,NUSA TENGGARA BARAT
2022-05-17,0,0,2,-2,28919,28054,734,131,NUSA TENGGARA BARAT
2022-05-18,1,0,1,0,28920,28055,734,131,NUSA TENGGARA BARAT
2022-05-19,1,0,1,0,28921,28056,734,131,NUSA TENGGARA BARAT
2022-05-20,0,0,0,0,28921,28056,734,131,NUSA TENGGARA BARAT
2022-05-21,0,0,0,0,28921,28056,734,131,NUSA TENGGARA BARAT
2022-05-22,2,0,0,2,28923,28056,734,133,NUSA TENGGARA BARAT
2022-05-23,0,0,0,0,28923,28056,734,133,NUSA TENGGARA BARAT
2022-05-24,1,0,0,1,28924,28056,734,134,NUSA TENGGARA BARAT
2022-05-25,0,0,0,0,28924,28056,734,134,NUSA TENGGARA BARAT
2022-05-26,0,0,0,0,28924,28056,734,134,NUSA TENGGARA BARAT
2022-05-27,0,0,0,0,28924,28056,734,134,NUSA TENGGARA BARAT
2022-05-28,1,0,0,1,28925,28056,734,135,NUSA TENGGARA BARAT
2022-05-29,0,0,0,0,28925,28056,734,135,NUSA TENGGARA BARAT
2022-05-30,0,0,4,-4,28925,28060,734,131,NUSA TENGGARA BARAT
2022-05-31,0,0,0,0,28925,28060,734,131,NUSA TENGGARA BARAT
2022-06-01,0,0,0,0,28925,28060,734,131,NUSA TENGGARA BARAT
2022-06-02,0,0,1,-1,28925,28061,734,130,NUSA TENGGARA BARAT
2022-06-03,6,0,0,6,28931,28061,734,136,NUSA TENGGARA BARAT
2022-06-04,0,0,1,-1,28931,28062,734,135,NUSA TENGGARA BARAT
2022-06-05,0,0,0,0,28931,28062,734,135,NUSA TENGGARA BARAT
2022-06-06,0,0,0,0,28931,28062,734,135,NUSA TENGGARA BARAT
2022-06-07,0,0,6,-6,28931,28068,734,129,NUSA TENGGARA BARAT
2022-06-08,0,0,0,0,28931,28068,734,129,NUSA TENGGARA BARAT
2022-06-09,0,0,0,0,28931,28068,734,129,NUSA TENGGARA BARAT
2022-06-10,1,0,0,1,28932,28068,734,130,NUSA TENGGARA BARAT
2022-06-11,0,0,33,-33,28932,28101,734,97,NUSA TENGGARA BARAT
2022-06-12,0,0,96,-96,28932,28197,734,1,NUSA TENGGARA BARAT
2022-06-13,3,0,0,3,28935,28197,734,4,NUSA TENGGARA BARAT
2022-06-14,2,0,0,2,28937,28197,734,6,NUSA TENGGARA BARAT
2022-06-15,0,0,0,0,28937,28197,734,6,NUSA TENGGARA BARAT
2022-06-16,1,0,0,1,28938,28197,734,7,NUSA TENGGARA BARAT
2022-06-17,0,0,0,0,28938,28197,734,7,NUSA TENGGARA BARAT
2022-06-18,7,0,0,7,28945,28197,734,14,NUSA TENGGARA BARAT
2022-06-19,1,0,0,1,28946,28197,734,15,NUSA TENGGARA BARAT
2022-06-20,0,0,1,-1,28946,28198,734,14,NUSA TENGGARA BARAT
2022-06-21,2,0,0,2,28948,28198,734,16,NUSA TENGGARA BARAT
2022-06-22,0,0,0,0,28948,28198,734,16,NUSA TENGGARA BARAT
2022-06-23,2,0,5,-3,28950,28203,734,13,NUSA TENGGARA BARAT
2022-06-24,3,0,1,2,28953,28204,734,15,NUSA TENGGARA BARAT
2022-06-25,0,0,4,-4,28953,28208,734,11,NUSA TENGGARA BARAT
2022-06-26,1,0,0,1,28954,28208,734,12,NUSA TENGGARA BARAT
2022-06-27,0,0,1,-1,28954,28209,734,11,NUSA TENGGARA BARAT
2022-06-28,1,0,1,0,28955,28210,734,11,NUSA TENGGARA BARAT
2022-06-29,4,0,0,4,28959,28210,734,15,NUSA TENGGARA BARAT
2022-06-30,1,0,1,0,28960,28211,734,15,NUSA TENGGARA BARAT
2022-07-01,0,0,0,0,28960,28211,734,15,NUSA TENGGARA BARAT
2022-07-02,1,0,0,1,28961,28211,734,16,NUSA TENGGARA BARAT
2022-07-03,0,0,1,-1,28961,28212,734,15,NUSA TENGGARA BARAT
2022-07-04,1,0,0,1,28962,28212,734,16,NUSA TENGGARA BARAT
2022-07-05,0,0,2,-2,28962,28214,734,14,NUSA TENGGARA BARAT
2022-07-06,0,0,0,0,28962,28214,734,14,NUSA TENGGARA BARAT
2022-07-07,0,0,0,0,28962,28214,734,14,NUSA TENGGARA BARAT
2022-07-08,1,0,8,-7,28963,28222,734,7,NUSA TENGGARA BARAT
2022-07-09,1,0,0,1,28964,28222,734,8,NUSA TENGGARA BARAT
2022-07-10,3,0,0,3,28967,28222,734,11,NUSA TENGGARA BARAT
2022-07-11,0,0,0,0,28967,28222,734,11,NUSA TENGGARA BARAT
2022-07-12,0,0,1,-1,28967,28223,734,10,NUSA TENGGARA BARAT
2022-07-13,2,0,0,2,28969,28223,734,12,NUSA TENGGARA BARAT
2022-07-14,1,0,0,1,28970,28223,734,13,NUSA TENGGARA BARAT
2022-07-15,0,0,0,0,28970,28223,734,13,NUSA TENGGARA BARAT
2022-07-16,3,0,0,3,28973,28223,734,16,NUSA TENGGARA BARAT
2022-07-17,1,0,1,0,28974,28224,734,16,NUSA TENGGARA BARAT
2022-07-18,0,0,7,-7,28974,28231,734,9,NUSA TENGGARA BARAT
2022-07-19,3,0,0,3,28977,28231,734,12,NUSA TENGGARA BARAT
2022-07-20,0,0,0,0,28977,28231,734,12,NUSA TENGGARA BARAT
2022-07-21,2,0,0,2,28979,28231,734,14,NUSA TENGGARA BARAT
2022-07-22,3,0,1,2,28982,28232,734,16,NUSA TENGGARA BARAT
2022-07-23,0,0,0,0,28982,28232,734,16,NUSA TENGGARA BARAT
2022-07-24,0,0,0,0,28982,28232,734,16,NUSA TENGGARA BARAT
2022-07-25,0,0,1,-1,28982,28233,734,15,NUSA TENGGARA BARAT
2022-07-26,1,0,2,-1,28983,28235,734,14,NUSA TENGGARA BARAT
2022-07-27,3,0,4,-1,28986,28239,734,13,NUSA TENGGARA BARAT
2022-07-28,1,0,3,-2,28987,28242,734,11,NUSA TENGGARA BARAT
2022-07-29,3,0,0,3,28990,28242,734,14,NUSA TENGGARA BARAT
2022-07-30,3,0,0,3,28993,28242,734,17,NUSA TENGGARA BARAT
2022-07-31,2,0,2,0,28995,28244,734,17,NUSA TENGGARA BARAT
2022-08-01,0,0,0,0,28995,28244,734,17,NUSA TENGGARA BARAT
2022-08-02,0,0,4,-4,28995,28248,734,13,NUSA TENGGARA BARAT
2022-08-03,5,0,1,4,29000,28249,734,17,NUSA TENGGARA BARAT
2022-08-04,4,0,0,4,29004,28249,734,21,NUSA TENGGARA BARAT
2022-08-05,1,0,0,1,29005,28249,734,22,NUSA TENGGARA BARAT
2022-08-06,1,0,0,1,29006,28249,734,23,NUSA TENGGARA BARAT
2022-08-07,1,0,0,1,29007,28249,734,24,NUSA TENGGARA BARAT
2022-08-08,1,0,2,-1,29008,28251,734,23,NUSA TENGGARA BARAT
2022-08-09,4,0,0,4,29012,28251,734,27,NUSA TENGGARA BARAT
2022-08-10,0,0,8,-8,29012,28259,734,19,NUSA TENGGARA BARAT
2022-08-11,2,0,0,2,29014,28259,734,21,NUSA TENGGARA BARAT
2022-08-12,2,0,1,1,29016,28260,734,22,NUSA TENGGARA BARAT
2022-08-13,3,0,0,3,29019,28260,734,25,NUSA TENGGARA BARAT
2022-08-14,1,0,0,1,29020,28260,734,26,NUSA TENGGARA BARAT
2022-08-15,1,0,5,-4,29021,28265,734,22,NUSA TENGGARA BARAT
2022-08-16,7,0,2,5,29028,28267,734,27,NUSA TENGGARA BARAT
2022-08-17,3,0,0,3,29031,28267,734,30,NUSA TENGGARA BARAT
2022-08-18,2,0,0,2,29033,28267,734,32,NUSA TENGGARA BARAT
2022-08-19,4,0,7,-3,29037,28274,734,29,NUSA TENGGARA BARAT
2022-08-20,1,0,4,-3,29038,28278,734,26,NUSA TENGGARA BARAT
2022-08-21,1,0,0,1,29039,28278,734,27,NUSA TENGGARA BARAT
2022-08-22,1,0,0,1,29040,28278,734,28,NUSA TENGGARA BARAT
2022-08-23,1,0,1,0,29041,28279,734,28,NUSA TENGGARA BARAT
2022-08-24,3,0,0,3,29044,28279,734,31,NUSA TENGGARA BARAT
2022-08-25,1,0,1,0,29045,28280,734,31,NUSA TENGGARA BARAT
2022-08-26,2,0,0,2,29047,28280,734,33,NUSA TENGGARA BARAT
2022-08-27,0,0,0,0,29047,28280,734,33,NUSA TENGGARA BARAT
2022-08-28,2,0,0,2,29049,28280,734,35,NUSA TENGGARA BARAT
2022-08-29,0,0,16,-16,29049,28296,734,19,NUSA TENGGARA BARAT
2022-08-30,0,0,0,0,29049,28296,734,19,NUSA TENGGARA BARAT
2022-08-31,2,0,4,-2,29051,28300,734,17,NUSA TENGGARA BARAT
2022-09-01,2,1,7,-6,29053,28307,735,11,NUSA TENGGARA BARAT
2022-09-02,0,0,0,0,29053,28307,735,11,NUSA TENGGARA BARAT
2022-09-03,3,0,0,3,29056,28307,735,14,NUSA TENGGARA BARAT
2022-09-04,1,0,0,1,29057,28307,735,15,NUSA TENGGARA BARAT
2022-09-05,1,0,5,-4,29058,28312,735,11,NUSA TENGGARA BARAT
2022-09-06,1,0,0,1,29059,28312,735,12,NUSA TENGGARA BARAT
2022-09-07,0,0,2,-2,29059,28314,735,10,NUSA TENGGARA BARAT
2022-09-08,1,0,0,1,29060,28314,735,11,NUSA TENGGARA BARAT
2022-09-09,0,0,1,-1,29060,28315,735,10,NUSA TENGGARA BARAT
2022-09-10,1,0,0,1,29061,28315,735,11,NUSA TENGGARA BARAT
2022-09-11,1,0,0,1,29062,28315,735,12,NUSA TENGGARA BARAT
2022-09-12,1,0,2,-1,29063,28317,735,11,NUSA TENGGARA BARAT
2022-09-13,1,0,1,0,29064,28318,735,11,NUSA TENGGARA BARAT
2022-09-14,1,0,4,-3,29065,28322,735,8,NUSA TENGGARA BARAT
2022-09-15,2,0,1,1,29067,28323,735,9,NUSA TENGGARA BARAT
2022-09-16,3,0,0,3,29070,28323,735,12,NUSA TENGGARA BARAT
2022-09-17,1,0,0,1,29071,28323,735,13,NUSA TENGGARA BARAT
2022-09-18,2,0,0,2,29073,28323,735,15,NUSA TENGGARA BARAT
2022-09-19,0,0,4,-4,29073,28327,735,11,NUSA TENGGARA BARAT
2022-09-20,1,0,0,1,29074,28327,735,12,NUSA TENGGARA BARAT
2022-09-21,2,0,0,2,29076,28327,735,14,NUSA TENGGARA BARAT
2022-09-22,0,0,1,-1,29076,28328,735,13,NUSA TENGGARA BARAT
2022-09-23,1,0,3,-2,29077,28331,735,11,NUSA TENGGARA BARAT
2022-09-24,0,0,0,0,29077,28331,735,11,NUSA TENGGARA BARAT
2022-09-25,2,0,0,2,29079,28331,735,13,NUSA TENGGARA BARAT
2022-09-26,2,0,0,2,29081,28331,735,15,NUSA TENGGARA BARAT
2022-09-27,0,0,0,0,29081,28331,735,15,NUSA TENGGARA BARAT
2022-09-28,1,0,0,1,29082,28331,735,16,NUSA TENGGARA BARAT
2022-09-29,2,0,0,2,29084,28331,735,18,NUSA TENGGARA BARAT
2022-09-30,3,0,0,3,29087,28331,735,21,NUSA TENGGARA BARAT
2020-04-09,1,0,0,1,1,0,0,1,NUSA TENGGARA TIMUR
2020-04-10,0,0,0,0,1,0,0,1,NUSA TENGGARA TIMUR
2020-04-11,0,0,0,0,1,0,0,1,NUSA TENGGARA TIMUR
2020-04-12,0,0,0,0,1,0,0,1,NUSA TENGGARA TIMUR
2020-04-13,0,0,0,0,1,0,0,1,NUSA TENGGARA TIMUR
2020-04-14,0,0,0,0,1,0,0,1,NUSA TENGGARA TIMUR
2020-04-15,0,0,0,0,1,0,0,1,NUSA TENGGARA TIMUR
2020-04-16,0,0,0,0,1,0,0,1,NUSA TENGGARA TIMUR
2020-04-17,0,0,0,0,1,0,0,1,NUSA TENGGARA TIMUR
2020-04-18,0,0,0,0,1,0,0,1,NUSA TENGGARA TIMUR
2020-04-19,0,0,0,0,1,0,0,1,NUSA TENGGARA TIMUR
2020-04-20,0,0,0,0,1,0,0,1,NUSA TENGGARA TIMUR
2020-04-21,0,0,0,0,1,0,0,1,NUSA TENGGARA TIMUR
2020-04-22,0,0,0,0,1,0,0,1,NUSA TENGGARA TIMUR
2020-04-23,0,0,0,0,1,0,0,1,NUSA TENGGARA TIMUR
2020-04-24,0,0,1,-1,1,1,0,0,NUSA TENGGARA TIMUR
2020-04-25,0,0,0,0,1,1,0,0,NUSA TENGGARA TIMUR
2020-04-26,0,0,0,0,1,1,0,0,NUSA TENGGARA TIMUR
2020-04-27,0,0,0,0,1,1,0,0,NUSA TENGGARA TIMUR
2020-04-28,0,0,0,0,1,1,0,0,NUSA TENGGARA TIMUR
2020-04-29,0,0,0,0,1,1,0,0,NUSA TENGGARA TIMUR
2020-04-30,1,0,0,1,2,1,0,1,NUSA TENGGARA TIMUR
2020-05-01,0,0,0,0,2,1,0,1,NUSA TENGGARA TIMUR
2020-05-02,0,0,0,0,2,1,0,1,NUSA TENGGARA TIMUR
2020-05-03,6,0,0,6,8,1,0,7,NUSA TENGGARA TIMUR
2020-05-04,0,0,0,0,8,1,0,7,NUSA TENGGARA TIMUR
2020-05-05,3,0,0,3,11,1,0,10,NUSA TENGGARA TIMUR
2020-05-06,0,0,0,0,11,1,0,10,NUSA TENGGARA TIMUR
2020-05-07,0,0,0,0,11,1,0,10,NUSA TENGGARA TIMUR
2020-05-08,0,0,0,0,11,1,0,10,NUSA TENGGARA TIMUR
2020-05-09,0,0,0,0,11,1,0,10,NUSA TENGGARA TIMUR
2020-05-10,1,0,0,1,12,1,0,11,NUSA TENGGARA TIMUR
2020-05-11,0,0,0,0,12,1,0,11,NUSA TENGGARA TIMUR
2020-05-12,1,0,0,1,13,1,0,12,NUSA TENGGARA TIMUR
2020-05-13,5,0,0,5,18,1,0,17,NUSA TENGGARA TIMUR
2020-05-14,2,1,0,1,20,1,1,18,NUSA TENGGARA TIMUR
2020-05-15,0,0,0,0,20,1,1,18,NUSA TENGGARA TIMUR
2020-05-16,17,0,1,16,37,2,1,34,NUSA TENGGARA TIMUR
2020-05-17,12,0,4,8,49,6,1,42,NUSA TENGGARA TIMUR
2020-05-18,10,0,0,10,59,6,1,52,NUSA TENGGARA TIMUR
2020-05-19,3,0,0,3,62,6,1,55,NUSA TENGGARA TIMUR
2020-05-20,1,0,0,1,63,6,1,56,NUSA TENGGARA TIMUR
2020-05-21,2,0,0,2,65,6,1,58,NUSA TENGGARA TIMUR
2020-05-22,0,0,0,0,65,6,1,58,NUSA TENGGARA TIMUR
2020-05-23,0,0,0,0,65,6,1,58,NUSA TENGGARA TIMUR
2020-05-24,0,0,0,0,65,6,1,58,NUSA TENGGARA TIMUR
2020-05-25,1,0,0,1,66,6,1,59,NUSA TENGGARA TIMUR
2020-05-26,2,0,1,1,68,7,1,60,NUSA TENGGARA TIMUR
2020-05-27,0,0,1,-1,68,8,1,59,NUSA TENGGARA TIMUR
2020-05-28,0,0,0,0,68,8,1,59,NUSA TENGGARA TIMUR
2020-05-29,1,0,3,-2,69,11,1,57,NUSA TENGGARA TIMUR
2020-05-30,1,0,0,1,70,11,1,58,NUSA TENGGARA TIMUR
2020-05-31,1,0,2,-1,71,13,1,57,NUSA TENGGARA TIMUR
2020-06-01,4,0,0,4,75,13,1,61,NUSA TENGGARA TIMUR
2020-06-02,0,0,0,0,75,13,1,61,NUSA TENGGARA TIMUR
2020-06-03,1,0,0,1,76,13,1,62,NUSA TENGGARA TIMUR
2020-06-04,0,0,0,0,76,13,1,62,NUSA TENGGARA TIMUR
2020-06-05,0,0,0,0,76,13,1,62,NUSA TENGGARA TIMUR
2020-06-06,0,0,0,0,76,13,1,62,NUSA TENGGARA TIMUR
2020-06-07,0,0,0,0,76,13,1,62,NUSA TENGGARA TIMUR
2020-06-08,3,0,11,-8,79,24,1,54,NUSA TENGGARA TIMUR
2020-06-09,0,0,0,0,79,24,1,54,NUSA TENGGARA TIMUR
2020-06-10,2,0,5,-3,81,29,1,51,NUSA TENGGARA TIMUR
2020-06-11,0,0,0,0,81,29,1,51,NUSA TENGGARA TIMUR
2020-06-12,1,0,4,-3,82,33,1,48,NUSA TENGGARA TIMUR
2020-06-13,0,0,0,0,82,33,1,48,NUSA TENGGARA TIMUR
2020-06-14,2,0,0,2,84,33,1,50,NUSA TENGGARA TIMUR
2020-06-15,0,0,0,0,84,33,1,50,NUSA TENGGARA TIMUR
2020-06-16,0,0,0,0,84,33,1,50,NUSA TENGGARA TIMUR
2020-06-17,0,0,2,-2,84,35,1,48,NUSA TENGGARA TIMUR
2020-06-18,0,0,0,0,84,35,1,48,NUSA TENGGARA TIMUR
2020-06-19,0,0,0,0,84,35,1,48,NUSA TENGGARA TIMUR
2020-06-20,0,0,0,0,84,35,1,48,NUSA TENGGARA TIMUR
2020-06-21,2,0,0,2,86,35,1,50,NUSA TENGGARA TIMUR
2020-06-22,0,0,1,-1,86,36,1,49,NUSA TENGGARA TIMUR
2020-06-23,1,0,1,0,87,37,1,49,NUSA TENGGARA TIMUR
2020-06-24,0,0,0,0,87,37,1,49,NUSA TENGGARA TIMUR
2020-06-25,0,0,1,-1,87,38,1,48,NUSA TENGGARA TIMUR
2020-06-26,0,0,0,0,87,38,1,48,NUSA TENGGARA TIMUR
2020-06-27,0,0,0,0,87,38,1,48,NUSA TENGGARA TIMUR
2020-06-28,0,0,0,0,87,38,1,48,NUSA TENGGARA TIMUR
2020-06-29,0,0,0,0,87,38,1,48,NUSA TENGGARA TIMUR
2020-06-30,0,0,0,0,87,38,1,48,NUSA TENGGARA TIMUR
2020-07-01,0,0,0,0,87,38,1,48,NUSA TENGGARA TIMUR
2020-07-02,4,0,9,-5,91,47,1,43,NUSA TENGGARA TIMUR
2020-07-03,0,0,0,0,91,47,1,43,NUSA TENGGARA TIMUR
2020-07-04,0,0,0,0,91,47,1,43,NUSA TENGGARA TIMUR
2020-07-05,0,0,0,0,91,47,1,43,NUSA TENGGARA TIMUR
2020-07-06,0,0,0,0,91,47,1,43,NUSA TENGGARA TIMUR
2020-07-07,0,0,0,0,91,47,1,43,NUSA TENGGARA TIMUR
2020-07-08,3,0,25,-22,94,72,1,21,NUSA TENGGARA TIMUR
2020-07-09,0,0,0,0,94,72,1,21,NUSA TENGGARA TIMUR
2020-07-10,0,0,0,0,94,72,1,21,NUSA TENGGARA TIMUR
2020-07-11,0,0,0,0,94,72,1,21,NUSA TENGGARA TIMUR
2020-07-12,0,0,0,0,94,72,1,21,NUSA TENGGARA TIMUR
2020-07-13,0,0,0,0,94,72,1,21,NUSA TENGGARA TIMUR
2020-07-14,0,0,0,0,94,72,1,21,NUSA TENGGARA TIMUR
2020-07-15,0,0,0,0,94,72,1,21,NUSA TENGGARA TIMUR
2020-07-16,0,0,1,-1,94,73,1,20,NUSA TENGGARA TIMUR
2020-07-17,0,0,0,0,94,73,1,20,NUSA TENGGARA TIMUR
2020-07-18,7,0,8,-1,101,81,1,19,NUSA TENGGARA TIMUR
2020-07-19,0,0,0,0,101,81,1,19,NUSA TENGGARA TIMUR
2020-07-20,2,0,2,0,103,83,1,19,NUSA TENGGARA TIMUR
2020-07-21,3,0,3,0,106,86,1,19,NUSA TENGGARA TIMUR
2020-07-22,0,0,0,0,106,86,1,19,NUSA TENGGARA TIMUR
2020-07-23,0,0,0,0,106,86,1,19,NUSA TENGGARA TIMUR
2020-07-24,0,0,0,0,106,86,1,19,NUSA TENGGARA TIMUR
2020-07-25,0,0,0,0,106,86,1,19,NUSA TENGGARA TIMUR
2020-07-26,6,0,0,6,112,86,1,25,NUSA TENGGARA TIMUR
2020-07-27,0,0,0,0,112,86,1,25,NUSA TENGGARA TIMUR
2020-07-28,0,0,0,0,112,86,1,25,NUSA TENGGARA TIMUR
2020-07-29,0,0,0,0,112,86,1,25,NUSA TENGGARA TIMUR
2020-07-30,0,0,0,0,112,86,1,25,NUSA TENGGARA TIMUR
2020-07-31,0,0,0,0,112,86,1,25,NUSA TENGGARA TIMUR
2020-08-01,0,0,0,0,112,86,1,25,NUSA TENGGARA TIMUR
2020-08-02,5,0,6,-1,117,92,1,24,NUSA TENGGARA TIMUR
2020-08-03,0,0,0,0,117,92,1,24,NUSA TENGGARA TIMUR
2020-08-04,0,0,0,0,117,92,1,24,NUSA TENGGARA TIMUR
2020-08-05,1,0,7,-6,118,99,1,18,NUSA TENGGARA TIMUR
2020-08-06,0,0,0,0,118,99,1,18,NUSA TENGGARA TIMUR
2020-08-07,0,0,1,-1,118,100,1,17,NUSA TENGGARA TIMUR
2020-08-08,0,0,0,0,118,100,1,17,NUSA TENGGARA TIMUR
2020-08-09,0,0,0,0,118,100,1,17,NUSA TENGGARA TIMUR
2020-08-10,0,0,0,0,118,100,1,17,NUSA TENGGARA TIMUR
2020-08-11,3,0,1,2,121,101,1,19,NUSA TENGGARA TIMUR
2020-08-12,6,0,5,1,127,106,1,20,NUSA TENGGARA TIMUR
2020-08-13,0,0,0,0,127,106,1,20,NUSA TENGGARA TIMUR
2020-08-14,0,0,0,0,127,106,1,20,NUSA TENGGARA TIMUR
2020-08-15,3,0,1,2,130,107,1,22,NUSA TENGGARA TIMUR
2020-08-16,0,0,0,0,130,107,1,22,NUSA TENGGARA TIMUR
2020-08-17,0,0,0,0,130,107,1,22,NUSA TENGGARA TIMUR
2020-08-18,0,0,0,0,130,107,1,22,NUSA TENGGARA TIMUR
2020-08-19,0,0,0,0,130,107,1,22,NUSA TENGGARA TIMUR
2020-08-20,0,0,0,0,130,107,1,22,NUSA TENGGARA TIMUR
2020-08-21,0,0,0,0,130,107,1,22,NUSA TENGGARA TIMUR
2020-08-22,4,1,9,-6,134,116,2,16,NUSA TENGGARA TIMUR
2020-08-23,0,0,1,-1,134,117,2,15,NUSA TENGGARA TIMUR
2020-08-24,0,0,0,0,134,117,2,15,NUSA TENGGARA TIMUR
2020-08-25,0,0,0,0,134,117,2,15,NUSA TENGGARA TIMUR
2020-08-26,1,0,0,1,135,117,2,16,NUSA TENGGARA TIMUR
2020-08-27,1,0,5,-4,136,122,2,12,NUSA TENGGARA TIMUR
2020-08-28,2,0,1,1,138,123,2,13,NUSA TENGGARA TIMUR
2020-08-29,0,0,0,0,138,123,2,13,NUSA TENGGARA TIMUR
2020-08-30,1,0,0,1,139,123,2,14,NUSA TENGGARA TIMUR
2020-08-31,0,0,0,0,139,123,2,14,NUSA TENGGARA TIMUR
2020-09-01,1,0,0,1,140,123,2,15,NUSA TENGGARA TIMUR
2020-09-02,11,0,2,9,151,125,2,24,NUSA TENGGARA TIMUR
2020-09-03,7,0,3,4,158,128,2,28,NUSA TENGGARA TIMUR
2020-09-04,1,0,0,1,159,128,2,29,NUSA TENGGARA TIMUR
2020-09-05,2,0,4,-2,161,132,2,27,NUSA TENGGARA TIMUR
2020-09-06,1,0,1,0,162,133,2,27,NUSA TENGGARA TIMUR
2020-09-07,0,1,0,-1,162,133,3,26,NUSA TENGGARA TIMUR
2020-09-08,2,0,0,2,164,133,3,28,NUSA TENGGARA TIMUR
2020-09-09,2,1,0,1,166,133,4,29,NUSA TENGGARA TIMUR
2020-09-10,0,0,0,0,166,133,4,29,NUSA TENGGARA TIMUR
2020-09-11,0,0,0,0,166,133,4,29,NUSA TENGGARA TIMUR
2020-09-12,3,1,0,2,169,133,5,31,NUSA TENGGARA TIMUR
2020-09-13,19,0,2,17,188,135,5,48,NUSA TENGGARA TIMUR
2020-09-14,0,0,0,0,188,135,5,48,NUSA TENGGARA TIMUR
2020-09-15,29,0,0,29,217,135,5,77,NUSA TENGGARA TIMUR
2020-09-16,9,0,1,8,226,136,5,85,NUSA TENGGARA TIMUR
2020-09-17,11,0,1,10,237,137,5,95,NUSA TENGGARA TIMUR
2020-09-18,7,0,4,3,244,141,5,98,NUSA TENGGARA TIMUR
2020-09-19,2,0,0,2,246,141,5,100,NUSA TENGGARA TIMUR
2020-09-20,5,0,45,-40,251,186,5,60,NUSA TENGGARA TIMUR
2020-09-21,0,0,0,0,251,186,5,60,NUSA TENGGARA TIMUR
2020-09-22,8,0,0,8,259,186,5,68,NUSA TENGGARA TIMUR
2020-09-23,12,1,3,8,271,189,6,76,NUSA TENGGARA TIMUR
2020-09-24,13,0,0,13,284,189,6,89,NUSA TENGGARA TIMUR
2020-09-25,16,0,0,16,300,189,6,105,NUSA TENGGARA TIMUR
2020-09-26,6,0,6,0,306,195,6,105,NUSA TENGGARA TIMUR
2020-09-27,7,0,0,7,313,195,6,112,NUSA TENGGARA TIMUR
2020-09-28,0,0,10,-10,313,205,6,102,NUSA TENGGARA TIMUR
2020-09-29,3,0,4,-1,316,209,6,101,NUSA TENGGARA TIMUR
2020-09-30,15,0,5,10,331,214,6,111,NUSA TENGGARA TIMUR
2020-10-01,2,0,7,-5,333,221,6,106,NUSA TENGGARA TIMUR
2020-10-02,10,0,0,10,343,221,6,116,NUSA TENGGARA TIMUR
2020-10-03,7,0,0,7,350,221,6,123,NUSA TENGGARA TIMUR
2020-10-04,14,0,16,-2,364,237,6,121,NUSA TENGGARA TIMUR
2020-10-05,1,0,11,-10,365,248,6,111,NUSA TENGGARA TIMUR
2020-10-06,1,0,10,-9,366,258,6,102,NUSA TENGGARA TIMUR
2020-10-07,16,0,1,15,382,259,6,117,NUSA TENGGARA TIMUR
2020-10-08,41,1,5,35,423,264,7,152,NUSA TENGGARA TIMUR
2020-10-09,17,0,5,12,440,269,7,164,NUSA TENGGARA TIMUR
2020-10-10,5,0,3,2,445,272,7,166,NUSA TENGGARA TIMUR
2020-10-11,6,0,0,6,451,272,7,172,NUSA TENGGARA TIMUR
2020-10-12,0,0,1,-1,451,273,7,171,NUSA TENGGARA TIMUR
2020-10-13,5,0,8,-3,456,281,7,168,NUSA TENGGARA TIMUR
2020-10-14,0,0,6,-6,456,287,7,162,NUSA TENGGARA TIMUR
2020-10-15,1,0,0,1,457,287,7,163,NUSA TENGGARA TIMUR
2020-10-16,5,0,23,-18,462,310,7,145,NUSA TENGGARA TIMUR
2020-10-17,2,0,5,-3,464,315,7,142,NUSA TENGGARA TIMUR
2020-10-18,2,0,0,2,466,315,7,144,NUSA TENGGARA TIMUR
2020-10-19,0,0,0,0,466,315,7,144,NUSA TENGGARA TIMUR
2020-10-20,4,0,4,0,470,319,7,144,NUSA TENGGARA TIMUR
2020-10-21,11,0,5,6,481,324,7,150,NUSA TENGGARA TIMUR
2020-10-22,7,0,5,2,488,329,7,152,NUSA TENGGARA TIMUR
2020-10-23,13,0,12,1,501,341,7,153,NUSA TENGGARA TIMUR
2020-10-24,13,0,8,5,514,349,7,158,NUSA TENGGARA TIMUR
2020-10-25,3,0,0,3,517,349,7,161,NUSA TENGGARA TIMUR
2020-10-26,1,0,0,1,518,349,7,162,NUSA TENGGARA TIMUR
2020-10-27,12,0,6,6,530,355,7,168,NUSA TENGGARA TIMUR
2020-10-28,1,0,13,-12,531,368,7,156,NUSA TENGGARA TIMUR
2020-10-29,7,0,1,6,538,369,7,162,NUSA TENGGARA TIMUR
2020-10-30,0,0,25,-25,538,394,7,137,NUSA TENGGARA TIMUR
2020-10-31,0,0,0,0,538,394,7,137,NUSA TENGGARA TIMUR
2020-11-01,7,0,1,6,545,395,7,143,NUSA TENGGARA TIMUR
2020-11-02,4,0,0,4,549,395,7,147,NUSA TENGGARA TIMUR
2020-11-03,17,2,14,1,566,409,9,148,NUSA TENGGARA TIMUR
2020-11-04,7,0,4,3,573,413,9,151,NUSA TENGGARA TIMUR
2020-11-05,11,2,6,3,584,419,11,154,NUSA TENGGARA TIMUR
2020-11-06,7,0,17,-10,591,436,11,144,NUSA TENGGARA TIMUR
2020-11-07,12,0,4,8,603,440,11,152,NUSA TENGGARA TIMUR
2020-11-08,9,0,13,-4,612,453,11,148,NUSA TENGGARA TIMUR
2020-11-09,0,0,6,-6,612,459,11,142,NUSA TENGGARA TIMUR
2020-11-10,6,0,4,2,618,463,11,144,NUSA TENGGARA TIMUR
2020-11-11,5,0,0,5,623,463,11,149,NUSA TENGGARA TIMUR
2020-11-12,11,0,2,9,634,465,11,158,NUSA TENGGARA TIMUR
2020-11-13,16,3,6,7,650,471,14,165,NUSA TENGGARA TIMUR
2020-11-14,7,0,10,-3,657,481,14,162,NUSA TENGGARA TIMUR
2020-11-15,0,0,1,-1,657,482,14,161,NUSA TENGGARA TIMUR
2020-11-16,6,0,11,-5,663,493,14,156,NUSA TENGGARA TIMUR
2020-11-17,22,0,4,18,685,497,14,174,NUSA TENGGARA TIMUR
2020-11-18,28,0,4,24,713,501,14,198,NUSA TENGGARA TIMUR
2020-11-19,0,0,0,0,713,501,14,198,NUSA TENGGARA TIMUR
2020-11-20,12,0,19,-7,725,520,14,191,NUSA TENGGARA TIMUR
2020-11-21,22,0,2,20,747,522,14,211,NUSA TENGGARA TIMUR
2020-11-22,11,0,4,7,758,526,14,218,NUSA TENGGARA TIMUR
2020-11-23,6,0,13,-7,764,539,14,211,NUSA TENGGARA TIMUR
2020-11-24,1,0,1,0,765,540,14,211,NUSA TENGGARA TIMUR
2020-11-25,32,0,8,24,797,548,14,235,NUSA TENGGARA TIMUR
2020-11-26,63,0,1,62,860,549,14,297,NUSA TENGGARA TIMUR
2020-11-27,28,0,0,28,888,549,14,325,NUSA TENGGARA TIMUR
2020-11-28,20,0,8,12,908,557,14,337,NUSA TENGGARA TIMUR
2020-11-29,43,0,1,42,951,558,14,379,NUSA TENGGARA TIMUR
2020-11-30,16,0,13,3,967,571,14,382,NUSA TENGGARA TIMUR
2020-12-01,27,2,1,24,994,572,16,406,NUSA TENGGARA TIMUR
2020-12-02,23,2,2,19,1017,574,18,425,NUSA TENGGARA TIMUR
2020-12-03,22,1,3,18,1039,577,19,443,NUSA TENGGARA TIMUR
2020-12-04,25,0,6,19,1064,583,19,462,NUSA TENGGARA TIMUR
2020-12-05,13,1,0,12,1077,583,20,474,NUSA TENGGARA TIMUR
2020-12-06,18,1,3,14,1095,586,21,488,NUSA TENGGARA TIMUR
2020-12-07,47,0,0,47,1142,586,21,535,NUSA TENGGARA TIMUR
2020-12-08,19,0,11,8,1161,597,21,543,NUSA TENGGARA TIMUR
2020-12-09,20,3,7,10,1181,604,24,553,NUSA TENGGARA TIMUR
2020-12-10,28,0,10,18,1209,614,24,571,NUSA TENGGARA TIMUR
2020-12-11,5,0,14,-9,1214,628,24,562,NUSA TENGGARA TIMUR
2020-12-12,16,1,18,-3,1230,646,25,559,NUSA TENGGARA TIMUR
2020-12-13,9,1,14,-6,1239,660,26,553,NUSA TENGGARA TIMUR
2020-12-14,1,0,0,1,1240,660,26,554,NUSA TENGGARA TIMUR
2020-12-15,9,0,1,8,1249,661,26,562,NUSA TENGGARA TIMUR
2020-12-16,33,2,30,1,1282,691,28,563,NUSA TENGGARA TIMUR
2020-12-17,33,0,14,19,1315,705,28,582,NUSA TENGGARA TIMUR
2020-12-18,52,0,28,24,1367,733,28,606,NUSA TENGGARA TIMUR
2020-12-19,55,0,5,50,1422,738,28,656,NUSA TENGGARA TIMUR
2020-12-20,27,2,34,-9,1449,772,30,647,NUSA TENGGARA TIMUR
2020-12-21,9,1,7,1,1458,779,31,648,NUSA TENGGARA TIMUR
2020-12-22,66,1,13,52,1524,792,32,700,NUSA TENGGARA TIMUR
2020-12-23,46,0,69,-23,1570,861,32,677,NUSA TENGGARA TIMUR
2020-12-24,27,0,12,15,1597,873,32,692,NUSA TENGGARA TIMUR
2020-12-25,14,0,24,-10,1611,897,32,682,NUSA TENGGARA TIMUR
2020-12-26,0,1,2,-3,1611,899,33,679,NUSA TENGGARA TIMUR
2020-12-27,22,0,3,19,1633,902,33,698,NUSA TENGGARA TIMUR
2020-12-28,15,0,2,13,1648,904,33,711,NUSA TENGGARA TIMUR
2020-12-29,21,0,6,15,1669,910,33,726,NUSA TENGGARA TIMUR
2020-12-30,43,3,57,-17,1712,967,36,709,NUSA TENGGARA TIMUR
2020-12-31,19,1,4,14,1731,971,37,723,NUSA TENGGARA TIMUR
2021-01-01,12,0,1,11,1743,972,37,734,NUSA TENGGARA TIMUR
2021-01-02,30,0,3,27,1773,975,37,761,NUSA TENGGARA TIMUR
2021-01-03,17,3,50,-36,1790,1025,40,725,NUSA TENGGARA TIMUR
2021-01-04,4,0,12,-8,1794,1037,40,717,NUSA TENGGARA TIMUR
2021-01-05,50,2,14,34,1844,1051,42,751,NUSA TENGGARA TIMUR
2021-01-06,21,1,32,-12,1865,1083,43,739,NUSA TENGGARA TIMUR
2021-01-07,64,0,40,24,1929,1123,43,763,NUSA TENGGARA TIMUR
2021-01-08,44,0,63,-19,1973,1186,43,744,NUSA TENGGARA TIMUR
2021-01-09,25,1,13,11,1998,1199,44,755,NUSA TENGGARA TIMUR
2021-01-10,38,2,9,27,2036,1208,46,782,NUSA TENGGARA TIMUR
2021-01-11,9,1,49,-41,2045,1257,47,741,NUSA TENGGARA TIMUR
2021-01-12,30,7,0,23,2075,1257,54,764,NUSA TENGGARA TIMUR
2021-01-13,133,4,15,114,2208,1272,58,878,NUSA TENGGARA TIMUR
2021-01-14,47,6,7,34,2255,1279,64,912,NUSA TENGGARA TIMUR
2021-01-15,40,1,21,18,2295,1300,65,930,NUSA TENGGARA TIMUR
2021-01-16,98,4,26,68,2393,1326,69,998,NUSA TENGGARA TIMUR
2021-01-17,61,1,21,39,2454,1347,70,1037,NUSA TENGGARA TIMUR
2021-01-18,88,3,22,63,2542,1369,73,1100,NUSA TENGGARA TIMUR
2021-01-19,4,0,0,4,2546,1369,73,1104,NUSA TENGGARA TIMUR
2021-01-20,155,2,27,126,2701,1396,75,1230,NUSA TENGGARA TIMUR
2021-01-21,38,0,18,20,2739,1414,75,1250,NUSA TENGGARA TIMUR
2021-01-22,228,6,57,165,2967,1471,81,1415,NUSA TENGGARA TIMUR
2021-01-23,218,2,66,150,3185,1537,83,1565,NUSA TENGGARA TIMUR
2021-01-24,58,0,68,-10,3243,1605,83,1555,NUSA TENGGARA TIMUR
2021-01-25,86,2,36,48,3329,1641,85,1603,NUSA TENGGARA TIMUR
2021-01-26,183,8,61,114,3512,1702,93,1717,NUSA TENGGARA TIMUR
2021-01-27,105,3,21,81,3617,1723,96,1798,NUSA TENGGARA TIMUR
2021-01-28,103,4,56,43,3720,1779,100,1841,NUSA TENGGARA TIMUR
2021-01-29,79,2,78,-1,3799,1857,102,1840,NUSA TENGGARA TIMUR
2021-01-30,130,4,20,106,3929,1877,106,1946,NUSA TENGGARA TIMUR
2021-01-31,48,2,37,9,3977,1914,108,1955,NUSA TENGGARA TIMUR
2021-02-01,112,1,17,94,4089,1931,109,2049,NUSA TENGGARA TIMUR
2021-02-02,148,2,10,136,4237,1941,111,2185,NUSA TENGGARA TIMUR
2021-02-03,92,2,78,12,4329,2019,113,2197,NUSA TENGGARA TIMUR
2021-02-04,131,2,11,118,4460,2030,115,2315,NUSA TENGGARA TIMUR
2021-02-05,306,0,96,210,4766,2126,115,2525,NUSA TENGGARA TIMUR
2021-02-06,166,1,11,154,4932,2137,116,2679,NUSA TENGGARA TIMUR
2021-02-07,179,4,67,108,5111,2204,120,2787,NUSA TENGGARA TIMUR
2021-02-08,64,4,89,-29,5175,2293,124,2758,NUSA TENGGARA TIMUR
2021-02-09,87,1,60,26,5262,2353,125,2784,NUSA TENGGARA TIMUR
2021-02-10,69,0,52,17,5331,2405,125,2801,NUSA TENGGARA TIMUR
2021-02-11,23,1,176,-154,5354,2581,126,2647,NUSA TENGGARA TIMUR
2021-02-12,137,9,466,-338,5491,3047,135,2309,NUSA TENGGARA TIMUR
2021-02-13,175,5,61,109,5666,3108,140,2418,NUSA TENGGARA TIMUR
2021-02-14,197,5,60,132,5863,3168,145,2550,NUSA TENGGARA TIMUR
2021-02-15,96,3,262,-169,5959,3430,148,2381,NUSA TENGGARA TIMUR
2021-02-16,110,0,255,-145,6069,3685,148,2236,NUSA TENGGARA TIMUR
2021-02-17,85,3,73,9,6154,3758,151,2245,NUSA TENGGARA TIMUR
2021-02-18,189,2,170,17,6343,3928,153,2262,NUSA TENGGARA TIMUR
2021-02-19,105,3,117,-15,6448,4045,156,2247,NUSA TENGGARA TIMUR
2021-02-20,138,2,288,-152,6586,4333,158,2095,NUSA TENGGARA TIMUR
2021-02-21,84,2,84,-2,6670,4417,160,2093,NUSA TENGGARA TIMUR
2021-02-22,114,12,221,-119,6784,4638,172,1974,NUSA TENGGARA TIMUR
2021-02-23,160,4,129,27,6944,4767,176,2001,NUSA TENGGARA TIMUR
2021-02-24,80,18,228,-166,7024,4995,194,1835,NUSA TENGGARA TIMUR
2021-02-25,151,0,86,65,7175,5081,194,1900,NUSA TENGGARA TIMUR
2021-02-26,93,4,82,7,7268,5163,198,1907,NUSA TENGGARA TIMUR
2021-02-27,117,5,77,35,7385,5240,203,1942,NUSA TENGGARA TIMUR
2021-02-28,86,1,43,42,7471,5283,204,1984,NUSA TENGGARA TIMUR
2021-03-01,36,4,138,-106,7507,5421,208,1878,NUSA TENGGARA TIMUR
2021-03-02,97,2,141,-46,7604,5562,210,1832,NUSA TENGGARA TIMUR
2021-03-03,113,1,147,-35,7717,5709,211,1797,NUSA TENGGARA TIMUR
2021-03-04,76,0,93,-17,7793,5802,211,1780,NUSA TENGGARA TIMUR
2021-03-05,112,2,135,-25,7905,5937,213,1755,NUSA TENGGARA TIMUR
2021-03-06,104,7,158,-61,8009,6095,220,1694,NUSA TENGGARA TIMUR
2021-03-07,40,1,47,-8,8049,6142,221,1686,NUSA TENGGARA TIMUR
2021-03-08,106,4,90,12,8155,6232,225,1698,NUSA TENGGARA TIMUR
2021-03-09,115,2,146,-33,8270,6378,227,1665,NUSA TENGGARA TIMUR
2021-03-10,97,0,61,36,8367,6439,227,1701,NUSA TENGGARA TIMUR
2021-03-11,53,0,104,-51,8420,6543,227,1650,NUSA TENGGARA TIMUR
2021-03-12,111,1,24,86,8531,6567,228,1736,NUSA TENGGARA TIMUR
2021-03-13,117,5,8,104,8648,6575,233,1840,NUSA TENGGARA TIMUR
2021-03-14,18,1,196,-179,8666,6771,234,1661,NUSA TENGGARA TIMUR
2021-03-15,70,0,6,64,8736,6777,234,1725,NUSA TENGGARA TIMUR
2021-03-16,150,0,145,5,8886,6922,234,1730,NUSA TENGGARA TIMUR
2021-03-17,173,6,78,89,9059,7000,240,1819,NUSA TENGGARA TIMUR
2021-03-18,131,0,175,-44,9190,7175,240,1775,NUSA TENGGARA TIMUR
2021-03-19,78,0,0,78,9268,7175,240,1853,NUSA TENGGARA TIMUR
2021-03-20,131,1,28,102,9399,7203,241,1955,NUSA TENGGARA TIMUR
2021-03-21,29,3,73,-47,9428,7276,244,1908,NUSA TENGGARA TIMUR
2021-03-22,55,1,46,8,9483,7322,245,1916,NUSA TENGGARA TIMUR
2021-03-23,131,10,59,62,9614,7381,255,1978,NUSA TENGGARA TIMUR
2021-03-24,78,1,124,-47,9692,7505,256,1931,NUSA TENGGARA TIMUR
2021-03-25,50,1,88,-39,9742,7593,257,1892,NUSA TENGGARA TIMUR
2021-03-26,32,0,29,3,9774,7622,257,1895,NUSA TENGGARA TIMUR
2021-03-27,46,0,46,0,9820,7668,257,1895,NUSA TENGGARA TIMUR
2021-03-28,18,0,9,9,9838,7677,257,1904,NUSA TENGGARA TIMUR
2021-03-29,21,1,404,-384,9859,8081,258,1520,NUSA TENGGARA TIMUR
2021-03-30,95,4,15,76,9954,8096,262,1596,NUSA TENGGARA TIMUR
2021-03-31,74,3,224,-153,10028,8320,265,1443,NUSA TENGGARA TIMUR
2021-04-01,70,2,131,-63,10098,8451,267,1380,NUSA TENGGARA TIMUR
2021-04-02,57,0,7,50,10155,8458,267,1430,NUSA TENGGARA TIMUR
2021-04-03,23,1,42,-20,10178,8500,268,1410,NUSA TENGGARA TIMUR
2021-04-04,27,3,30,-6,10205,8530,271,1404,NUSA TENGGARA TIMUR
2021-04-05,0,1,16,-17,10205,8546,272,1387,NUSA TENGGARA TIMUR
2021-04-06,21,2,27,-8,10226,8573,274,1379,NUSA TENGGARA TIMUR
2021-04-07,12,1,5,6,10238,8578,275,1385,NUSA TENGGARA TIMUR
2021-04-08,23,2,4,17,10261,8582,277,1402,NUSA TENGGARA TIMUR
2021-04-09,35,1,474,-440,10296,9056,278,962,NUSA TENGGARA TIMUR
2021-04-10,40,0,3,37,10336,9059,278,999,NUSA TENGGARA TIMUR
2021-04-11,0,0,0,0,10336,9059,278,999,NUSA TENGGARA TIMUR
2021-04-12,35,0,131,-96,10371,9190,278,903,NUSA TENGGARA TIMUR
2021-04-13,93,0,7,86,10464,9197,278,989,NUSA TENGGARA TIMUR
2021-04-14,46,0,5,41,10510,9202,278,1030,NUSA TENGGARA TIMUR
2021-04-15,41,5,99,-63,10551,9301,283,967,NUSA TENGGARA TIMUR
2021-04-16,111,0,32,79,10662,9333,283,1046,NUSA TENGGARA TIMUR
2021-04-17,18,2,47,-31,10680,9380,285,1015,NUSA TENGGARA TIMUR
2021-04-18,4,1,9,-6,10684,9389,286,1009,NUSA TENGGARA TIMUR
2021-04-19,23,0,32,-9,10707,9421,286,1000,NUSA TENGGARA TIMUR
2021-04-20,198,2,274,-78,10905,9695,288,922,NUSA TENGGARA TIMUR
2021-04-21,225,0,0,225,11130,9695,288,1147,NUSA TENGGARA TIMUR
2021-04-22,103,1,53,49,11233,9748,289,1196,NUSA TENGGARA TIMUR
2021-04-23,19,0,1,18,11252,9749,289,1214,NUSA TENGGARA TIMUR
2021-04-24,45,1,33,11,11297,9782,290,1225,NUSA TENGGARA TIMUR
2021-04-25,14,0,37,-23,11311,9819,290,1202,NUSA TENGGARA TIMUR
2021-04-26,62,0,28,34,11373,9847,290,1236,NUSA TENGGARA TIMUR
2021-04-27,108,2,234,-128,11481,10081,292,1108,NUSA TENGGARA TIMUR
2021-04-28,25,0,9,16,11506,10090,292,1124,NUSA TENGGARA TIMUR
2021-04-29,21,3,38,-20,11527,10128,295,1104,NUSA TENGGARA TIMUR
2021-04-30,71,5,14,52,11598,10142,300,1156,NUSA TENGGARA TIMUR
2021-05-01,24,0,15,9,11622,10157,300,1165,NUSA TENGGARA TIMUR
2021-05-02,196,3,144,49,11818,10301,303,1214,NUSA TENGGARA TIMUR
2021-05-03,48,1,50,-3,11866,10351,304,1211,NUSA TENGGARA TIMUR
2021-05-04,47,0,19,28,11913,10370,304,1239,NUSA TENGGARA TIMUR
2021-05-05,44,2,112,-70,11957,10482,306,1169,NUSA TENGGARA TIMUR
2021-05-06,215,3,50,162,12172,10532,309,1331,NUSA TENGGARA TIMUR
2021-05-07,73,5,99,-31,12245,10631,314,1300,NUSA TENGGARA TIMUR
2021-05-08,65,3,122,-60,12310,10753,317,1240,NUSA TENGGARA TIMUR
2021-05-09,44,2,10,32,12354,10763,319,1272,NUSA TENGGARA TIMUR
2021-05-10,49,0,60,-11,12403,10823,319,1261,NUSA TENGGARA TIMUR
2021-05-11,95,0,136,-41,12498,10959,319,1220,NUSA TENGGARA TIMUR
2021-05-12,7,1,1,5,12505,10960,320,1225,NUSA TENGGARA TIMUR
2021-05-13,4,5,35,-36,12509,10995,325,1189,NUSA TENGGARA TIMUR
2021-05-14,59,1,54,4,12568,11049,326,1193,NUSA TENGGARA TIMUR
2021-05-15,5,0,25,-20,12573,11074,326,1173,NUSA TENGGARA TIMUR
2021-05-16,0,0,35,-35,12573,11109,326,1138,NUSA TENGGARA TIMUR
2021-05-17,46,2,289,-245,12619,11398,328,893,NUSA TENGGARA TIMUR
2021-05-18,38,2,72,-36,12657,11470,330,857,NUSA TENGGARA TIMUR
2021-05-19,8,0,58,-50,12665,11528,330,807,NUSA TENGGARA TIMUR
2021-05-20,10,1,43,-34,12675,11571,331,773,NUSA TENGGARA TIMUR
2021-05-21,15,2,16,-3,12690,11587,333,770,NUSA TENGGARA TIMUR
2021-05-22,29,0,35,-6,12719,11622,333,764,NUSA TENGGARA TIMUR
2021-05-23,39,2,99,-62,12758,11721,335,702,NUSA TENGGARA TIMUR
2021-05-24,50,1,85,-36,12808,11806,336,666,NUSA TENGGARA TIMUR
2021-05-25,9,0,52,-43,12817,11858,336,623,NUSA TENGGARA TIMUR
2021-05-26,14,1,3,10,12831,11861,337,633,NUSA TENGGARA TIMUR
2021-05-27,1,0,0,1,12832,11861,337,634,NUSA TENGGARA TIMUR
2021-05-28,144,1,132,11,12976,11993,338,645,NUSA TENGGARA TIMUR
2021-05-29,1,0,0,1,12977,11993,338,646,NUSA TENGGARA TIMUR
2021-05-30,20,1,11,8,12997,12004,339,654,NUSA TENGGARA TIMUR
2021-05-31,116,2,102,12,13113,12106,341,666,NUSA TENGGARA TIMUR
2021-06-01,7,0,39,-32,13120,12145,341,634,NUSA TENGGARA TIMUR
2021-06-02,53,0,6,47,13173,12151,341,681,NUSA TENGGARA TIMUR
2021-06-03,26,1,84,-59,13199,12235,342,622,NUSA TENGGARA TIMUR
2021-06-04,200,3,227,-30,13399,12462,345,592,NUSA TENGGARA TIMUR
2021-06-05,19,2,27,-10,13418,12489,347,582,NUSA TENGGARA TIMUR
2021-06-06,56,3,46,7,13474,12535,350,589,NUSA TENGGARA TIMUR
2021-06-07,146,2,147,-3,13620,12682,352,586,NUSA TENGGARA TIMUR
2021-06-08,65,6,109,-50,13685,12791,358,536,NUSA TENGGARA TIMUR
2021-06-09,22,0,17,5,13707,12808,358,541,NUSA TENGGARA TIMUR
2021-06-10,55,2,9,44,13762,12817,360,585,NUSA TENGGARA TIMUR
2021-06-11,4,0,7,-3,13766,12824,360,582,NUSA TENGGARA TIMUR
2021-06-12,41,3,36,2,13807,12860,363,584,NUSA TENGGARA TIMUR
2021-06-13,43,1,59,-17,13850,12919,364,567,NUSA TENGGARA TIMUR
2021-06-14,49,2,20,27,13899,12939,366,594,NUSA TENGGARA TIMUR
2021-06-15,9,0,4,5,13908,12943,366,599,NUSA TENGGARA TIMUR
2021-06-16,35,0,36,-1,13943,12979,366,598,NUSA TENGGARA TIMUR
2021-06-17,9,0,5,4,13952,12984,366,602,NUSA TENGGARA TIMUR
2021-06-18,17,0,5,12,13969,12989,366,614,NUSA TENGGARA TIMUR
2021-06-19,5,0,12,-7,13974,13001,366,607,NUSA TENGGARA TIMUR
2021-06-20,27,0,12,15,14001,13013,366,622,NUSA TENGGARA TIMUR
2021-06-21,6,0,6,0,14007,13019,366,622,NUSA TENGGARA TIMUR
2021-06-22,73,0,18,55,14080,13037,366,677,NUSA TENGGARA TIMUR
2021-06-23,58,0,5,53,14138,13042,366,730,NUSA TENGGARA TIMUR
2021-06-24,92,4,41,47,14230,13083,370,777,NUSA TENGGARA TIMUR
2021-06-25,138,0,45,93,14368,13128,370,870,NUSA TENGGARA TIMUR
2021-06-26,88,0,0,88,14456,13128,370,958,NUSA TENGGARA TIMUR
2021-06-27,86,3,13,70,14542,13141,373,1028,NUSA TENGGARA TIMUR
2021-06-28,66,0,24,42,14608,13165,373,1070,NUSA TENGGARA TIMUR
2021-06-29,104,0,18,86,14712,13183,373,1156,NUSA TENGGARA TIMUR
2021-06-30,139,0,5,134,14851,13188,373,1290,NUSA TENGGARA TIMUR
2021-07-01,269,2,148,119,15120,13336,375,1409,NUSA TENGGARA TIMUR
2021-07-02,382,2,7,373,15502,13343,377,1782,NUSA TENGGARA TIMUR
2021-07-03,310,1,6,303,15812,13349,378,2085,NUSA TENGGARA TIMUR
2021-07-04,268,2,31,235,16080,13380,380,2320,NUSA TENGGARA TIMUR
2021-07-05,371,5,335,31,16451,13715,385,2351,NUSA TENGGARA TIMUR
2021-07-06,513,3,176,334,16964,13891,388,2685,NUSA TENGGARA TIMUR
2021-07-07,565,4,24,537,17529,13915,392,3222,NUSA TENGGARA TIMUR
2021-07-08,739,4,34,701,18268,13949,396,3923,NUSA TENGGARA TIMUR
2021-07-09,177,5,68,104,18445,14017,401,4027,NUSA TENGGARA TIMUR
2021-07-10,292,0,85,207,18737,14102,401,4234,NUSA TENGGARA TIMUR
2021-07-11,388,3,43,342,19125,14145,404,4576,NUSA TENGGARA TIMUR
2021-07-12,541,2,33,506,19666,14178,406,5082,NUSA TENGGARA TIMUR
2021-07-13,911,2,42,867,20577,14220,408,5949,NUSA TENGGARA TIMUR
2021-07-14,438,3,131,304,21015,14351,411,6253,NUSA TENGGARA TIMUR
2021-07-15,496,4,28,464,21511,14379,415,6717,NUSA TENGGARA TIMUR
2021-07-16,430,10,131,289,21941,14510,425,7006,NUSA TENGGARA TIMUR
2021-07-17,401,15,197,189,22342,14707,440,7195,NUSA TENGGARA TIMUR
2021-07-18,435,2,114,319,22777,14821,442,7514,NUSA TENGGARA TIMUR
2021-07-19,618,6,195,417,23395,15016,448,7931,NUSA TENGGARA TIMUR
2021-07-20,601,3,377,221,23996,15393,451,8152,NUSA TENGGARA TIMUR
2021-07-21,1011,5,538,468,25007,15931,456,8620,NUSA TENGGARA TIMUR
2021-07-22,616,6,169,441,25623,16100,462,9061,NUSA TENGGARA TIMUR
2021-07-23,637,9,698,-70,26260,16798,471,8991,NUSA TENGGARA TIMUR
2021-07-24,405,14,350,41,26665,17148,485,9032,NUSA TENGGARA TIMUR
2021-07-25,842,10,140,692,27507,17288,495,9724,NUSA TENGGARA TIMUR
2021-07-26,255,5,892,-642,27762,18180,500,9082,NUSA TENGGARA TIMUR
2021-07-27,996,36,1004,-44,28758,19184,536,9038,NUSA TENGGARA TIMUR
2021-07-28,905,9,709,187,29663,19893,545,9225,NUSA TENGGARA TIMUR
2021-07-29,609,15,489,105,30272,20382,560,9330,NUSA TENGGARA TIMUR
2021-07-30,572,19,450,103,30844,20832,579,9433,NUSA TENGGARA TIMUR
2021-07-31,525,7,525,-7,31369,21357,586,9426,NUSA TENGGARA TIMUR
2021-08-01,724,3,447,274,32093,21804,589,9700,NUSA TENGGARA TIMUR
2021-08-02,327,19,212,96,32420,22016,608,9796,NUSA TENGGARA TIMUR
2021-08-03,478,10,1200,-732,32898,23216,618,9064,NUSA TENGGARA TIMUR
2021-08-04,438,12,770,-344,33336,23986,630,8720,NUSA TENGGARA TIMUR
2021-08-05,913,9,377,527,34249,24363,639,9247,NUSA TENGGARA TIMUR
2021-08-06,2817,12,724,2081,37066,25087,651,11328,NUSA TENGGARA TIMUR
2021-08-07,815,45,2412,-1642,37881,27499,696,9686,NUSA TENGGARA TIMUR
2021-08-08,588,18,895,-325,38469,28394,714,9361,NUSA TENGGARA TIMUR
2021-08-09,504,4,887,-387,38973,29281,718,8974,NUSA TENGGARA TIMUR
2021-08-10,745,28,1073,-356,39718,30354,746,8618,NUSA TENGGARA TIMUR
2021-08-11,709,25,1242,-558,40427,31596,771,8060,NUSA TENGGARA TIMUR
2021-08-12,571,10,1025,-464,40998,32621,781,7596,NUSA TENGGARA TIMUR
2021-08-13,726,16,569,141,41724,33190,797,7737,NUSA TENGGARA TIMUR
2021-08-14,495,17,687,-209,42219,33877,814,7528,NUSA TENGGARA TIMUR
2021-08-15,395,6,1125,-736,42614,35002,820,6792,NUSA TENGGARA TIMUR
2021-08-16,352,12,779,-439,42966,35781,832,6353,NUSA TENGGARA TIMUR
2021-08-17,535,15,510,10,43501,36291,847,6363,NUSA TENGGARA TIMUR
2021-08-18,429,4,762,-337,43930,37053,851,6026,NUSA TENGGARA TIMUR
2021-08-19,575,9,743,-177,44505,37796,860,5849,NUSA TENGGARA TIMUR
2021-08-20,396,9,976,-589,44901,38772,869,5260,NUSA TENGGARA TIMUR
2021-08-21,304,8,487,-191,45205,39259,877,5069,NUSA TENGGARA TIMUR
2021-08-22,244,8,497,-261,45449,39756,885,4808,NUSA TENGGARA TIMUR
2021-08-23,169,8,674,-513,45618,40430,893,4295,NUSA TENGGARA TIMUR
2021-08-24,468,10,741,-283,46086,41171,903,4012,NUSA TENGGARA TIMUR
2021-08-25,300,1,460,-161,46386,41631,904,3851,NUSA TENGGARA TIMUR
2021-08-26,296,1,341,-46,46682,41972,905,3805,NUSA TENGGARA TIMUR
2021-08-27,258,6,305,-53,46940,42277,911,3752,NUSA TENGGARA TIMUR
2021-08-28,199,6,580,-387,47139,42857,917,3365,NUSA TENGGARA TIMUR
2021-08-29,183,11,455,-283,47322,43312,928,3082,NUSA TENGGARA TIMUR
2021-08-30,117,14,456,-353,47439,43768,942,2729,NUSA TENGGARA TIMUR
2021-08-31,213,10,344,-141,47652,44112,952,2588,NUSA TENGGARA TIMUR
2021-09-01,141,8,397,-264,47793,44509,960,2324,NUSA TENGGARA TIMUR
2021-09-02,211,7,218,-14,48004,44727,967,2310,NUSA TENGGARA TIMUR
2021-09-03,149,5,283,-139,48153,45010,972,2171,NUSA TENGGARA TIMUR
2021-09-04,156,4,297,-145,48309,45307,976,2026,NUSA TENGGARA TIMUR
2021-09-05,88,1,121,-34,48397,45428,977,1992,NUSA TENGGARA TIMUR
2021-09-06,105,3,280,-178,48502,45708,980,1814,NUSA TENGGARA TIMUR
2021-09-07,148,2,225,-79,48650,45933,982,1735,NUSA TENGGARA TIMUR
2021-09-08,132,6,146,-20,48782,46079,988,1715,NUSA TENGGARA TIMUR
2021-09-09,119,3,176,-60,48901,46255,991,1655,NUSA TENGGARA TIMUR
2021-09-10,128,3,166,-41,49029,46421,994,1614,NUSA TENGGARA TIMUR
2021-09-11,110,0,112,-2,49139,46533,994,1612,NUSA TENGGARA TIMUR
2021-09-12,72,3,236,-167,49211,46769,997,1445,NUSA TENGGARA TIMUR
2021-09-13,51,3,150,-102,49262,46919,1000,1343,NUSA TENGGARA TIMUR
2021-09-14,105,2,207,-104,49367,47126,1002,1239,NUSA TENGGARA TIMUR
2021-09-15,73,1,81,-9,49440,47207,1003,1230,NUSA TENGGARA TIMUR
2021-09-16,56,2,149,-95,49496,47356,1005,1135,NUSA TENGGARA TIMUR
2021-09-17,123,5,132,-14,49619,47488,1010,1121,NUSA TENGGARA TIMUR
2021-09-18,67,1,131,-65,49686,47619,1011,1056,NUSA TENGGARA TIMUR
2021-09-19,49,1,57,-9,49735,47676,1012,1047,NUSA TENGGARA TIMUR
2021-09-20,41,3,88,-50,49776,47764,1015,997,NUSA TENGGARA TIMUR
2021-09-21,62,1,97,-36,49838,47861,1016,961,NUSA TENGGARA TIMUR
2021-09-22,55,1,159,-105,49893,48020,1017,856,NUSA TENGGARA TIMUR
2021-09-23,70,1,59,10,49963,48079,1018,866,NUSA TENGGARA TIMUR
2021-09-24,60,5,136,-81,50023,48215,1023,785,NUSA TENGGARA TIMUR
2021-09-25,57,2,79,-24,50080,48294,1025,761,NUSA TENGGARA TIMUR
2021-09-26,21,1,76,-56,50101,48370,1026,705,NUSA TENGGARA TIMUR
2021-09-27,27,3,136,-112,50128,48506,1029,593,NUSA TENGGARA TIMUR
2021-09-28,47,2,56,-11,50175,48562,1031,582,NUSA TENGGARA TIMUR
2021-09-29,43,0,88,-45,50218,48650,1031,537,NUSA TENGGARA TIMUR
2021-09-30,44,1,43,0,50262,48693,1032,537,NUSA TENGGARA TIMUR
2021-10-01,45,3,73,-31,50307,48766,1035,506,NUSA TENGGARA TIMUR
2021-10-02,28,1,55,-28,50335,48821,1036,478,NUSA TENGGARA TIMUR
2021-10-03,27,1,42,-16,50362,48863,1037,462,NUSA TENGGARA TIMUR
2021-10-04,28,0,53,-25,50390,48916,1037,437,NUSA TENGGARA TIMUR
2021-10-05,42,2,37,3,50432,48953,1039,440,NUSA TENGGARA TIMUR
2021-10-06,34,0,31,3,50466,48984,1039,443,NUSA TENGGARA TIMUR
2021-10-07,34,1,80,-47,50500,49064,1040,396,NUSA TENGGARA TIMUR
2021-10-08,28,1,56,-29,50528,49120,1041,367,NUSA TENGGARA TIMUR
2021-10-09,39,1,31,7,50567,49151,1042,374,NUSA TENGGARA TIMUR
2021-10-10,21,2,27,-8,50588,49178,1044,366,NUSA TENGGARA TIMUR
2021-10-11,6,1,32,-27,50594,49210,1045,339,NUSA TENGGARA TIMUR
2021-10-12,61,0,37,24,50655,49247,1045,363,NUSA TENGGARA TIMUR
2021-10-13,20,2,28,-10,50675,49275,1047,353,NUSA TENGGARA TIMUR
2021-10-14,33,0,25,8,50708,49300,1047,361,NUSA TENGGARA TIMUR
2021-10-15,9,0,35,-26,50717,49335,1047,335,NUSA TENGGARA TIMUR
2021-10-16,27,0,35,-8,50744,49370,1047,327,NUSA TENGGARA TIMUR
2021-10-17,22,0,13,9,50766,49383,1047,336,NUSA TENGGARA TIMUR
2021-10-18,15,1,42,-28,50781,49425,1048,308,NUSA TENGGARA TIMUR
2021-10-19,25,2,26,-3,50806,49451,1050,305,NUSA TENGGARA TIMUR
2021-10-20,14,0,18,-4,50820,49469,1050,301,NUSA TENGGARA TIMUR
2021-10-21,11,1,58,-48,50831,49527,1051,253,NUSA TENGGARA TIMUR
2021-10-22,15,0,35,-20,50846,49562,1051,233,NUSA TENGGARA TIMUR
2021-10-23,17,1,21,-5,50863,49583,1052,228,NUSA TENGGARA TIMUR
2021-10-24,3,0,12,-9,50866,49595,1052,219,NUSA TENGGARA TIMUR
2021-10-25,9,0,20,-11,50875,49615,1052,208,NUSA TENGGARA TIMUR
2021-10-26,16,1,27,-12,50891,49642,1053,196,NUSA TENGGARA TIMUR
2021-10-27,18,0,32,-14,50909,49674,1053,182,NUSA TENGGARA TIMUR
2021-10-28,22,0,38,-16,50931,49712,1053,166,NUSA TENGGARA TIMUR
2021-10-29,15,0,18,-3,50946,49730,1053,163,NUSA TENGGARA TIMUR
2021-10-30,12,1,15,-4,50958,49745,1054,159,NUSA TENGGARA TIMUR
2021-10-31,8,0,8,0,50966,49753,1054,159,NUSA TENGGARA TIMUR
2021-11-01,12,1,20,-9,50978,49773,1055,150,NUSA TENGGARA TIMUR
2021-11-02,7,2,12,-7,50985,49785,1057,143,NUSA TENGGARA TIMUR
2021-11-03,19,1,13,5,51004,49798,1058,148,NUSA TENGGARA TIMUR
2021-11-04,16,0,21,-5,51020,49819,1058,143,NUSA TENGGARA TIMUR
2021-11-05,12,0,7,5,51032,49826,1058,148,NUSA TENGGARA TIMUR
2021-11-06,12,0,19,-7,51044,49845,1058,141,NUSA TENGGARA TIMUR
2021-11-07,5,0,6,-1,51049,49851,1058,140,NUSA TENGGARA TIMUR
2021-11-08,4,0,4,0,51053,49855,1058,140,NUSA TENGGARA TIMUR
2021-11-09,12,2,17,-7,51065,49872,1060,133,NUSA TENGGARA TIMUR
2021-11-10,6,1,24,-19,51071,49896,1061,114,NUSA TENGGARA TIMUR
2021-11-11,9,0,10,-1,51080,49906,1061,113,NUSA TENGGARA TIMUR
2021-11-12,11,0,7,4,51091,49913,1061,117,NUSA TENGGARA TIMUR
2021-11-13,6,0,16,-10,51097,49929,1061,107,NUSA TENGGARA TIMUR
2021-11-14,3,0,3,0,51100,49932,1061,107,NUSA TENGGARA TIMUR
2021-11-15,5,0,8,-3,51105,49940,1061,104,NUSA TENGGARA TIMUR
2021-11-16,5,0,11,-6,51110,49951,1061,98,NUSA TENGGARA TIMUR
2021-11-17,7,0,9,-2,51117,49960,1061,96,NUSA TENGGARA TIMUR
2021-11-18,48,1,8,39,51165,49968,1062,135,NUSA TENGGARA TIMUR
2021-11-19,9,0,12,-3,51174,49980,1062,132,NUSA TENGGARA TIMUR
2021-11-20,7,2,5,0,51181,49985,1064,132,NUSA TENGGARA TIMUR
2021-11-21,30,0,4,26,51211,49989,1064,158,NUSA TENGGARA TIMUR
2021-11-22,8,0,6,2,51219,49995,1064,160,NUSA TENGGARA TIMUR
2021-11-23,14,0,5,9,51233,50000,1064,169,NUSA TENGGARA TIMUR
2021-11-24,16,2,6,8,51249,50006,1066,177,NUSA TENGGARA TIMUR
2021-11-25,15,0,5,10,51264,50011,1066,187,NUSA TENGGARA TIMUR
2021-11-26,4,0,5,-1,51268,50016,1066,186,NUSA TENGGARA TIMUR
2021-11-27,8,0,2,6,51276,50018,1066,192,NUSA TENGGARA TIMUR
2021-11-28,2,0,8,-6,51278,50026,1066,186,NUSA TENGGARA TIMUR
2021-11-29,3,0,6,-3,51281,50032,1066,183,NUSA TENGGARA TIMUR
2021-11-30,1,0,48,-47,51282,50080,1066,136,NUSA TENGGARA TIMUR
2021-12-01,9,0,25,-16,51291,50105,1066,120,NUSA TENGGARA TIMUR
2021-12-02,8,0,4,4,51299,50109,1066,124,NUSA TENGGARA TIMUR
2021-12-03,25,0,12,13,51324,50121,1066,137,NUSA TENGGARA TIMUR
2021-12-04,1,0,14,-13,51325,50135,1066,124,NUSA TENGGARA TIMUR
2021-12-05,7,1,8,-2,51332,50143,1067,122,NUSA TENGGARA TIMUR
2021-12-06,8,0,23,-15,51340,50166,1067,107,NUSA TENGGARA TIMUR
2021-12-07,12,1,11,0,51352,50177,1068,107,NUSA TENGGARA TIMUR
2021-12-08,17,0,6,11,51369,50183,1068,118,NUSA TENGGARA TIMUR
2021-12-09,5,0,5,0,51374,50188,1068,118,NUSA TENGGARA TIMUR
2021-12-10,4,0,2,2,51378,50190,1068,120,NUSA TENGGARA TIMUR
2021-12-11,18,0,11,7,51396,50201,1068,127,NUSA TENGGARA TIMUR
2021-12-12,4,0,3,1,51400,50204,1068,128,NUSA TENGGARA TIMUR
2021-12-13,4,1,28,-25,51404,50232,1069,103,NUSA TENGGARA TIMUR
2021-12-14,5,0,7,-2,51409,50239,1069,101,NUSA TENGGARA TIMUR
2021-12-15,4,0,3,1,51413,50242,1069,102,NUSA TENGGARA TIMUR
2021-12-16,6,0,2,4,51419,50244,1069,106,NUSA TENGGARA TIMUR
2021-12-17,8,0,11,-3,51427,50255,1069,103,NUSA TENGGARA TIMUR
2021-12-18,3,1,15,-13,51430,50270,1070,90,NUSA TENGGARA TIMUR
2021-12-19,2,0,3,-1,51432,50273,1070,89,NUSA TENGGARA TIMUR
2021-12-20,8,1,6,1,51440,50279,1071,90,NUSA TENGGARA TIMUR
2021-12-21,5,0,16,-11,51445,50295,1071,79,NUSA TENGGARA TIMUR
2021-12-22,4,0,10,-6,51449,50305,1071,73,NUSA TENGGARA TIMUR
2021-12-23,8,0,6,2,51457,50311,1071,75,NUSA TENGGARA TIMUR
2021-12-24,3,0,2,1,51460,50313,1071,76,NUSA TENGGARA TIMUR
2021-12-25,3,0,2,1,51463,50315,1071,77,NUSA TENGGARA TIMUR
2021-12-26,0,0,3,-3,51463,50318,1071,74,NUSA TENGGARA TIMUR
2021-12-27,2,0,7,-5,51465,50325,1071,69,NUSA TENGGARA TIMUR
2021-12-28,5,0,11,-6,51470,50336,1071,63,NUSA TENGGARA TIMUR
2021-12-29,2,0,6,-4,51472,50342,1071,59,NUSA TENGGARA TIMUR
2021-12-30,4,0,5,-1,51476,50347,1071,58,NUSA TENGGARA TIMUR
2021-12-31,3,0,5,-2,51479,50352,1071,56,NUSA TENGGARA TIMUR
2022-01-01,1,0,3,-2,51480,50355,1071,54,NUSA TENGGARA TIMUR
2022-01-02,0,0,6,-6,51480,50361,1071,48,NUSA TENGGARA TIMUR
2022-01-03,3,0,5,-2,51483,50366,1071,46,NUSA TENGGARA TIMUR
2022-01-04,2,0,3,-1,51485,50369,1071,45,NUSA TENGGARA TIMUR
2022-01-05,7,0,3,4,51492,50372,1071,49,NUSA TENGGARA TIMUR
2022-01-06,13,0,2,11,51505,50374,1071,60,NUSA TENGGARA TIMUR
2022-01-07,2,0,2,0,51507,50376,1071,60,NUSA TENGGARA TIMUR
2022-01-08,4,1,1,2,51511,50377,1072,62,NUSA TENGGARA TIMUR
2022-01-09,5,0,4,1,51516,50381,1072,63,NUSA TENGGARA TIMUR
2022-01-10,8,0,2,6,51524,50383,1072,69,NUSA TENGGARA TIMUR
2022-01-11,3,0,4,-1,51527,50387,1072,68,NUSA TENGGARA TIMUR
2022-01-12,1,0,0,1,51528,50387,1072,69,NUSA TENGGARA TIMUR
2022-01-13,0,0,8,-8,51528,50395,1072,61,NUSA TENGGARA TIMUR
2022-01-14,8,1,0,7,51536,50395,1073,68,NUSA TENGGARA TIMUR
2022-01-15,6,1,10,-5,51542,50405,1074,63,NUSA TENGGARA TIMUR
2022-01-16,11,0,2,9,51553,50407,1074,72,NUSA TENGGARA TIMUR
2022-01-17,7,0,2,5,51560,50409,1074,77,NUSA TENGGARA TIMUR
2022-01-18,5,0,2,3,51565,50411,1074,80,NUSA TENGGARA TIMUR
2022-01-19,5,0,2,3,51570,50413,1074,83,NUSA TENGGARA TIMUR
2022-01-20,26,0,6,20,51596,50419,1074,103,NUSA TENGGARA TIMUR
2022-01-21,21,0,4,17,51617,50423,1074,120,NUSA TENGGARA TIMUR
2022-01-22,25,0,2,23,51642,50425,1074,143,NUSA TENGGARA TIMUR
2022-01-23,10,0,1,9,51652,50426,1074,152,NUSA TENGGARA TIMUR
2022-01-24,9,0,0,9,51661,50426,1074,161,NUSA TENGGARA TIMUR
2022-01-25,17,0,9,8,51678,50435,1074,169,NUSA TENGGARA TIMUR
2022-01-26,18,0,12,6,51696,50447,1074,175,NUSA TENGGARA TIMUR
2022-01-27,16,0,22,-6,51712,50469,1074,169,NUSA TENGGARA TIMUR
2022-01-28,25,0,38,-13,51737,50507,1074,156,NUSA TENGGARA TIMUR
2022-01-29,20,0,8,12,51757,50515,1074,168,NUSA TENGGARA TIMUR
2022-01-30,24,0,10,14,51781,50525,1074,182,NUSA TENGGARA TIMUR
2022-01-31,23,0,4,19,51804,50529,1074,201,NUSA TENGGARA TIMUR
2022-02-01,18,0,18,0,51822,50547,1074,201,NUSA TENGGARA TIMUR
2022-02-02,15,0,25,-10,51837,50572,1074,191,NUSA TENGGARA TIMUR
2022-02-03,31,0,9,22,51868,50581,1074,213,NUSA TENGGARA TIMUR
2022-02-04,38,0,6,32,51906,50587,1074,245,NUSA TENGGARA TIMUR
2022-02-05,45,0,11,34,51951,50598,1074,279,NUSA TENGGARA TIMUR
2022-02-06,37,0,6,31,51988,50604,1074,310,NUSA TENGGARA TIMUR
2022-02-07,23,0,41,-18,52011,50645,1074,292,NUSA TENGGARA TIMUR
2022-02-08,51,0,20,31,52062,50665,1074,323,NUSA TENGGARA TIMUR
2022-02-09,72,1,5,66,52134,50670,1075,389,NUSA TENGGARA TIMUR
2022-02-10,107,0,20,87,52241,50690,1075,476,NUSA TENGGARA TIMUR
2022-02-11,80,0,13,67,52321,50703,1075,543,NUSA TENGGARA TIMUR
2022-02-12,131,0,49,82,52452,50752,1075,625,NUSA TENGGARA TIMUR
2022-02-13,82,1,26,55,52534,50778,1076,680,NUSA TENGGARA TIMUR
2022-02-14,82,0,15,67,52616,50793,1076,747,NUSA TENGGARA TIMUR
2022-02-15,241,1,24,216,52857,50817,1077,963,NUSA TENGGARA TIMUR
2022-02-16,246,0,30,216,53103,50847,1077,1179,NUSA TENGGARA TIMUR
2022-02-17,354,0,38,316,53457,50885,1077,1495,NUSA TENGGARA TIMUR
2022-02-18,299,0,62,237,53756,50947,1077,1732,NUSA TENGGARA TIMUR
2022-02-19,351,0,82,269,54107,51029,1077,2001,NUSA TENGGARA TIMUR
2022-02-20,327,0,29,298,54434,51058,1077,2299,NUSA TENGGARA TIMUR
2022-02-21,382,1,101,280,54816,51159,1078,2579,NUSA TENGGARA TIMUR
2022-02-22,807,0,63,744,55623,51222,1078,3323,NUSA TENGGARA TIMUR
2022-02-23,721,1,77,643,56344,51299,1079,3966,NUSA TENGGARA TIMUR
2022-02-24,630,1,166,463,56974,51465,1080,4429,NUSA TENGGARA TIMUR
2022-02-25,787,1,145,641,57761,51610,1081,5070,NUSA TENGGARA TIMUR
2022-02-26,772,0,173,599,58533,51783,1081,5669,NUSA TENGGARA TIMUR
2022-02-27,509,2,296,211,59042,52079,1083,5880,NUSA TENGGARA TIMUR
2022-02-28,246,4,248,-6,59288,52327,1087,5874,NUSA TENGGARA TIMUR
2022-03-01,573,1,253,319,59861,52580,1088,6193,NUSA TENGGARA TIMUR
2022-03-02,1096,8,404,684,60957,52984,1096,6877,NUSA TENGGARA TIMUR
2022-03-03,853,0,435,418,61810,53419,1096,7295,NUSA TENGGARA TIMUR
2022-03-04,721,2,593,126,62531,54012,1098,7421,NUSA TENGGARA TIMUR
2022-03-05,951,1,588,362,63482,54600,1099,7783,NUSA TENGGARA TIMUR
2022-03-06,709,5,486,218,64191,55086,1104,8001,NUSA TENGGARA TIMUR
2022-03-07,632,2,517,113,64823,55603,1106,8114,NUSA TENGGARA TIMUR
2022-03-08,1079,7,1132,-60,65902,56735,1113,8054,NUSA TENGGARA TIMUR
2022-03-09,977,3,686,288,66879,57421,1116,8342,NUSA TENGGARA TIMUR
2022-03-10,516,4,597,-85,67395,58018,1120,8257,NUSA TENGGARA TIMUR
2022-03-11,286,3,539,-256,67681,58557,1123,8001,NUSA TENGGARA TIMUR
2022-03-12,686,3,930,-247,68367,59487,1126,7754,NUSA TENGGARA TIMUR
2022-03-13,477,4,661,-188,68844,60148,1130,7566,NUSA TENGGARA TIMUR
2022-03-14,667,4,461,202,69511,60609,1134,7768,NUSA TENGGARA TIMUR
2022-03-15,722,3,954,-235,70233,61563,1137,7533,NUSA TENGGARA TIMUR
2022-03-16,709,0,742,-33,70942,62305,1137,7500,NUSA TENGGARA TIMUR
2022-03-17,601,2,528,71,71543,62833,1139,7571,NUSA TENGGARA TIMUR
2022-03-18,563,0,830,-267,72106,63663,1139,7304,NUSA TENGGARA TIMUR
2022-03-19,262,4,778,-520,72368,64441,1143,6784,NUSA TENGGARA TIMUR
2022-03-20,198,2,511,-315,72566,64952,1145,6469,NUSA TENGGARA TIMUR
2022-03-21,200,8,1290,-1098,72766,66242,1153,5371,NUSA TENGGARA TIMUR
2022-03-22,321,3,914,-596,73087,67156,1156,4775,NUSA TENGGARA TIMUR
2022-03-23,294,4,485,-195,73381,67641,1160,4580,NUSA TENGGARA TIMUR
2022-03-24,206,1,482,-277,73587,68123,1161,4303,NUSA TENGGARA TIMUR
2022-03-25,200,3,847,-650,73787,68970,1164,3653,NUSA TENGGARA TIMUR
2022-03-26,146,1,256,-111,73933,69226,1165,3542,NUSA TENGGARA TIMUR
2022-03-27,69,0,321,-252,74002,69547,1165,3290,NUSA TENGGARA TIMUR
2022-03-28,96,3,465,-372,74098,70012,1168,2918,NUSA TENGGARA TIMUR
2022-03-29,109,1,680,-572,74207,70692,1169,2346,NUSA TENGGARA TIMUR
2022-03-30,164,0,246,-82,74371,70938,1169,2264,NUSA TENGGARA TIMUR
2022-03-31,93,1,508,-416,74464,71446,1170,1848,NUSA TENGGARA TIMUR
2022-04-01,68,1,267,-200,74532,71713,1171,1648,NUSA TENGGARA TIMUR
2022-04-02,58,1,212,-155,74590,71925,1172,1493,NUSA TENGGARA TIMUR
2022-04-03,22,1,132,-111,74612,72057,1173,1382,NUSA TENGGARA TIMUR
2022-04-04,50,1,248,-199,74662,72305,1174,1183,NUSA TENGGARA TIMUR
2022-04-05,54,0,140,-86,74716,72445,1174,1097,NUSA TENGGARA TIMUR
2022-04-06,36,0,246,-210,74752,72691,1174,887,NUSA TENGGARA TIMUR
2022-04-07,50,2,200,-152,74802,72891,1176,735,NUSA TENGGARA TIMUR
2022-04-08,21,3,98,-80,74823,72989,1179,655,NUSA TENGGARA TIMUR
2022-04-09,28,0,84,-56,74851,73073,1179,599,NUSA TENGGARA TIMUR
2022-04-10,13,0,44,-31,74864,73117,1179,568,NUSA TENGGARA TIMUR
2022-04-11,30,2,159,-131,74894,73276,1181,437,NUSA TENGGARA TIMUR
2022-04-12,27,0,48,-21,74921,73324,1181,416,NUSA TENGGARA TIMUR
2022-04-13,18,0,69,-51,74939,73393,1181,365,NUSA TENGGARA TIMUR
2022-04-14,13,0,53,-40,74952,73446,1181,325,NUSA TENGGARA TIMUR
2022-04-15,7,0,19,-12,74959,73465,1181,313,NUSA TENGGARA TIMUR
2022-04-16,7,0,50,-43,74966,73515,1181,270,NUSA TENGGARA TIMUR
2022-04-17,6,1,36,-31,74972,73551,1182,239,NUSA TENGGARA TIMUR
2022-04-18,2,0,36,-34,74974,73587,1182,205,NUSA TENGGARA TIMUR
2022-04-19,25,1,53,-29,74999,73640,1183,176,NUSA TENGGARA TIMUR
2022-04-20,6,1,18,-13,75005,73658,1184,163,NUSA TENGGARA TIMUR
2022-04-21,6,0,25,-19,75011,73683,1184,144,NUSA TENGGARA TIMUR
2022-04-22,6,0,15,-9,75017,73698,1184,135,NUSA TENGGARA TIMUR
2022-04-23,12,0,7,5,75029,73705,1184,140,NUSA TENGGARA TIMUR
2022-04-24,5,1,11,-7,75034,73716,1185,133,NUSA TENGGARA TIMUR
2022-04-25,7,2,16,-11,75041,73732,1187,122,NUSA TENGGARA TIMUR
2022-04-26,8,0,16,-8,75049,73748,1187,114,NUSA TENGGARA TIMUR
2022-04-27,6,1,28,-23,75055,73776,1188,91,NUSA TENGGARA TIMUR
2022-04-28,17,0,6,11,75072,73782,1188,102,NUSA TENGGARA TIMUR
2022-04-29,11,0,5,6,75083,73787,1188,108,NUSA TENGGARA TIMUR
2022-04-30,1,0,3,-2,75084,73790,1188,106,NUSA TENGGARA TIMUR
2022-05-01,3,0,6,-3,75087,73796,1188,103,NUSA TENGGARA TIMUR
2022-05-02,2,0,0,2,75089,73796,1188,105,NUSA TENGGARA TIMUR
2022-05-03,0,0,9,-9,75089,73805,1188,96,NUSA TENGGARA TIMUR
2022-05-04,2,0,1,1,75091,73806,1188,97,NUSA TENGGARA TIMUR
2022-05-05,3,0,6,-3,75094,73812,1188,94,NUSA TENGGARA TIMUR
2022-05-06,2,1,12,-11,75096,73824,1189,83,NUSA TENGGARA TIMUR
2022-05-07,2,1,3,-2,75098,73827,1190,81,NUSA TENGGARA TIMUR
2022-05-08,1,0,7,-6,75099,73834,1190,75,NUSA TENGGARA TIMUR
2022-05-09,3,1,7,-5,75102,73841,1191,70,NUSA TENGGARA TIMUR
2022-05-10,0,0,27,-27,75102,73868,1191,43,NUSA TENGGARA TIMUR
2022-05-11,1,0,8,-7,75103,73876,1191,36,NUSA TENGGARA TIMUR
2022-05-12,0,0,9,-9,75103,73885,1191,27,NUSA TENGGARA TIMUR
2022-05-13,4,0,1,3,75107,73886,1191,30,NUSA TENGGARA TIMUR
2022-05-14,1,0,1,0,75108,73887,1191,30,NUSA TENGGARA TIMUR
2022-05-15,0,0,2,-2,75108,73889,1191,28,NUSA TENGGARA TIMUR
2022-05-16,0,1,2,-3,75108,73891,1192,25,NUSA TENGGARA TIMUR
2022-05-17,3,0,1,2,75111,73892,1192,27,NUSA TENGGARA TIMUR
2022-05-18,4,0,3,1,75115,73895,1192,28,NUSA TENGGARA TIMUR
2022-05-19,1,0,2,-1,75116,73897,1192,27,NUSA TENGGARA TIMUR
2022-05-20,5,0,0,5,75121,73897,1192,32,NUSA TENGGARA TIMUR
2022-05-21,2,0,4,-2,75123,73901,1192,30,NUSA TENGGARA TIMUR
2022-05-22,1,0,0,1,75124,73901,1192,31,NUSA TENGGARA TIMUR
2022-05-23,3,0,2,1,75127,73903,1192,32,NUSA TENGGARA TIMUR
2022-05-24,3,0,4,-1,75130,73907,1192,31,NUSA TENGGARA TIMUR
2022-05-25,1,0,1,0,75131,73908,1192,31,NUSA TENGGARA TIMUR
2022-05-26,1,0,2,-1,75132,73910,1192,30,NUSA TENGGARA TIMUR
2022-05-27,2,0,3,-1,75134,73913,1192,29,NUSA TENGGARA TIMUR
2022-05-28,7,0,2,5,75141,73915,1192,34,NUSA TENGGARA TIMUR
2022-05-29,2,0,0,2,75143,73915,1192,36,NUSA TENGGARA TIMUR
2022-05-30,5,1,3,1,75148,73918,1193,37,NUSA TENGGARA TIMUR
2022-05-31,3,1,1,1,75151,73919,1194,38,NUSA TENGGARA TIMUR
2022-06-01,5,0,0,5,75156,73919,1194,43,NUSA TENGGARA TIMUR
2022-06-02,1,0,4,-3,75157,73923,1194,40,NUSA TENGGARA TIMUR
2022-06-03,2,0,2,0,75159,73925,1194,40,NUSA TENGGARA TIMUR
2022-06-04,4,0,4,0,75163,73929,1194,40,NUSA TENGGARA TIMUR
2022-06-05,0,0,1,-1,75163,73930,1194,39,NUSA TENGGARA TIMUR
2022-06-06,0,1,4,-5,75163,73934,1195,34,NUSA TENGGARA TIMUR
2022-06-07,4,0,8,-4,75167,73942,1195,30,NUSA TENGGARA TIMUR
2022-06-08,1,0,2,-1,75168,73944,1195,29,NUSA TENGGARA TIMUR
2022-06-09,2,0,1,1,75170,73945,1195,30,NUSA TENGGARA TIMUR
2022-06-10,3,0,1,2,75173,73946,1195,32,NUSA TENGGARA TIMUR
2022-06-11,1,0,3,-2,75174,73949,1195,30,NUSA TENGGARA TIMUR
2022-06-12,0,0,0,0,75174,73949,1195,30,NUSA TENGGARA TIMUR
2022-06-13,4,0,4,0,75178,73953,1195,30,NUSA TENGGARA TIMUR
2022-06-14,2,0,0,2,75180,73953,1195,32,NUSA TENGGARA TIMUR
2022-06-15,4,0,5,-1,75184,73958,1195,31,NUSA TENGGARA TIMUR
2022-06-16,3,0,1,2,75187,73959,1195,33,NUSA TENGGARA TIMUR
2022-06-17,3,1,0,2,75190,73959,1196,35,NUSA TENGGARA TIMUR
2022-06-18,1,0,4,-3,75191,73963,1196,32,NUSA TENGGARA TIMUR
2022-06-19,4,0,1,3,75195,73964,1196,35,NUSA TENGGARA TIMUR
2022-06-20,3,1,0,2,75198,73964,1197,37,NUSA TENGGARA TIMUR
2022-06-21,1,0,2,-1,75199,73966,1197,36,NUSA TENGGARA TIMUR
2022-06-22,8,0,12,-4,75207,73978,1197,32,NUSA TENGGARA TIMUR
2022-06-23,1,0,2,-1,75208,73980,1197,31,NUSA TENGGARA TIMUR
2022-06-24,3,0,1,2,75211,73981,1197,33,NUSA TENGGARA TIMUR
2022-06-25,3,0,2,1,75214,73983,1197,34,NUSA TENGGARA TIMUR
2022-06-26,3,0,2,1,75217,73985,1197,35,NUSA TENGGARA TIMUR
2022-06-27,2,0,4,-2,75219,73989,1197,33,NUSA TENGGARA TIMUR
2022-06-28,3,0,2,1,75222,73991,1197,34,NUSA TENGGARA TIMUR
2022-06-29,5,1,8,-4,75227,73999,1198,30,NUSA TENGGARA TIMUR
2022-06-30,5,0,2,3,75232,74001,1198,33,NUSA TENGGARA TIMUR
2022-07-01,7,0,4,3,75239,74005,1198,36,NUSA TENGGARA TIMUR
2022-07-02,2,0,1,1,75241,74006,1198,37,NUSA TENGGARA TIMUR
2022-07-03,1,0,0,1,75242,74006,1198,38,NUSA TENGGARA TIMUR
2022-07-04,5,1,2,2,75247,74008,1199,40,NUSA TENGGARA TIMUR
2022-07-05,11,0,5,6,75258,74013,1199,46,NUSA TENGGARA TIMUR
2022-07-06,11,0,0,11,75269,74013,1199,57,NUSA TENGGARA TIMUR
2022-07-07,6,0,3,3,75275,74016,1199,60,NUSA TENGGARA TIMUR
2022-07-08,5,0,10,-5,75280,74026,1199,55,NUSA TENGGARA TIMUR
2022-07-09,5,0,4,1,75285,74030,1199,56,NUSA TENGGARA TIMUR
2022-07-10,5,0,2,3,75290,74032,1199,59,NUSA TENGGARA TIMUR
2022-07-11,0,0,6,-6,75290,74038,1199,53,NUSA TENGGARA TIMUR
2022-07-12,8,0,1,7,75298,74039,1199,60,NUSA TENGGARA TIMUR
2022-07-13,7,1,6,0,75305,74045,1200,60,NUSA TENGGARA TIMUR
2022-07-14,5,0,7,-2,75310,74052,1200,58,NUSA TENGGARA TIMUR
2022-07-15,6,0,0,6,75316,74052,1200,64,NUSA TENGGARA TIMUR
2022-07-16,6,0,6,0,75322,74058,1200,64,NUSA TENGGARA TIMUR
2022-07-17,8,0,0,8,75330,74058,1200,72,NUSA TENGGARA TIMUR
2022-07-18,2,0,4,-2,75332,74062,1200,70,NUSA TENGGARA TIMUR
2022-07-19,12,0,3,9,75344,74065,1200,79,NUSA TENGGARA TIMUR
2022-07-20,11,0,14,-3,75355,74079,1200,76,NUSA TENGGARA TIMUR
2022-07-21,14,0,3,11,75369,74082,1200,87,NUSA TENGGARA TIMUR
2022-07-22,3,0,11,-8,75372,74093,1200,79,NUSA TENGGARA TIMUR
2022-07-23,10,0,3,7,75382,74096,1200,86,NUSA TENGGARA TIMUR
2022-07-24,7,0,1,6,75389,74097,1200,92,NUSA TENGGARA TIMUR
2022-07-25,7,0,4,3,75396,74101,1200,95,NUSA TENGGARA TIMUR
2022-07-26,7,0,4,3,75403,74105,1200,98,NUSA TENGGARA TIMUR
2022-07-27,4,0,4,0,75407,74109,1200,98,NUSA TENGGARA TIMUR
2022-07-28,0,0,19,-19,75407,74128,1200,79,NUSA TENGGARA TIMUR
2022-07-29,1,0,2,-1,75408,74130,1200,78,NUSA TENGGARA TIMUR
2022-07-30,8,0,7,1,75416,74137,1200,79,NUSA TENGGARA TIMUR
2022-07-31,3,0,4,-1,75419,74141,1200,78,NUSA TENGGARA TIMUR
2022-08-01,3,0,13,-10,75422,74154,1200,68,NUSA TENGGARA TIMUR
2022-08-02,2,0,14,-12,75424,74168,1200,56,NUSA TENGGARA TIMUR
2022-08-03,5,0,9,-4,75429,74177,1200,52,NUSA TENGGARA TIMUR
2022-08-04,2,0,6,-4,75431,74183,1200,48,NUSA TENGGARA TIMUR
2022-08-05,2,0,7,-5,75433,74190,1200,43,NUSA TENGGARA TIMUR
2022-08-06,4,0,10,-6,75437,74200,1200,37,NUSA TENGGARA TIMUR
2022-08-07,0,0,4,-4,75437,74204,1200,33,NUSA TENGGARA TIMUR
2022-08-08,5,0,5,0,75442,74209,1200,33,NUSA TENGGARA TIMUR
2022-08-09,2,0,2,0,75444,74211,1200,33,NUSA TENGGARA TIMUR
2022-08-10,3,0,2,1,75447,74213,1200,34,NUSA TENGGARA TIMUR
2022-08-11,2,0,5,-3,75449,74218,1200,31,NUSA TENGGARA TIMUR
2022-08-12,1,0,1,0,75450,74219,1200,31,NUSA TENGGARA TIMUR
2022-08-13,3,0,4,-1,75453,74223,1200,30,NUSA TENGGARA TIMUR
2022-08-14,0,0,2,-2,75453,74225,1200,28,NUSA TENGGARA TIMUR
2022-08-15,1,0,3,-2,75454,74228,1200,26,NUSA TENGGARA TIMUR
2022-08-16,3,0,1,2,75457,74229,1200,28,NUSA TENGGARA TIMUR
2022-08-17,1,0,2,-1,75458,74231,1200,27,NUSA TENGGARA TIMUR
2022-08-18,1,0,4,-3,75459,74235,1200,24,NUSA TENGGARA TIMUR
2022-08-19,5,0,2,3,75464,74237,1200,27,NUSA TENGGARA TIMUR
2022-08-20,6,0,1,5,75470,74238,1200,32,NUSA TENGGARA TIMUR
2022-08-21,1,0,0,1,75471,74238,1200,33,NUSA TENGGARA TIMUR
2022-08-22,5,0,4,1,75476,74242,1200,34,NUSA TENGGARA TIMUR
2022-08-23,6,0,2,4,75482,74244,1200,38,NUSA TENGGARA TIMUR
2022-08-24,5,0,6,-1,75487,74250,1200,37,NUSA TENGGARA TIMUR
2022-08-25,3,0,0,3,75490,74250,1200,40,NUSA TENGGARA TIMUR
2022-08-26,7,0,4,3,75497,74254,1200,43,NUSA TENGGARA TIMUR
2022-08-27,6,0,5,1,75503,74259,1200,44,NUSA TENGGARA TIMUR
2022-08-28,6,0,0,6,75509,74259,1200,50,NUSA TENGGARA TIMUR
2022-08-29,4,0,0,4,75513,74259,1200,54,NUSA TENGGARA TIMUR
2022-08-30,3,0,2,1,75516,74261,1200,55,NUSA TENGGARA TIMUR
2022-08-31,14,0,2,12,75530,74263,1200,67,NUSA TENGGARA TIMUR
2022-09-01,5,0,3,2,75535,74266,1200,69,NUSA TENGGARA TIMUR
2022-09-02,9,0,2,7,75544,74268,1200,76,NUSA TENGGARA TIMUR
2022-09-03,6,0,0,6,75550,74268,1200,82,NUSA TENGGARA TIMUR
2022-09-04,3,0,0,3,75553,74268,1200,85,NUSA TENGGARA TIMUR
2022-09-05,9,0,8,1,75562,74276,1200,86,NUSA TENGGARA TIMUR
2022-09-06,7,1,10,-4,75569,74286,1201,82,NUSA TENGGARA TIMUR
2022-09-07,8,0,6,2,75577,74292,1201,84,NUSA TENGGARA TIMUR
2022-09-08,8,0,0,8,75585,74292,1201,92,NUSA TENGGARA TIMUR
2022-09-09,7,0,6,1,75592,74298,1201,93,NUSA TENGGARA TIMUR
2022-09-10,4,0,6,-2,75596,74304,1201,91,NUSA TENGGARA TIMUR
2022-09-11,3,0,8,-5,75599,74312,1201,86,NUSA TENGGARA TIMUR
2022-09-12,6,0,13,-7,75605,74325,1201,79,NUSA TENGGARA TIMUR
2022-09-13,20,0,6,14,75625,74331,1201,93,NUSA TENGGARA TIMUR
2022-09-14,8,0,5,3,75633,74336,1201,96,NUSA TENGGARA TIMUR
2022-09-15,8,0,13,-5,75641,74349,1201,91,NUSA TENGGARA TIMUR
2022-09-16,12,0,0,12,75653,74349,1201,103,NUSA TENGGARA TIMUR
2022-09-17,7,0,16,-9,75660,74365,1201,94,NUSA TENGGARA TIMUR
2022-09-18,6,0,5,1,75666,74370,1201,95,NUSA TENGGARA TIMUR
2022-09-19,11,0,0,11,75677,74370,1201,106,NUSA TENGGARA TIMUR
2022-09-20,26,0,4,22,75703,74374,1201,128,NUSA TENGGARA TIMUR
2022-09-21,9,1,0,8,75712,74374,1202,136,NUSA TENGGARA TIMUR
2022-09-22,11,0,25,-14,75723,74399,1202,122,NUSA TENGGARA TIMUR
2022-09-23,11,0,10,1,75734,74409,1202,123,NUSA TENGGARA TIMUR
2022-09-24,21,0,3,18,75755,74412,1202,141,NUSA TENGGARA TIMUR
2022-09-25,6,1,7,-2,75761,74419,1203,139,NUSA TENGGARA TIMUR
2022-09-26,9,0,15,-6,75770,74434,1203,133,NUSA TENGGARA TIMUR
2022-09-27,20,0,0,20,75790,74434,1203,153,NUSA TENGGARA TIMUR
2022-09-28,19,0,0,19,75809,74434,1203,172,NUSA TENGGARA TIMUR
2022-09-29,14,0,0,14,75823,74434,1203,186,NUSA TENGGARA TIMUR
2022-09-30,24,0,0,24,75847,74434,1203,210,NUSA TENGGARA TIMUR
2020-03-30,4,0,0,4,4,0,0,4,KALIMANTAN SELATAN
2020-03-31,1,0,0,1,5,0,0,5,KALIMANTAN SELATAN
2020-04-01,0,0,0,0,5,0,0,5,KALIMANTAN SELATAN
2020-04-02,0,0,0,0,5,0,0,5,KALIMANTAN SELATAN
2020-04-03,0,0,0,0,5,0,0,5,KALIMANTAN SELATAN
2020-04-04,0,0,0,0,5,0,0,5,KALIMANTAN SELATAN
2020-04-05,8,1,0,7,13,0,1,12,KALIMANTAN SELATAN
2020-04-06,1,0,0,1,14,0,1,13,KALIMANTAN SELATAN
2020-04-07,0,2,0,-2,14,0,3,11,KALIMANTAN SELATAN
2020-04-08,4,0,0,4,18,0,3,15,KALIMANTAN SELATAN
2020-04-09,0,1,1,-2,18,1,4,13,KALIMANTAN SELATAN
2020-04-10,6,0,0,6,24,1,4,19,KALIMANTAN SELATAN
2020-04-11,0,1,0,-1,24,1,5,18,KALIMANTAN SELATAN
2020-04-12,3,0,0,3,27,1,5,21,KALIMANTAN SELATAN
2020-04-13,0,0,0,0,27,1,5,21,KALIMANTAN SELATAN
2020-04-14,3,1,0,2,30,1,6,23,KALIMANTAN SELATAN
2020-04-15,8,0,1,7,38,2,6,30,KALIMANTAN SELATAN
2020-04-16,8,0,2,6,46,4,6,36,KALIMANTAN SELATAN
2020-04-17,13,0,0,13,59,4,6,49,KALIMANTAN SELATAN
2020-04-18,14,0,1,13,73,5,6,62,KALIMANTAN SELATAN
2020-04-19,3,0,0,3,76,5,6,65,KALIMANTAN SELATAN
2020-04-20,0,0,0,0,76,5,6,65,KALIMANTAN SELATAN
2020-04-21,2,0,1,1,78,6,6,66,KALIMANTAN SELATAN
2020-04-22,9,0,0,9,87,6,6,75,KALIMANTAN SELATAN
2020-04-23,4,1,0,3,91,6,7,78,KALIMANTAN SELATAN
2020-04-24,14,0,0,14,105,6,7,92,KALIMANTAN SELATAN
2020-04-25,10,0,3,7,115,9,7,99,KALIMANTAN SELATAN
2020-04-26,0,0,1,-1,115,10,7,98,KALIMANTAN SELATAN
2020-04-27,3,0,0,3,118,10,7,101,KALIMANTAN SELATAN
2020-04-28,0,0,4,-4,118,14,7,97,KALIMANTAN SELATAN
2020-04-29,6,0,0,6,124,14,7,103,KALIMANTAN SELATAN
2020-04-30,10,0,0,10,134,14,7,113,KALIMANTAN SELATAN
2020-05-01,6,0,3,3,140,17,7,116,KALIMANTAN SELATAN
2020-05-02,0,0,0,0,140,17,7,116,KALIMANTAN SELATAN
2020-05-03,12,0,0,12,152,17,7,128,KALIMANTAN SELATAN
2020-05-04,3,0,0,3,155,17,7,131,KALIMANTAN SELATAN
2020-05-05,9,0,0,9,164,17,7,140,KALIMANTAN SELATAN
2020-05-06,9,0,0,9,173,17,7,149,KALIMANTAN SELATAN
2020-05-07,7,0,0,7,180,17,7,156,KALIMANTAN SELATAN
2020-05-08,5,0,0,5,185,17,7,161,KALIMANTAN SELATAN
2020-05-09,7,0,0,7,192,17,7,168,KALIMANTAN SELATAN
2020-05-10,7,0,0,7,199,17,7,175,KALIMANTAN SELATAN
2020-05-11,0,0,0,0,199,17,7,175,KALIMANTAN SELATAN
2020-05-12,13,0,0,13,212,17,7,188,KALIMANTAN SELATAN
2020-05-13,10,0,0,10,222,17,7,198,KALIMANTAN SELATAN
2020-05-14,2,0,0,2,224,17,7,200,KALIMANTAN SELATAN
2020-05-15,54,21,0,33,278,17,28,233,KALIMANTAN SELATAN
2020-05-16,6,0,39,-33,284,56,28,200,KALIMANTAN SELATAN
2020-05-17,2,8,0,-6,286,56,36,194,KALIMANTAN SELATAN
2020-05-18,53,1,0,52,339,56,37,246,KALIMANTAN SELATAN
2020-05-19,35,4,2,29,374,58,41,275,KALIMANTAN SELATAN
2020-05-20,52,3,0,49,426,58,44,324,KALIMANTAN SELATAN
2020-05-21,8,2,1,5,434,59,46,329,KALIMANTAN SELATAN
2020-05-22,18,0,0,18,452,59,46,347,KALIMANTAN SELATAN
2020-05-23,18,1,0,17,470,59,47,364,KALIMANTAN SELATAN
2020-05-24,7,2,1,4,477,60,49,368,KALIMANTAN SELATAN
2020-05-25,3,1,0,2,480,60,50,370,KALIMANTAN SELATAN
2020-05-26,23,6,0,17,503,60,56,387,KALIMANTAN SELATAN
2020-05-27,58,0,0,58,561,60,56,445,KALIMANTAN SELATAN
2020-05-28,98,1,2,95,659,62,57,540,KALIMANTAN SELATAN
2020-05-29,59,4,10,45,718,72,61,585,KALIMANTAN SELATAN
2020-05-30,3,0,1,2,721,73,61,587,KALIMANTAN SELATAN
2020-05-31,16,6,0,10,737,73,67,597,KALIMANTAN SELATAN
2020-06-01,24,1,0,23,761,73,68,620,KALIMANTAN SELATAN
2020-06-02,17,3,2,12,778,75,71,632,KALIMANTAN SELATAN
2020-06-03,49,2,0,47,827,75,73,679,KALIMANTAN SELATAN
2020-06-04,87,0,2,85,914,77,73,764,KALIMANTAN SELATAN
2020-06-05,58,2,0,56,972,77,75,820,KALIMANTAN SELATAN
2020-06-06,28,2,4,22,1000,81,77,842,KALIMANTAN SELATAN
2020-06-07,31,0,0,31,1031,81,77,873,KALIMANTAN SELATAN
2020-06-08,42,0,8,34,1073,89,77,907,KALIMANTAN SELATAN
2020-06-09,68,7,0,61,1141,89,84,968,KALIMANTAN SELATAN
2020-06-10,105,3,6,96,1246,95,87,1064,KALIMANTAN SELATAN
2020-06-11,56,3,23,30,1302,118,90,1094,KALIMANTAN SELATAN
2020-06-12,51,3,13,35,1353,131,93,1129,KALIMANTAN SELATAN
2020-06-13,95,5,17,73,1448,148,98,1202,KALIMANTAN SELATAN
2020-06-14,59,5,25,29,1507,173,103,1231,KALIMANTAN SELATAN
2020-06-15,56,4,14,38,1563,187,107,1269,KALIMANTAN SELATAN
2020-06-16,141,5,6,130,1704,193,112,1399,KALIMANTAN SELATAN
2020-06-17,72,6,74,-8,1776,267,118,1391,KALIMANTAN SELATAN
2020-06-18,101,2,12,87,1877,279,120,1478,KALIMANTAN SELATAN
2020-06-19,54,3,12,39,1931,291,123,1517,KALIMANTAN SELATAN
2020-06-20,68,10,21,37,1999,312,133,1554,KALIMANTAN SELATAN
2020-06-21,76,0,9,67,2075,321,133,1621,KALIMANTAN SELATAN
2020-06-22,68,0,7,61,2143,328,133,1682,KALIMANTAN SELATAN
2020-06-23,24,1,21,2,2167,349,134,1684,KALIMANTAN SELATAN
2020-06-24,75,5,13,57,2242,362,139,1741,KALIMANTAN SELATAN
2020-06-25,48,2,68,-22,2290,430,141,1719,KALIMANTAN SELATAN
2020-06-26,30,0,11,19,2320,441,141,1738,KALIMANTAN SELATAN
2020-06-27,43,4,73,-34,2363,514,145,1704,KALIMANTAN SELATAN
2020-06-28,56,2,59,-5,2419,573,147,1699,KALIMANTAN SELATAN
2020-06-29,31,2,4,25,2450,577,149,1724,KALIMANTAN SELATAN
2020-06-30,81,1,28,52,2531,605,150,1776,KALIMANTAN SELATAN
2020-07-01,59,0,20,39,2590,625,150,1815,KALIMANTAN SELATAN
2020-07-02,92,5,45,42,2682,670,155,1857,KALIMANTAN SELATAN
2020-07-03,93,3,19,71,2775,689,158,1928,KALIMANTAN SELATAN
2020-07-04,61,2,34,25,2836,723,160,1953,KALIMANTAN SELATAN
2020-07-05,35,2,26,7,2871,749,162,1960,KALIMANTAN SELATAN
2020-07-06,48,3,12,33,2919,761,165,1993,KALIMANTAN SELATAN
2020-07-07,52,1,82,-31,2971,843,166,1962,KALIMANTAN SELATAN
2020-07-08,93,2,53,38,3064,896,168,2000,KALIMANTAN SELATAN
2020-07-09,87,2,17,68,3151,913,170,2068,KALIMANTAN SELATAN
2020-07-10,50,0,46,4,3201,959,170,2072,KALIMANTAN SELATAN
2020-07-11,62,4,61,-3,3263,1020,174,2069,KALIMANTAN SELATAN
2020-07-12,66,4,90,-28,3329,1110,178,2041,KALIMANTAN SELATAN
2020-07-13,57,3,18,36,3386,1128,181,2077,KALIMANTAN SELATAN
2020-07-14,121,2,43,76,3507,1171,183,2153,KALIMANTAN SELATAN
2020-07-15,87,7,31,49,3594,1202,190,2202,KALIMANTAN SELATAN
2020-07-16,111,0,53,58,3705,1255,190,2260,KALIMANTAN SELATAN
2020-07-17,76,5,34,37,3781,1289,195,2297,KALIMANTAN SELATAN
2020-07-18,86,3,69,14,3867,1358,198,2311,KALIMANTAN SELATAN
2020-07-19,90,5,23,62,3957,1381,203,2373,KALIMANTAN SELATAN
2020-07-20,43,4,80,-41,4000,1461,207,2332,KALIMANTAN SELATAN
2020-07-21,69,5,156,-92,4069,1617,212,2240,KALIMANTAN SELATAN
2020-07-22,96,0,100,-4,4165,1717,212,2236,KALIMANTAN SELATAN
2020-07-23,94,0,87,7,4259,1804,212,2243,KALIMANTAN SELATAN
2020-07-24,72,3,224,-155,4331,2028,215,2088,KALIMANTAN SELATAN
2020-07-25,97,4,144,-51,4428,2172,219,2037,KALIMANTAN SELATAN
2020-07-26,97,2,108,-13,4525,2280,221,2024,KALIMANTAN SELATAN
2020-07-27,28,3,55,-30,4553,2335,224,1994,KALIMANTAN SELATAN
2020-07-28,84,4,132,-52,4637,2467,228,1942,KALIMANTAN SELATAN
2020-07-29,80,8,55,17,4717,2522,236,1959,KALIMANTAN SELATAN
2020-07-30,72,1,117,-46,4789,2639,237,1913,KALIMANTAN SELATAN
2020-07-31,105,6,51,48,4894,2690,243,1961,KALIMANTAN SELATAN
2020-08-01,44,0,63,-19,4938,2753,243,1942,KALIMANTAN SELATAN
2020-08-02,28,0,16,12,4966,2769,243,1954,KALIMANTAN SELATAN
2020-08-03,32,2,71,-41,4998,2840,245,1913,KALIMANTAN SELATAN
2020-08-04,102,1,42,59,5100,2882,246,1972,KALIMANTAN SELATAN
2020-08-05,42,0,82,-40,5142,2964,246,1932,KALIMANTAN SELATAN
2020-08-06,56,0,23,33,5198,2987,246,1965,KALIMANTAN SELATAN
2020-08-07,46,3,91,-48,5244,3078,249,1917,KALIMANTAN SELATAN
2020-08-08,68,2,36,30,5312,3114,251,1947,KALIMANTAN SELATAN
2020-08-09,73,3,110,-40,5385,3224,254,1907,KALIMANTAN SELATAN
2020-08-10,41,0,25,16,5426,3249,254,1923,KALIMANTAN SELATAN
2020-08-11,58,0,67,-9,5484,3316,254,1914,KALIMANTAN SELATAN
2020-08-12,42,1,68,-27,5526,3384,255,1887,KALIMANTAN SELATAN
2020-08-13,37,3,17,17,5563,3401,258,1904,KALIMANTAN SELATAN
2020-08-14,42,1,46,-5,5605,3447,259,1899,KALIMANTAN SELATAN
2020-08-15,53,2,30,21,5658,3477,261,1920,KALIMANTAN SELATAN
2020-08-16,77,0,68,9,5735,3545,261,1929,KALIMANTAN SELATAN
2020-08-17,76,4,104,-32,5811,3649,265,1897,KALIMANTAN SELATAN
2020-08-18,34,0,33,1,5845,3682,265,1898,KALIMANTAN SELATAN
2020-08-19,61,0,106,-45,5906,3788,265,1853,KALIMANTAN SELATAN
2020-08-20,142,0,63,79,6048,3851,265,1932,KALIMANTAN SELATAN
2020-08-21,61,2,209,-150,6109,4060,267,1782,KALIMANTAN SELATAN
2020-08-22,61,2,182,-123,6170,4242,269,1659,KALIMANTAN SELATAN
2020-08-23,62,1,63,-2,6232,4305,270,1657,KALIMANTAN SELATAN
2020-08-24,46,1,37,8,6278,4342,271,1665,KALIMANTAN SELATAN
2020-08-25,65,4,55,6,6343,4397,275,1671,KALIMANTAN SELATAN
2020-08-26,44,2,114,-72,6387,4511,277,1599,KALIMANTAN SELATAN
2020-08-27,29,2,148,-121,6416,4659,279,1478,KALIMANTAN SELATAN
2020-08-28,51,4,148,-101,6467,4807,283,1377,KALIMANTAN SELATAN
2020-08-29,80,2,118,-40,6547,4925,285,1337,KALIMANTAN SELATAN
2020-08-30,54,2,76,-24,6601,5001,287,1313,KALIMANTAN SELATAN
2020-08-31,28,1,32,-5,6629,5033,288,1308,KALIMANTAN SELATAN
2020-09-01,51,1,87,-37,6680,5120,289,1271,KALIMANTAN SELATAN
2020-09-02,53,3,78,-28,6733,5198,292,1243,KALIMANTAN SELATAN
2020-09-03,98,3,107,-12,6831,5305,295,1231,KALIMANTAN SELATAN
2020-09-04,40,0,30,10,6871,5335,295,1241,KALIMANTAN SELATAN
2020-09-05,64,5,31,28,6935,5366,300,1269,KALIMANTAN SELATAN
2020-09-06,84,1,75,8,7019,5441,301,1277,KALIMANTAN SELATAN
2020-09-07,62,1,40,21,7081,5481,302,1298,KALIMANTAN SELATAN
2020-09-08,53,1,30,22,7134,5511,303,1320,KALIMANTAN SELATAN
2020-09-09,76,1,87,-12,7210,5598,304,1308,KALIMANTAN SELATAN
2020-09-10,63,4,105,-46,7273,5703,308,1262,KALIMANTAN SELATAN
2020-09-11,61,1,82,-22,7334,5785,309,1240,KALIMANTAN SELATAN
2020-09-12,76,2,74,0,7410,5859,311,1240,KALIMANTAN SELATAN
2020-09-13,26,0,61,-35,7436,5920,311,1205,KALIMANTAN SELATAN
2020-09-14,113,3,58,52,7549,5978,314,1257,KALIMANTAN SELATAN
2020-09-15,61,1,44,16,7610,6022,315,1273,KALIMANTAN SELATAN
2020-09-16,7,2,49,-44,7617,6071,317,1229,KALIMANTAN SELATAN
2020-09-17,28,0,30,-2,7645,6101,317,1227,KALIMANTAN SELATAN
2020-09-18,19,2,160,-143,7664,6261,319,1084,KALIMANTAN SELATAN
2020-09-19,62,1,205,-144,7726,6466,320,940,KALIMANTAN SELATAN
2020-09-20,68,1,46,21,7794,6512,321,961,KALIMANTAN SELATAN
2020-09-21,66,2,74,-10,7860,6586,323,951,KALIMANTAN SELATAN
2020-09-22,64,0,34,30,7924,6620,323,981,KALIMANTAN SELATAN
2020-09-23,65,3,77,-15,7989,6697,326,966,KALIMANTAN SELATAN
2020-09-24,51,1,66,-16,8040,6763,327,950,KALIMANTAN SELATAN
2020-09-25,25,4,41,-20,8065,6804,331,930,KALIMANTAN SELATAN
2020-09-26,33,1,13,19,8098,6817,332,949,KALIMANTAN SELATAN
2020-09-27,69,1,64,4,8167,6881,333,953,KALIMANTAN SELATAN
2020-09-28,34,3,70,-39,8201,6951,336,914,KALIMANTAN SELATAN
2020-09-29,39,2,50,-13,8240,7001,338,901,KALIMANTAN SELATAN
2020-09-30,46,1,28,17,8286,7029,339,918,KALIMANTAN SELATAN
2020-10-01,43,0,58,-15,8329,7087,339,903,KALIMANTAN SELATAN
2020-10-02,61,4,53,4,8390,7140,343,907,KALIMANTAN SELATAN
2020-10-03,65,2,57,6,8455,7197,345,913,KALIMANTAN SELATAN
2020-10-04,46,1,71,-26,8501,7268,346,887,KALIMANTAN SELATAN
2020-10-05,35,0,27,8,8536,7295,346,895,KALIMANTAN SELATAN
2020-10-06,57,2,91,-36,8593,7386,348,859,KALIMANTAN SELATAN
2020-10-07,31,1,53,-23,8624,7439,349,836,KALIMANTAN SELATAN
2020-10-08,28,4,56,-32,8652,7495,353,804,KALIMANTAN SELATAN
2020-10-09,64,1,118,-55,8716,7613,354,749,KALIMANTAN SELATAN
2020-10-10,45,0,17,28,8761,7630,354,777,KALIMANTAN SELATAN
2020-10-11,54,1,62,-9,8815,7692,355,768,KALIMANTAN SELATAN
2020-10-12,20,1,37,-18,8835,7729,356,750,KALIMANTAN SELATAN
2020-10-13,58,1,88,-31,8893,7817,357,719,KALIMANTAN SELATAN
2020-10-14,44,2,47,-5,8937,7864,359,714,KALIMANTAN SELATAN
2020-10-15,60,1,43,16,8997,7907,360,730,KALIMANTAN SELATAN
2020-10-16,59,1,33,25,9056,7940,361,755,KALIMANTAN SELATAN
2020-10-17,53,2,51,0,9109,7991,363,755,KALIMANTAN SELATAN
2020-10-18,29,2,47,-20,9138,8038,365,735,KALIMANTAN SELATAN
2020-10-19,7,1,22,-16,9145,8060,366,719,KALIMANTAN SELATAN
2020-10-20,33,2,33,-2,9178,8093,368,717,KALIMANTAN SELATAN
2020-10-21,17,3,31,-17,9195,8124,371,700,KALIMANTAN SELATAN
2020-10-22,23,2,32,-11,9218,8156,373,689,KALIMANTAN SELATAN
2020-10-23,43,2,62,-21,9261,8218,375,668,KALIMANTAN SELATAN
2020-10-24,39,2,77,-40,9300,8295,377,628,KALIMANTAN SELATAN
2020-10-25,16,2,37,-23,9316,8332,379,605,KALIMANTAN SELATAN
2020-10-26,1,1,41,-41,9317,8373,380,564,KALIMANTAN SELATAN
2020-10-27,10,3,23,-16,9327,8396,383,548,KALIMANTAN SELATAN
2020-10-28,55,2,59,-6,9382,8455,385,542,KALIMANTAN SELATAN
2020-10-29,27,1,34,-8,9409,8489,386,534,KALIMANTAN SELATAN
2020-10-30,38,1,49,-12,9447,8538,387,522,KALIMANTAN SELATAN
2020-10-31,42,2,66,-26,9489,8604,389,496,KALIMANTAN SELATAN
2020-11-01,21,0,60,-39,9510,8664,389,457,KALIMANTAN SELATAN
2020-11-02,9,0,19,-10,9519,8683,389,447,KALIMANTAN SELATAN
2020-11-03,12,1,43,-32,9531,8726,390,415,KALIMANTAN SELATAN
2020-11-04,20,0,34,-14,9551,8760,390,401,KALIMANTAN SELATAN
2020-11-05,72,1,24,47,9623,8784,391,448,KALIMANTAN SELATAN
2020-11-06,47,2,35,10,9670,8819,393,458,KALIMANTAN SELATAN
2020-11-07,32,2,12,18,9702,8831,395,476,KALIMANTAN SELATAN
2020-11-08,39,2,16,21,9741,8847,397,497,KALIMANTAN SELATAN
2020-11-09,7,1,8,-2,9748,8855,398,495,KALIMANTAN SELATAN
2020-11-10,44,0,37,7,9792,8892,398,502,KALIMANTAN SELATAN
2020-11-11,56,2,53,1,9848,8945,400,503,KALIMANTAN SELATAN
2020-11-12,42,1,23,18,9890,8968,401,521,KALIMANTAN SELATAN
2020-11-13,27,1,21,5,9917,8989,402,526,KALIMANTAN SELATAN
2020-11-14,46,1,69,-24,9963,9058,403,502,KALIMANTAN SELATAN
2020-11-15,63,0,29,34,10026,9087,403,536,KALIMANTAN SELATAN
2020-11-16,20,2,36,-18,10046,9123,405,518,KALIMANTAN SELATAN
2020-11-17,9,0,140,-131,10055,9263,405,387,KALIMANTAN SELATAN
2020-11-18,68,0,0,68,10123,9263,405,455,KALIMANTAN SELATAN
2020-11-19,31,3,2,26,10154,9265,408,481,KALIMANTAN SELATAN
2020-11-20,52,3,3,46,10206,9268,411,527,KALIMANTAN SELATAN
2020-11-21,75,0,0,75,10281,9268,411,602,KALIMANTAN SELATAN
2020-11-22,65,2,1,62,10346,9269,413,664,KALIMANTAN SELATAN
2020-11-23,8,0,8,0,10354,9277,413,664,KALIMANTAN SELATAN
2020-11-24,17,1,24,-8,10371,9301,414,656,KALIMANTAN SELATAN
2020-11-25,58,1,24,33,10429,9325,415,689,KALIMANTAN SELATAN
2020-11-26,40,3,14,23,10469,9339,418,712,KALIMANTAN SELATAN
2020-11-27,36,2,29,5,10505,9368,420,717,KALIMANTAN SELATAN
2020-11-28,43,1,16,26,10548,9384,421,743,KALIMANTAN SELATAN
2020-11-29,31,2,14,15,10579,9398,423,758,KALIMANTAN SELATAN
2020-11-30,9,0,29,-20,10588,9427,423,738,KALIMANTAN SELATAN
2020-12-01,67,4,37,26,10655,9464,427,764,KALIMANTAN SELATAN
2020-12-02,24,1,59,-36,10679,9523,428,728,KALIMANTAN SELATAN
2020-12-03,43,1,10,32,10722,9533,429,760,KALIMANTAN SELATAN
2020-12-04,54,1,74,-21,10776,9607,430,739,KALIMANTAN SELATAN
2020-12-05,75,0,12,63,10851,9619,430,802,KALIMANTAN SELATAN
2020-12-06,57,1,23,33,10908,9642,431,835,KALIMANTAN SELATAN
2020-12-07,23,1,10,12,10931,9652,432,847,KALIMANTAN SELATAN
2020-12-08,53,1,24,28,10984,9676,433,875,KALIMANTAN SELATAN
2020-12-09,63,3,179,-119,11047,9855,436,756,KALIMANTAN SELATAN
2020-12-10,35,1,92,-58,11082,9947,437,698,KALIMANTAN SELATAN
2020-12-11,49,4,36,9,11131,9983,441,707,KALIMANTAN SELATAN
2020-12-12,68,1,92,-25,11199,10075,442,682,KALIMANTAN SELATAN
2020-12-13,79,1,46,32,11278,10121,443,714,KALIMANTAN SELATAN
2020-12-14,40,1,49,-10,11318,10170,444,704,KALIMANTAN SELATAN
2020-12-15,35,1,49,-15,11353,10219,445,689,KALIMANTAN SELATAN
2020-12-16,57,0,55,2,11410,10274,445,691,KALIMANTAN SELATAN
2020-12-17,73,0,71,2,11483,10345,445,693,KALIMANTAN SELATAN
2020-12-18,70,1,95,-26,11553,10440,446,667,KALIMANTAN SELATAN
2020-12-19,63,4,81,-22,11616,10521,450,645,KALIMANTAN SELATAN
2020-12-20,68,1,35,32,11684,10556,451,677,KALIMANTAN SELATAN
2020-12-21,33,3,21,9,11717,10577,454,686,KALIMANTAN SELATAN
2020-12-22,49,2,25,22,11766,10602,456,708,KALIMANTAN SELATAN
2020-12-23,73,2,28,43,11839,10630,458,751,KALIMANTAN SELATAN
2020-12-24,77,3,28,46,11916,10658,461,797,KALIMANTAN SELATAN
2020-12-25,76,0,62,14,11992,10720,461,811,KALIMANTAN SELATAN
2020-12-26,52,0,69,-17,12044,10789,461,794,KALIMANTAN SELATAN
2020-12-27,39,2,30,7,12083,10819,463,801,KALIMANTAN SELATAN
2020-12-28,14,0,34,-20,12097,10853,463,781,KALIMANTAN SELATAN
2020-12-29,51,2,78,-29,12148,10931,465,752,KALIMANTAN SELATAN
2020-12-30,60,2,59,-1,12208,10990,467,751,KALIMANTAN SELATAN
2020-12-31,52,4,63,-15,12260,11053,471,736,KALIMANTAN SELATAN
2021-01-01,81,0,44,37,12341,11097,471,773,KALIMANTAN SELATAN
2021-01-02,12,0,35,-23,12353,11132,471,750,KALIMANTAN SELATAN
2021-01-03,61,1,71,-11,12414,11203,472,739,KALIMANTAN SELATAN
2021-01-04,16,2,56,-42,12430,11259,474,697,KALIMANTAN SELATAN
2021-01-05,66,1,42,23,12496,11301,475,720,KALIMANTAN SELATAN
2021-01-06,71,2,50,19,12567,11351,477,739,KALIMANTAN SELATAN
2021-01-07,72,0,40,32,12639,11391,477,771,KALIMANTAN SELATAN
2021-01-08,73,1,36,36,12712,11427,478,807,KALIMANTAN SELATAN
2021-01-09,66,1,47,18,12778,11474,479,825,KALIMANTAN SELATAN
2021-01-10,101,2,38,61,12879,11512,481,886,KALIMANTAN SELATAN
2021-01-11,92,2,43,47,12971,11555,483,933,KALIMANTAN SELATAN
2021-01-12,29,0,77,-48,13000,11632,483,885,KALIMANTAN SELATAN
2021-01-13,54,2,32,20,13054,11664,485,905,KALIMANTAN SELATAN
2021-01-14,84,2,58,24,13138,11722,487,929,KALIMANTAN SELATAN
2021-01-15,98,1,64,33,13236,11786,488,962,KALIMANTAN SELATAN
2021-01-16,85,2,58,25,13321,11844,490,987,KALIMANTAN SELATAN
2021-01-17,83,2,50,31,13404,11894,492,1018,KALIMANTAN SELATAN
2021-01-18,9,3,60,-54,13413,11954,495,964,KALIMANTAN SELATAN
2021-01-19,55,1,34,20,13468,11988,496,984,KALIMANTAN SELATAN
2021-01-20,25,1,33,-9,13493,12021,497,975,KALIMANTAN SELATAN
2021-01-21,84,1,57,26,13577,12078,498,1001,KALIMANTAN SELATAN
2021-01-22,92,3,84,5,13669,12162,501,1006,KALIMANTAN SELATAN
2021-01-23,115,2,78,35,13784,12240,503,1041,KALIMANTAN SELATAN
2021-01-24,96,2,70,24,13880,12310,505,1065,KALIMANTAN SELATAN
2021-01-25,106,2,107,-3,13986,12417,507,1062,KALIMANTAN SELATAN
2021-01-26,77,5,61,11,14063,12478,512,1073,KALIMANTAN SELATAN
2021-01-27,45,2,84,-41,14108,12562,514,1032,KALIMANTAN SELATAN
2021-01-28,79,1,43,35,14187,12605,515,1067,KALIMANTAN SELATAN
2021-01-29,91,2,81,8,14278,12686,517,1075,KALIMANTAN SELATAN
2021-01-30,103,2,34,67,14381,12720,519,1142,KALIMANTAN SELATAN
2021-01-31,105,3,73,29,14486,12793,522,1171,KALIMANTAN SELATAN
2021-02-01,58,2,45,11,14544,12838,524,1182,KALIMANTAN SELATAN
2021-02-02,66,1,53,12,14610,12891,525,1194,KALIMANTAN SELATAN
2021-02-03,82,1,35,46,14692,12926,526,1240,KALIMANTAN SELATAN
2021-02-04,83,2,105,-24,14775,13031,528,1216,KALIMANTAN SELATAN
2021-02-05,98,1,50,47,14873,13081,529,1263,KALIMANTAN SELATAN
2021-02-06,117,3,128,-14,14990,13209,532,1249,KALIMANTAN SELATAN
2021-02-07,87,3,41,43,15077,13250,535,1292,KALIMANTAN SELATAN
2021-02-08,65,2,31,32,15142,13281,537,1324,KALIMANTAN SELATAN
2021-02-09,94,1,144,-51,15236,13425,538,1273,KALIMANTAN SELATAN
2021-02-10,113,1,157,-45,15349,13582,539,1228,KALIMANTAN SELATAN
2021-02-11,108,2,78,28,15457,13660,541,1256,KALIMANTAN SELATAN
2021-02-12,106,2,52,52,15563,13712,543,1308,KALIMANTAN SELATAN
2021-02-13,120,0,93,27,15683,13805,543,1335,KALIMANTAN SELATAN
2021-02-14,79,3,81,-5,15762,13886,546,1330,KALIMANTAN SELATAN
2021-02-15,123,0,13,110,15885,13899,546,1440,KALIMANTAN SELATAN
2021-02-16,112,0,45,67,15997,13944,546,1507,KALIMANTAN SELATAN
2021-02-17,130,1,6,123,16127,13950,547,1630,KALIMANTAN SELATAN
2021-02-18,92,0,89,3,16219,14039,547,1633,KALIMANTAN SELATAN
2021-02-19,139,11,168,-40,16358,14207,558,1593,KALIMANTAN SELATAN
2021-02-20,140,0,296,-156,16498,14503,558,1437,KALIMANTAN SELATAN
2021-02-21,125,1,128,-4,16623,14631,559,1433,KALIMANTAN SELATAN
2021-02-22,88,7,161,-80,16711,14792,566,1353,KALIMANTAN SELATAN
2021-02-23,77,1,91,-15,16788,14883,567,1338,KALIMANTAN SELATAN
2021-02-24,107,3,110,-6,16895,14993,570,1332,KALIMANTAN SELATAN
2021-02-25,150,3,77,70,17045,15070,573,1402,KALIMANTAN SELATAN
2021-02-26,151,1,234,-84,17196,15304,574,1318,KALIMANTAN SELATAN
2021-02-27,155,1,103,51,17351,15407,575,1369,KALIMANTAN SELATAN
2021-02-28,139,3,37,99,17490,15444,578,1468,KALIMANTAN SELATAN
2021-03-01,161,0,71,90,17651,15515,578,1558,KALIMANTAN SELATAN
2021-03-02,151,5,83,63,17802,15598,583,1621,KALIMANTAN SELATAN
2021-03-03,148,2,104,42,17950,15702,585,1663,KALIMANTAN SELATAN
2021-03-04,135,4,102,29,18085,15804,589,1692,KALIMANTAN SELATAN
2021-03-05,151,2,190,-41,18236,15994,591,1651,KALIMANTAN SELATAN
2021-03-06,136,5,64,67,18372,16058,596,1718,KALIMANTAN SELATAN
2021-03-07,158,2,109,47,18530,16167,598,1765,KALIMANTAN SELATAN
2021-03-08,129,2,218,-91,18659,16385,600,1674,KALIMANTAN SELATAN
2021-03-09,109,3,110,-4,18768,16495,603,1670,KALIMANTAN SELATAN
2021-03-10,94,4,95,-5,18862,16590,607,1665,KALIMANTAN SELATAN
2021-03-11,151,2,103,46,19013,16693,609,1711,KALIMANTAN SELATAN
2021-03-12,158,2,58,98,19171,16751,611,1809,KALIMANTAN SELATAN
2021-03-13,162,2,116,44,19333,16867,613,1853,KALIMANTAN SELATAN
2021-03-14,159,4,226,-71,19492,17093,617,1782,KALIMANTAN SELATAN
2021-03-15,141,1,121,19,19633,17214,618,1801,KALIMANTAN SELATAN
2021-03-16,160,2,195,-37,19793,17409,620,1764,KALIMANTAN SELATAN
2021-03-17,125,4,102,19,19918,17511,624,1783,KALIMANTAN SELATAN
2021-03-18,100,4,117,-21,20018,17628,628,1762,KALIMANTAN SELATAN
2021-03-19,156,3,126,27,20174,17754,631,1789,KALIMANTAN SELATAN
2021-03-20,182,3,151,28,20356,17905,634,1817,KALIMANTAN SELATAN
2021-03-21,170,0,92,78,20526,17997,634,1895,KALIMANTAN SELATAN
2021-03-22,173,3,74,96,20699,18071,637,1991,KALIMANTAN SELATAN
2021-03-23,116,3,85,28,20815,18156,640,2019,KALIMANTAN SELATAN
2021-03-24,158,2,287,-131,20973,18443,642,1888,KALIMANTAN SELATAN
2021-03-25,182,2,90,90,21155,18533,644,1978,KALIMANTAN SELATAN
2021-03-26,180,3,129,48,21335,18662,647,2026,KALIMANTAN SELATAN
2021-03-27,216,2,134,80,21551,18796,649,2106,KALIMANTAN SELATAN
2021-03-28,197,6,155,36,21748,18951,655,2142,KALIMANTAN SELATAN
2021-03-29,222,6,171,45,21970,19122,661,2187,KALIMANTAN SELATAN
2021-03-30,181,3,64,114,22151,19186,664,2301,KALIMANTAN SELATAN
2021-03-31,209,2,61,146,22360,19247,666,2447,KALIMANTAN SELATAN
2021-04-01,210,3,208,-1,22570,19455,669,2446,KALIMANTAN SELATAN
2021-04-02,217,5,110,102,22787,19565,674,2548,KALIMANTAN SELATAN
2021-04-03,130,5,179,-54,22917,19744,679,2494,KALIMANTAN SELATAN
2021-04-04,237,0,213,24,23154,19957,679,2518,KALIMANTAN SELATAN
2021-04-05,118,2,175,-59,23272,20132,681,2459,KALIMANTAN SELATAN
2021-04-06,122,4,181,-63,23394,20313,685,2396,KALIMANTAN SELATAN
2021-04-07,114,2,101,11,23508,20414,687,2407,KALIMANTAN SELATAN
2021-04-08,245,5,402,-162,23753,20816,692,2245,KALIMANTAN SELATAN
2021-04-09,216,2,146,68,23969,20962,694,2313,KALIMANTAN SELATAN
2021-04-10,204,2,184,18,24173,21146,696,2331,KALIMANTAN SELATAN
2021-04-11,189,0,229,-40,24362,21375,696,2291,KALIMANTAN SELATAN
2021-04-12,67,4,151,-88,24429,21526,700,2203,KALIMANTAN SELATAN
2021-04-13,108,4,101,3,24537,21627,704,2206,KALIMANTAN SELATAN
2021-04-14,211,1,128,82,24748,21755,705,2288,KALIMANTAN SELATAN
2021-04-15,175,4,196,-25,24923,21951,709,2263,KALIMANTAN SELATAN
2021-04-16,119,3,170,-54,25042,22121,712,2209,KALIMANTAN SELATAN
2021-04-17,121,2,227,-108,25163,22348,714,2101,KALIMANTAN SELATAN
2021-04-18,157,3,114,40,25320,22462,717,2141,KALIMANTAN SELATAN
2021-04-19,24,2,90,-68,25344,22552,719,2073,KALIMANTAN SELATAN
2021-04-20,115,2,116,-3,25459,22668,721,2070,KALIMANTAN SELATAN
2021-04-21,86,3,225,-142,25545,22893,724,1928,KALIMANTAN SELATAN
2021-04-22,166,2,169,-5,25711,23062,726,1923,KALIMANTAN SELATAN
2021-04-23,151,3,252,-104,25862,23314,729,1819,KALIMANTAN SELATAN
2021-04-24,148,5,47,96,26010,23361,734,1915,KALIMANTAN SELATAN
2021-04-25,48,2,42,4,26058,23403,736,1919,KALIMANTAN SELATAN
2021-04-26,14,3,170,-159,26072,23573,739,1760,KALIMANTAN SELATAN
2021-04-27,81,4,107,-30,26153,23680,743,1730,KALIMANTAN SELATAN
2021-04-28,55,1,73,-19,26208,23753,744,1711,KALIMANTAN SELATAN
2021-04-29,47,2,47,-2,26255,23800,746,1709,KALIMANTAN SELATAN
2021-04-30,167,0,140,27,26422,23940,746,1736,KALIMANTAN SELATAN
2021-05-01,79,3,84,-8,26501,24024,749,1728,KALIMANTAN SELATAN
2021-05-02,9,2,59,-52,26510,24083,751,1676,KALIMANTAN SELATAN
2021-05-03,24,0,38,-14,26534,24121,751,1662,KALIMANTAN SELATAN
2021-05-04,48,4,178,-134,26582,24299,755,1528,KALIMANTAN SELATAN
2021-05-05,79,2,168,-91,26661,24467,757,1437,KALIMANTAN SELATAN
2021-05-06,47,1,107,-61,26708,24574,758,1376,KALIMANTAN SELATAN
2021-05-07,108,0,173,-65,26816,24747,758,1311,KALIMANTAN SELATAN
2021-05-08,88,2,71,15,26904,24818,760,1326,KALIMANTAN SELATAN
2021-05-09,50,2,106,-58,26954,24924,762,1268,KALIMANTAN SELATAN
2021-05-10,15,2,44,-31,26969,24968,764,1237,KALIMANTAN SELATAN
2021-05-11,35,2,94,-61,27004,25062,766,1176,KALIMANTAN SELATAN
2021-05-12,70,1,374,-305,27074,25436,767,871,KALIMANTAN SELATAN
2021-05-13,23,2,82,-61,27097,25518,769,810,KALIMANTAN SELATAN
2021-05-14,17,1,33,-17,27114,25551,770,793,KALIMANTAN SELATAN
2021-05-15,0,1,30,-31,27114,25581,771,762,KALIMANTAN SELATAN
2021-05-16,29,3,42,-16,27143,25623,774,746,KALIMANTAN SELATAN
2021-05-17,19,3,61,-45,27162,25684,777,701,KALIMANTAN SELATAN
2021-05-18,34,4,61,-31,27196,25745,781,670,KALIMANTAN SELATAN
2021-05-19,43,1,71,-29,27239,25816,782,641,KALIMANTAN SELATAN
2021-05-20,63,2,35,26,27302,25851,784,667,KALIMANTAN SELATAN
2021-05-21,69,2,50,17,27371,25901,786,684,KALIMANTAN SELATAN
2021-05-22,37,0,17,20,27408,25918,786,704,KALIMANTAN SELATAN
2021-05-23,50,2,46,2,27458,25964,788,706,KALIMANTAN SELATAN
2021-05-24,27,2,146,-121,27485,26110,790,585,KALIMANTAN SELATAN
2021-05-25,35,0,49,-14,27520,26159,790,571,KALIMANTAN SELATAN
2021-05-26,68,2,21,45,27588,26180,792,616,KALIMANTAN SELATAN
2021-05-27,48,1,35,12,27636,26215,793,628,KALIMANTAN SELATAN
2021-05-28,49,1,28,20,27685,26243,794,648,KALIMANTAN SELATAN
2021-05-29,90,2,37,51,27775,26280,796,699,KALIMANTAN SELATAN
2021-05-30,53,2,36,15,27828,26316,798,714,KALIMANTAN SELATAN
2021-05-31,12,1,57,-46,27840,26373,799,668,KALIMANTAN SELATAN
2021-06-01,30,2,29,-1,27870,26402,801,667,KALIMANTAN SELATAN
2021-06-02,10,1,22,-13,27880,26424,802,654,KALIMANTAN SELATAN
2021-06-03,46,2,29,15,27926,26453,804,669,KALIMANTAN SELATAN
2021-06-04,42,2,39,1,27968,26492,806,670,KALIMANTAN SELATAN
2021-06-05,36,0,34,2,28004,26526,806,672,KALIMANTAN SELATAN
2021-06-06,53,7,63,-17,28057,26589,813,655,KALIMANTAN SELATAN
2021-06-07,6,1,29,-24,28063,26618,814,631,KALIMANTAN SELATAN
2021-06-08,10,1,44,-35,28073,26662,815,596,KALIMANTAN SELATAN
2021-06-09,23,2,77,-56,28096,26739,817,540,KALIMANTAN SELATAN
2021-06-10,85,1,129,-45,28181,26868,818,495,KALIMANTAN SELATAN
2021-06-11,29,0,28,1,28210,26896,818,496,KALIMANTAN SELATAN
2021-06-12,15,0,19,-4,28225,26915,818,492,KALIMANTAN SELATAN
2021-06-13,25,3,24,-2,28250,26939,821,490,KALIMANTAN SELATAN
2021-06-14,12,1,22,-11,28262,26961,822,479,KALIMANTAN SELATAN
2021-06-15,20,2,34,-16,28282,26995,824,463,KALIMANTAN SELATAN
2021-06-16,44,0,37,7,28326,27032,824,470,KALIMANTAN SELATAN
2021-06-17,74,1,25,48,28400,27057,825,518,KALIMANTAN SELATAN
2021-06-18,23,0,9,14,28423,27066,825,532,KALIMANTAN SELATAN
2021-06-19,43,1,24,18,28466,27090,826,550,KALIMANTAN SELATAN
2021-06-20,17,0,33,-16,28483,27123,826,534,KALIMANTAN SELATAN
2021-06-21,3,1,25,-23,28486,27148,827,511,KALIMANTAN SELATAN
2021-06-22,33,0,15,18,28519,27163,827,529,KALIMANTAN SELATAN
2021-06-23,58,0,67,-9,28577,27230,827,520,KALIMANTAN SELATAN
2021-06-24,29,3,20,6,28606,27250,830,526,KALIMANTAN SELATAN
2021-06-25,49,1,17,31,28655,27267,831,557,KALIMANTAN SELATAN
2021-06-26,64,2,24,38,28719,27291,833,595,KALIMANTAN SELATAN
2021-06-27,16,0,32,-16,28735,27323,833,579,KALIMANTAN SELATAN
2021-06-28,36,3,17,16,28771,27340,836,595,KALIMANTAN SELATAN
2021-06-29,44,1,56,-13,28815,27396,837,582,KALIMANTAN SELATAN
2021-06-30,63,0,18,45,28878,27414,837,627,KALIMANTAN SELATAN
2021-07-01,105,1,40,64,28983,27454,838,691,KALIMANTAN SELATAN
2021-07-02,121,3,54,64,29104,27508,841,755,KALIMANTAN SELATAN
2021-07-03,61,1,22,38,29165,27530,842,793,KALIMANTAN SELATAN
2021-07-04,169,1,102,66,29334,27632,843,859,KALIMANTAN SELATAN
2021-07-05,18,1,17,0,29352,27649,844,859,KALIMANTAN SELATAN
2021-07-06,38,5,57,-24,29390,27706,849,835,KALIMANTAN SELATAN
2021-07-07,90,4,29,57,29480,27735,853,892,KALIMANTAN SELATAN
2021-07-08,115,2,66,47,29595,27801,855,939,KALIMANTAN SELATAN
2021-07-09,162,3,53,106,29757,27854,858,1045,KALIMANTAN SELATAN
2021-07-10,158,5,43,110,29915,27897,863,1155,KALIMANTAN SELATAN
2021-07-11,97,6,29,62,30012,27926,869,1217,KALIMANTAN SELATAN
2021-07-12,36,4,52,-20,30048,27978,873,1197,KALIMANTAN SELATAN
2021-07-13,249,4,64,181,30297,28042,877,1378,KALIMANTAN SELATAN
2021-07-14,326,5,48,273,30623,28090,882,1651,KALIMANTAN SELATAN
2021-07-15,387,5,108,274,31010,28198,887,1925,KALIMANTAN SELATAN
2021-07-16,263,5,108,150,31273,28306,892,2075,KALIMANTAN SELATAN
2021-07-17,520,4,71,445,31793,28377,896,2520,KALIMANTAN SELATAN
2021-07-18,249,5,82,162,32042,28459,901,2682,KALIMANTAN SELATAN
2021-07-19,199,6,27,166,32241,28486,907,2848,KALIMANTAN SELATAN
2021-07-20,392,6,66,320,32633,28552,913,3168,KALIMANTAN SELATAN
2021-07-21,185,6,135,44,32818,28687,919,3212,KALIMANTAN SELATAN
2021-07-22,526,6,117,403,33344,28804,925,3615,KALIMANTAN SELATAN
2021-07-23,715,7,92,616,34059,28896,932,4231,KALIMANTAN SELATAN
2021-07-24,556,0,63,493,34615,28959,932,4724,KALIMANTAN SELATAN
2021-07-25,480,14,128,338,35095,29087,946,5062,KALIMANTAN SELATAN
2021-07-26,156,3,333,-180,35251,29420,949,4882,KALIMANTAN SELATAN
2021-07-27,410,29,284,97,35661,29704,978,4979,KALIMANTAN SELATAN
2021-07-28,698,10,174,514,36359,29878,988,5493,KALIMANTAN SELATAN
2021-07-29,721,24,308,389,37080,30186,1012,5882,KALIMANTAN SELATAN
2021-07-30,783,11,199,573,37863,30385,1023,6455,KALIMANTAN SELATAN
2021-07-31,568,2,114,452,38431,30499,1025,6907,KALIMANTAN SELATAN
2021-08-01,552,22,338,192,38983,30837,1047,7099,KALIMANTAN SELATAN
2021-08-02,380,38,335,7,39363,31172,1085,7106,KALIMANTAN SELATAN
2021-08-03,611,27,246,338,39974,31418,1112,7444,KALIMANTAN SELATAN
2021-08-04,583,13,144,426,40557,31562,1125,7870,KALIMANTAN SELATAN
2021-08-05,689,35,252,402,41246,31814,1160,8272,KALIMANTAN SELATAN
2021-08-06,727,20,633,74,41973,32447,1180,8346,KALIMANTAN SELATAN
2021-08-07,738,32,427,279,42711,32874,1212,8625,KALIMANTAN SELATAN
2021-08-08,669,42,336,291,43380,33210,1254,8916,KALIMANTAN SELATAN
2021-08-09,449,22,549,-122,43829,33759,1276,8794,KALIMANTAN SELATAN
2021-08-10,463,18,485,-40,44292,34244,1294,8754,KALIMANTAN SELATAN
2021-08-11,550,22,207,321,44842,34451,1316,9075,KALIMANTAN SELATAN
2021-08-12,381,24,330,27,45223,34781,1340,9102,KALIMANTAN SELATAN
2021-08-13,660,3,506,151,45883,35287,1343,9253,KALIMANTAN SELATAN
2021-08-14,695,37,323,335,46578,35610,1380,9588,KALIMANTAN SELATAN
2021-08-15,501,30,858,-387,47079,36468,1410,9201,KALIMANTAN SELATAN
2021-08-16,483,21,339,123,47562,36807,1431,9324,KALIMANTAN SELATAN
2021-08-17,519,32,487,0,48081,37294,1463,9324,KALIMANTAN SELATAN
2021-08-18,382,31,637,-286,48463,37931,1494,9038,KALIMANTAN SELATAN
2021-08-19,642,23,613,6,49105,38544,1517,9044,KALIMANTAN SELATAN
2021-08-20,537,17,498,22,49642,39042,1534,9066,KALIMANTAN SELATAN
2021-08-21,548,23,507,18,50190,39549,1557,9084,KALIMANTAN SELATAN
2021-08-22,327,22,557,-252,50517,40106,1579,8832,KALIMANTAN SELATAN
2021-08-23,240,12,649,-421,50757,40755,1591,8411,KALIMANTAN SELATAN
2021-08-24,434,11,433,-10,51191,41188,1602,8401,KALIMANTAN SELATAN
2021-08-25,379,37,555,-213,51570,41743,1639,8188,KALIMANTAN SELATAN
2021-08-26,382,18,790,-426,51952,42533,1657,7762,KALIMANTAN SELATAN
2021-08-27,212,17,754,-559,52164,43287,1674,7203,KALIMANTAN SELATAN
2021-08-28,274,15,803,-544,52438,44090,1689,6659,KALIMANTAN SELATAN
2021-08-29,139,7,658,-526,52577,44748,1696,6133,KALIMANTAN SELATAN
2021-08-30,65,4,835,-774,52642,45583,1700,5359,KALIMANTAN SELATAN
2021-08-31,292,11,834,-553,52934,46417,1711,4806,KALIMANTAN SELATAN
2021-09-01,197,14,721,-538,53131,47138,1725,4268,KALIMANTAN SELATAN
2021-09-02,246,14,233,-1,53377,47371,1739,4267,KALIMANTAN SELATAN
2021-09-03,237,10,968,-741,53614,48339,1749,3526,KALIMANTAN SELATAN
2021-09-04,205,14,482,-291,53819,48821,1763,3235,KALIMANTAN SELATAN
2021-09-05,145,9,467,-331,53964,49288,1772,2904,KALIMANTAN SELATAN
2021-09-06,74,11,387,-324,54038,49675,1783,2580,KALIMANTAN SELATAN
2021-09-07,190,4,420,-234,54228,50095,1787,2346,KALIMANTAN SELATAN
2021-09-08,131,2,47,82,54359,50142,1789,2428,KALIMANTAN SELATAN
2021-09-09,197,7,273,-83,54556,50415,1796,2345,KALIMANTAN SELATAN
2021-09-10,132,15,333,-216,54688,50748,1811,2129,KALIMANTAN SELATAN
2021-09-11,113,9,208,-104,54801,50956,1820,2025,KALIMANTAN SELATAN
2021-09-12,83,3,214,-134,54884,51170,1823,1891,KALIMANTAN SELATAN
2021-09-13,20,0,237,-217,54904,51407,1823,1674,KALIMANTAN SELATAN
2021-09-14,63,8,189,-134,54967,51596,1831,1540,KALIMANTAN SELATAN
2021-09-15,76,0,155,-79,55043,51751,1831,1461,KALIMANTAN SELATAN
2021-09-16,87,1,154,-68,55130,51905,1832,1393,KALIMANTAN SELATAN
2021-09-17,89,0,133,-44,55219,52038,1832,1349,KALIMANTAN SELATAN
2021-09-18,86,4,230,-148,55305,52268,1836,1201,KALIMANTAN SELATAN
2021-09-19,28,3,122,-97,55333,52390,1839,1104,KALIMANTAN SELATAN
2021-09-20,43,0,171,-128,55376,52561,1839,976,KALIMANTAN SELATAN
2021-09-21,56,1,86,-31,55432,52647,1840,945,KALIMANTAN SELATAN
2021-09-22,42,1,85,-44,55474,52732,1841,901,KALIMANTAN SELATAN
2021-09-23,67,1,180,-114,55541,52912,1842,787,KALIMANTAN SELATAN
2021-09-24,53,0,45,8,55594,52957,1842,795,KALIMANTAN SELATAN
2021-09-25,41,1,38,2,55635,52995,1843,797,KALIMANTAN SELATAN
2021-09-26,21,3,61,-43,55656,53056,1846,754,KALIMANTAN SELATAN
2021-09-27,18,10,58,-50,55674,53114,1856,704,KALIMANTAN SELATAN
2021-09-28,32,10,191,-169,55706,53305,1866,535,KALIMANTAN SELATAN
2021-09-29,24,7,125,-108,55730,53430,1873,427,KALIMANTAN SELATAN
2021-09-30,34,3,26,5,55764,53456,1876,432,KALIMANTAN SELATAN
2021-10-01,10,0,82,-72,55774,53538,1876,360,KALIMANTAN SELATAN
2021-10-02,14,2,36,-24,55788,53574,1878,336,KALIMANTAN SELATAN
2021-10-03,13,1,48,-36,55801,53622,1879,300,KALIMANTAN SELATAN
2021-10-04,13,1,26,-14,55814,53648,1880,286,KALIMANTAN SELATAN
2021-10-05,27,3,24,0,55841,53672,1883,286,KALIMANTAN SELATAN
2021-10-06,14,0,24,-10,55855,53696,1883,276,KALIMANTAN SELATAN
2021-10-07,17,1,45,-29,55872,53741,1884,247,KALIMANTAN SELATAN
2021-10-08,32,0,34,-2,55904,53775,1884,245,KALIMANTAN SELATAN
2021-10-09,15,1,11,3,55919,53786,1885,248,KALIMANTAN SELATAN
2021-10-10,12,0,68,-56,55931,53854,1885,192,KALIMANTAN SELATAN
2021-10-11,8,0,8,0,55939,53862,1885,192,KALIMANTAN SELATAN
2021-10-12,9,3,35,-29,55948,53897,1888,163,KALIMANTAN SELATAN
2021-10-13,12,1,18,-7,55960,53915,1889,156,KALIMANTAN SELATAN
2021-10-14,11,1,10,0,55971,53925,1890,156,KALIMANTAN SELATAN
2021-10-15,7,3,22,-18,55978,53947,1893,138,KALIMANTAN SELATAN
2021-10-16,10,0,22,-12,55988,53969,1893,126,KALIMANTAN SELATAN
2021-10-17,7,0,9,-2,55995,53978,1893,124,KALIMANTAN SELATAN
2021-10-18,2,1,11,-10,55997,53989,1894,114,KALIMANTAN SELATAN
2021-10-19,14,2,27,-15,56011,54016,1896,99,KALIMANTAN SELATAN
2021-10-20,7,0,6,1,56018,54022,1896,100,KALIMANTAN SELATAN
2021-10-21,7,1,17,-11,56025,54039,1897,89,KALIMANTAN SELATAN
2021-10-22,10,0,9,1,56035,54048,1897,90,KALIMANTAN SELATAN
2021-10-23,8,0,16,-8,56043,54064,1897,82,KALIMANTAN SELATAN
2021-10-24,6,1,7,-2,56049,54071,1898,80,KALIMANTAN SELATAN
2021-10-25,0,0,0,0,56049,54071,1898,80,KALIMANTAN SELATAN
2021-10-26,5,0,10,-5,56054,54081,1898,75,KALIMANTAN SELATAN
2021-10-27,6,0,5,1,56060,54086,1898,76,KALIMANTAN SELATAN
2021-10-28,6,0,16,-10,56066,54102,1898,66,KALIMANTAN SELATAN
2021-10-29,6,0,9,-3,56072,54111,1898,63,KALIMANTAN SELATAN
2021-10-30,8,2,2,4,56080,54113,1900,67,KALIMANTAN SELATAN
2021-10-31,2,0,8,-6,56082,54121,1900,61,KALIMANTAN SELATAN
2021-11-01,2,1,7,-6,56084,54128,1901,55,KALIMANTAN SELATAN
2021-11-02,3,0,6,-3,56087,54134,1901,52,KALIMANTAN SELATAN
2021-11-03,5,0,7,-2,56092,54141,1901,50,KALIMANTAN SELATAN
2021-11-04,6,0,10,-4,56098,54151,1901,46,KALIMANTAN SELATAN
2021-11-05,6,0,8,-2,56104,54159,1901,44,KALIMANTAN SELATAN
2021-11-06,3,1,5,-3,56107,54164,1902,41,KALIMANTAN SELATAN
2021-11-07,2,0,4,-2,56109,54168,1902,39,KALIMANTAN SELATAN
2021-11-08,1,0,7,-6,56110,54175,1902,33,KALIMANTAN SELATAN
2021-11-09,1,0,2,-1,56111,54177,1902,32,KALIMANTAN SELATAN
2021-11-10,2,0,2,0,56113,54179,1902,32,KALIMANTAN SELATAN
2021-11-11,0,0,4,-4,56113,54183,1902,28,KALIMANTAN SELATAN
2021-11-12,1,1,4,-4,56114,54187,1903,24,KALIMANTAN SELATAN
2021-11-13,3,0,2,1,56117,54189,1903,25,KALIMANTAN SELATAN
2021-11-14,1,0,8,-7,56118,54197,1903,18,KALIMANTAN SELATAN
2021-11-15,1,0,5,-4,56119,54202,1903,14,KALIMANTAN SELATAN
2021-11-16,3,0,0,3,56122,54202,1903,17,KALIMANTAN SELATAN
2021-11-17,3,0,1,2,56125,54203,1903,19,KALIMANTAN SELATAN
2021-11-18,4,0,3,1,56129,54206,1903,20,KALIMANTAN SELATAN
2021-11-19,1,0,4,-3,56130,54210,1903,17,KALIMANTAN SELATAN
2021-11-20,1,0,0,1,56131,54210,1903,18,KALIMANTAN SELATAN
2021-11-21,0,0,0,0,56131,54210,1903,18,KALIMANTAN SELATAN
2021-11-22,1,0,2,-1,56132,54212,1903,17,KALIMANTAN SELATAN
2021-11-23,0,0,0,0,56132,54212,1903,17,KALIMANTAN SELATAN
2021-11-24,6,0,0,6,56138,54212,1903,23,KALIMANTAN SELATAN
2021-11-25,10,0,8,2,56148,54220,1903,25,KALIMANTAN SELATAN
2021-11-26,3,0,4,-1,56151,54224,1903,24,KALIMANTAN SELATAN
2021-11-27,2,0,1,1,56153,54225,1903,25,KALIMANTAN SELATAN
2021-11-28,2,0,1,1,56155,54226,1903,26,KALIMANTAN SELATAN
2021-11-29,0,0,1,-1,56155,54227,1903,25,KALIMANTAN SELATAN
2021-11-30,1,0,1,0,56156,54228,1903,25,KALIMANTAN SELATAN
2021-12-01,9,0,4,5,56165,54232,1903,30,KALIMANTAN SELATAN
2021-12-02,2,0,2,0,56167,54234,1903,30,KALIMANTAN SELATAN
2021-12-03,0,0,0,0,56167,54234,1903,30,KALIMANTAN SELATAN
2021-12-04,0,0,3,-3,56167,54237,1903,27,KALIMANTAN SELATAN
2021-12-05,0,0,1,-1,56167,54238,1903,26,KALIMANTAN SELATAN
2021-12-06,1,1,6,-6,56168,54244,1904,20,KALIMANTAN SELATAN
2021-12-07,1,0,0,1,56169,54244,1904,21,KALIMANTAN SELATAN
2021-12-08,0,0,0,0,56169,54244,1904,21,KALIMANTAN SELATAN
2021-12-09,2,0,12,-10,56171,54256,1904,11,KALIMANTAN SELATAN
2021-12-10,3,0,2,1,56174,54258,1904,12,KALIMANTAN SELATAN
2021-12-11,0,0,0,0,56174,54258,1904,12,KALIMANTAN SELATAN
2021-12-12,0,0,1,-1,56174,54259,1904,11,KALIMANTAN SELATAN
2021-12-13,0,0,2,-2,56174,54261,1904,9,KALIMANTAN SELATAN
2021-12-14,0,0,0,0,56174,54261,1904,9,KALIMANTAN SELATAN
2021-12-15,2,0,1,1,56176,54262,1904,10,KALIMANTAN SELATAN
2021-12-16,1,0,0,1,56177,54262,1904,11,KALIMANTAN SELATAN
2021-12-17,0,0,1,-1,56177,54263,1904,10,KALIMANTAN SELATAN
2021-12-18,1,0,1,0,56178,54264,1904,10,KALIMANTAN SELATAN
2021-12-19,2,0,3,-1,56180,54267,1904,9,KALIMANTAN SELATAN
2021-12-20,1,0,2,-1,56181,54269,1904,8,KALIMANTAN SELATAN
2021-12-21,1,0,1,0,56182,54270,1904,8,KALIMANTAN SELATAN
2021-12-22,1,0,1,0,56183,54271,1904,8,KALIMANTAN SELATAN
2021-12-23,1,0,0,1,56184,54271,1904,9,KALIMANTAN SELATAN
2021-12-24,0,0,0,0,56184,54271,1904,9,KALIMANTAN SELATAN
2021-12-25,2,0,0,2,56186,54271,1904,11,KALIMANTAN SELATAN
2021-12-26,0,0,0,0,56186,54271,1904,11,KALIMANTAN SELATAN
2021-12-27,3,0,0,3,56189,54271,1904,14,KALIMANTAN SELATAN
2021-12-28,1,0,0,1,56190,54271,1904,15,KALIMANTAN SELATAN
2021-12-29,0,0,3,-3,56190,54274,1904,12,KALIMANTAN SELATAN
2021-12-30,0,0,4,-4,56190,54278,1904,8,KALIMANTAN SELATAN
2021-12-31,0,0,0,0,56190,54278,1904,8,KALIMANTAN SELATAN
2022-01-01,1,0,0,1,56191,54278,1904,9,KALIMANTAN SELATAN
2022-01-02,0,0,0,0,56191,54278,1904,9,KALIMANTAN SELATAN
2022-01-03,0,1,0,-1,56191,54278,1905,8,KALIMANTAN SELATAN
2022-01-04,1,0,1,0,56192,54279,1905,8,KALIMANTAN SELATAN
2022-01-05,1,0,3,-2,56193,54282,1905,6,KALIMANTAN SELATAN
2022-01-06,0,0,0,0,56193,54282,1905,6,KALIMANTAN SELATAN
2022-01-07,0,0,3,-3,56193,54285,1905,3,KALIMANTAN SELATAN
2022-01-08,1,0,1,0,56194,54286,1905,3,KALIMANTAN SELATAN
2022-01-09,0,0,0,0,56194,54286,1905,3,KALIMANTAN SELATAN
2022-01-10,0,0,0,0,56194,54286,1905,3,KALIMANTAN SELATAN
2022-01-11,0,0,0,0,56194,54286,1905,3,KALIMANTAN SELATAN
2022-01-12,0,0,0,0,56194,54286,1905,3,KALIMANTAN SELATAN
2022-01-13,0,0,1,-1,56194,54287,1905,2,KALIMANTAN SELATAN
2022-01-14,0,0,0,0,56194,54287,1905,2,KALIMANTAN SELATAN
2022-01-15,1,0,0,1,56195,54287,1905,3,KALIMANTAN SELATAN
2022-01-16,0,0,2,-2,56195,54289,1905,1,KALIMANTAN SELATAN
2022-01-17,0,0,0,0,56195,54289,1905,1,KALIMANTAN SELATAN
2022-01-18,0,0,0,0,56195,54289,1905,1,KALIMANTAN SELATAN
2022-01-19,2,0,0,2,56197,54289,1905,3,KALIMANTAN SELATAN
2022-01-20,7,0,0,7,56204,54289,1905,10,KALIMANTAN SELATAN
2022-01-21,6,0,0,6,56210,54289,1905,16,KALIMANTAN SELATAN
2022-01-22,3,0,0,3,56213,54289,1905,19,KALIMANTAN SELATAN
2022-01-23,0,0,0,0,56213,54289,1905,19,KALIMANTAN SELATAN
2022-01-24,2,0,2,0,56215,54291,1905,19,KALIMANTAN SELATAN
2022-01-25,9,0,0,9,56224,54291,1905,28,KALIMANTAN SELATAN
2022-01-26,8,0,0,8,56232,54291,1905,36,KALIMANTAN SELATAN
2022-01-27,10,0,0,10,56242,54291,1905,46,KALIMANTAN SELATAN
2022-01-28,25,0,0,25,56267,54291,1905,71,KALIMANTAN SELATAN
2022-01-29,27,0,10,17,56294,54301,1905,88,KALIMANTAN SELATAN
2022-01-30,42,0,0,42,56336,54301,1905,130,KALIMANTAN SELATAN
2022-01-31,32,0,0,32,56368,54301,1905,162,KALIMANTAN SELATAN
2022-02-01,67,0,5,62,56435,54306,1905,224,KALIMANTAN SELATAN
2022-02-02,64,0,0,64,56499,54306,1905,288,KALIMANTAN SELATAN
2022-02-03,117,0,2,115,56616,54308,1905,403,KALIMANTAN SELATAN
2022-02-04,192,0,5,187,56808,54313,1905,590,KALIMANTAN SELATAN
2022-02-05,208,1,0,207,57016,54313,1906,797,KALIMANTAN SELATAN
2022-02-06,198,0,16,182,57214,54329,1906,979,KALIMANTAN SELATAN
2022-02-07,89,0,1,88,57303,54330,1906,1067,KALIMANTAN SELATAN
2022-02-08,295,1,8,286,57598,54338,1907,1353,KALIMANTAN SELATAN
2022-02-09,449,3,14,432,58047,54352,1910,1785,KALIMANTAN SELATAN
2022-02-10,354,1,25,328,58401,54377,1911,2113,KALIMANTAN SELATAN
2022-02-11,430,1,69,360,58831,54446,1912,2473,KALIMANTAN SELATAN
2022-02-12,496,4,50,442,59327,54496,1916,2915,KALIMANTAN SELATAN
2022-02-13,391,3,25,363,59718,54521,1919,3278,KALIMANTAN SELATAN
2022-02-14,247,4,281,-38,59965,54802,1923,3240,KALIMANTAN SELATAN
2022-02-15,577,3,51,523,60542,54853,1926,3763,KALIMANTAN SELATAN
2022-02-16,650,2,138,510,61192,54991,1928,4273,KALIMANTAN SELATAN
2022-02-17,588,2,214,372,61780,55205,1930,4645,KALIMANTAN SELATAN
2022-02-18,455,5,518,-68,62235,55723,1935,4577,KALIMANTAN SELATAN
2022-02-19,502,1,81,420,62737,55804,1936,4997,KALIMANTAN SELATAN
2022-02-20,379,5,141,233,63116,55945,1941,5230,KALIMANTAN SELATAN
2022-02-21,267,3,646,-382,63383,56591,1944,4848,KALIMANTAN SELATAN
2022-02-22,527,1,185,341,63910,56776,1945,5189,KALIMANTAN SELATAN
2022-02-23,500,3,266,231,64410,57042,1948,5420,KALIMANTAN SELATAN
2022-02-24,432,0,177,255,64842,57219,1948,5675,KALIMANTAN SELATAN
2022-02-25,339,3,718,-382,65181,57937,1951,5293,KALIMANTAN SELATAN
2022-02-26,296,2,433,-139,65477,58370,1953,5154,KALIMANTAN SELATAN
2022-02-27,228,3,385,-160,65705,58755,1956,4994,KALIMANTAN SELATAN
2022-02-28,85,2,422,-339,65790,59177,1958,4655,KALIMANTAN SELATAN
2022-03-01,149,5,355,-211,65939,59532,1963,4444,KALIMANTAN SELATAN
2022-03-02,229,6,364,-141,66168,59896,1969,4303,KALIMANTAN SELATAN
2022-03-03,213,2,582,-371,66381,60478,1971,3932,KALIMANTAN SELATAN
2022-03-04,91,4,643,-556,66472,61121,1975,3376,KALIMANTAN SELATAN
2022-03-05,148,3,489,-344,66620,61610,1978,3032,KALIMANTAN SELATAN
2022-03-06,80,1,233,-154,66700,61843,1979,2878,KALIMANTAN SELATAN
2022-03-07,29,1,256,-228,66729,62099,1980,2650,KALIMANTAN SELATAN
2022-03-08,116,2,278,-164,66845,62377,1982,2486,KALIMANTAN SELATAN
2022-03-09,103,2,137,-36,66948,62514,1984,2450,KALIMANTAN SELATAN
2022-03-10,81,2,181,-102,67029,62695,1986,2348,KALIMANTAN SELATAN
2022-03-11,69,0,145,-76,67098,62840,1986,2272,KALIMANTAN SELATAN
2022-03-12,53,3,244,-194,67151,63084,1989,2078,KALIMANTAN SELATAN
2022-03-13,36,2,820,-786,67187,63904,1991,1292,KALIMANTAN SELATAN
2022-03-14,13,3,66,-56,67200,63970,1994,1236,KALIMANTAN SELATAN
2022-03-15,53,2,251,-200,67253,64221,1996,1036,KALIMANTAN SELATAN
2022-03-16,27,3,175,-151,67280,64396,1999,885,KALIMANTAN SELATAN
2022-03-17,43,0,103,-60,67323,64499,1999,825,KALIMANTAN SELATAN
2022-03-18,23,4,272,-253,67346,64771,2003,572,KALIMANTAN SELATAN
2022-03-19,11,0,76,-65,67357,64847,2003,507,KALIMANTAN SELATAN
2022-03-20,15,0,83,-68,67372,64930,2003,439,KALIMANTAN SELATAN
2022-03-21,3,0,24,-21,67375,64954,2003,418,KALIMANTAN SELATAN
2022-03-22,45,0,74,-29,67420,65028,2003,389,KALIMANTAN SELATAN
2022-03-23,14,1,17,-4,67434,65045,2004,385,KALIMANTAN SELATAN
2022-03-24,14,1,35,-22,67448,65080,2005,363,KALIMANTAN SELATAN
2022-03-25,15,0,23,-8,67463,65103,2005,355,KALIMANTAN SELATAN
2022-03-26,24,1,14,9,67487,65117,2006,364,KALIMANTAN SELATAN
2022-03-27,8,0,23,-15,67495,65140,2006,349,KALIMANTAN SELATAN
2022-03-28,5,1,88,-84,67500,65228,2007,265,KALIMANTAN SELATAN
2022-03-29,23,0,15,8,67523,65243,2007,273,KALIMANTAN SELATAN
2022-03-30,12,1,42,-31,67535,65285,2008,242,KALIMANTAN SELATAN
2022-03-31,6,0,74,-68,67541,65359,2008,174,KALIMANTAN SELATAN
2022-04-01,12,0,44,-32,67553,65403,2008,142,KALIMANTAN SELATAN
2022-04-02,5,0,7,-2,67558,65410,2008,140,KALIMANTAN SELATAN
2022-04-03,6,0,9,-3,67564,65419,2008,137,KALIMANTAN SELATAN
2022-04-04,3,0,18,-15,67567,65437,2008,122,KALIMANTAN SELATAN
2022-04-05,6,0,13,-7,67573,65450,2008,115,KALIMANTAN SELATAN
2022-04-06,6,0,11,-5,67579,65461,2008,110,KALIMANTAN SELATAN
2022-04-07,2,0,7,-5,67581,65468,2008,105,KALIMANTAN SELATAN
2022-04-08,6,0,6,0,67587,65474,2008,105,KALIMANTAN SELATAN
2022-04-09,4,1,25,-22,67591,65499,2009,83,KALIMANTAN SELATAN
2022-04-10,0,0,15,-15,67591,65514,2009,68,KALIMANTAN SELATAN
2022-04-11,4,0,10,-6,67595,65524,2009,62,KALIMANTAN SELATAN
2022-04-12,8,0,9,-1,67603,65533,2009,61,KALIMANTAN SELATAN
2022-04-13,4,0,10,-6,67607,65543,2009,55,KALIMANTAN SELATAN
2022-04-14,4,0,11,-7,67611,65554,2009,48,KALIMANTAN SELATAN
2022-04-15,2,0,1,1,67613,65555,2009,49,KALIMANTAN SELATAN
2022-04-16,2,0,6,-4,67615,65561,2009,45,KALIMANTAN SELATAN
2022-04-17,4,1,6,-3,67619,65567,2010,42,KALIMANTAN SELATAN
2022-04-18,2,0,7,-5,67621,65574,2010,37,KALIMANTAN SELATAN
2022-04-19,5,1,8,-4,67626,65582,2011,33,KALIMANTAN SELATAN
2022-04-20,3,1,8,-6,67629,65590,2012,27,KALIMANTAN SELATAN
2022-04-21,4,0,1,3,67633,65591,2012,30,KALIMANTAN SELATAN
2022-04-22,5,0,5,0,67638,65596,2012,30,KALIMANTAN SELATAN
2022-04-23,3,0,5,-2,67641,65601,2012,28,KALIMANTAN SELATAN
2022-04-24,2,0,1,1,67643,65602,2012,29,KALIMANTAN SELATAN
2022-04-25,0,0,0,0,67643,65602,2012,29,KALIMANTAN SELATAN
2022-04-26,3,0,0,3,67646,65602,2012,32,KALIMANTAN SELATAN
2022-04-27,4,0,6,-2,67650,65608,2012,30,KALIMANTAN SELATAN
2022-04-28,1,0,1,0,67651,65609,2012,30,KALIMANTAN SELATAN
2022-04-29,7,0,5,2,67658,65614,2012,32,KALIMANTAN SELATAN
2022-04-30,1,0,1,0,67659,65615,2012,32,KALIMANTAN SELATAN
2022-05-01,1,0,3,-2,67660,65618,2012,30,KALIMANTAN SELATAN
2022-05-02,0,0,0,0,67660,65618,2012,30,KALIMANTAN SELATAN
2022-05-03,0,0,1,-1,67660,65619,2012,29,KALIMANTAN SELATAN
2022-05-04,0,0,0,0,67660,65619,2012,29,KALIMANTAN SELATAN
2022-05-05,1,0,2,-1,67661,65621,2012,28,KALIMANTAN SELATAN
2022-05-06,1,0,9,-8,67662,65630,2012,20,KALIMANTAN SELATAN
2022-05-07,3,0,1,2,67665,65631,2012,22,KALIMANTAN SELATAN
2022-05-08,1,0,3,-2,67666,65634,2012,20,KALIMANTAN SELATAN
2022-05-09,0,0,1,-1,67666,65635,2012,19,KALIMANTAN SELATAN
2022-05-10,2,0,7,-5,67668,65642,2012,14,KALIMANTAN SELATAN
2022-05-11,2,0,0,2,67670,65642,2012,16,KALIMANTAN SELATAN
2022-05-12,1,0,0,1,67671,65642,2012,17,KALIMANTAN SELATAN
2022-05-13,1,0,0,1,67672,65642,2012,18,KALIMANTAN SELATAN
2022-05-14,0,0,1,-1,67672,65643,2012,17,KALIMANTAN SELATAN
2022-05-15,3,0,1,2,67675,65644,2012,19,KALIMANTAN SELATAN
2022-05-16,0,0,0,0,67675,65644,2012,19,KALIMANTAN SELATAN
2022-05-17,0,0,1,-1,67675,65645,2012,18,KALIMANTAN SELATAN
2022-05-18,3,0,1,2,67678,65646,2012,20,KALIMANTAN SELATAN
2022-05-19,3,0,3,0,67681,65649,2012,20,KALIMANTAN SELATAN
2022-05-20,2,0,0,2,67683,65649,2012,22,KALIMANTAN SELATAN
2022-05-21,0,0,7,-7,67683,65656,2012,15,KALIMANTAN SELATAN
2022-05-22,2,0,0,2,67685,65656,2012,17,KALIMANTAN SELATAN
2022-05-23,0,0,3,-3,67685,65659,2012,14,KALIMANTAN SELATAN
2022-05-24,3,0,1,2,67688,65660,2012,16,KALIMANTAN SELATAN
2022-05-25,1,0,1,0,67689,65661,2012,16,KALIMANTAN SELATAN
2022-05-26,1,0,0,1,67690,65661,2012,17,KALIMANTAN SELATAN
2022-05-27,0,0,0,0,67690,65661,2012,17,KALIMANTAN SELATAN
2022-05-28,3,0,2,1,67693,65663,2012,18,KALIMANTAN SELATAN
2022-05-29,0,0,1,-1,67693,65664,2012,17,KALIMANTAN SELATAN
2022-05-30,0,0,0,0,67693,65664,2012,17,KALIMANTAN SELATAN
2022-05-31,1,0,2,-1,67694,65666,2012,16,KALIMANTAN SELATAN
2022-06-01,3,0,0,3,67697,65666,2012,19,KALIMANTAN SELATAN
2022-06-02,1,0,3,-2,67698,65669,2012,17,KALIMANTAN SELATAN
2022-06-03,2,0,2,0,67700,65671,2012,17,KALIMANTAN SELATAN
2022-06-04,0,0,1,-1,67700,65672,2012,16,KALIMANTAN SELATAN
2022-06-05,0,0,2,-2,67700,65674,2012,14,KALIMANTAN SELATAN
2022-06-06,2,0,1,1,67702,65675,2012,15,KALIMANTAN SELATAN
2022-06-07,0,0,2,-2,67702,65677,2012,13,KALIMANTAN SELATAN
2022-06-08,2,0,5,-3,67704,65682,2012,10,KALIMANTAN SELATAN
2022-06-09,3,0,0,3,67707,65682,2012,13,KALIMANTAN SELATAN
2022-06-10,2,0,0,2,67709,65682,2012,15,KALIMANTAN SELATAN
2022-06-11,2,0,2,0,67711,65684,2012,15,KALIMANTAN SELATAN
2022-06-12,0,0,0,0,67711,65684,2012,15,KALIMANTAN SELATAN
2022-06-13,2,0,0,2,67713,65684,2012,17,KALIMANTAN SELATAN
2022-06-14,1,0,1,0,67714,65685,2012,17,KALIMANTAN SELATAN
2022-06-15,2,0,0,2,67716,65685,2012,19,KALIMANTAN SELATAN
2022-06-16,1,0,1,0,67717,65686,2012,19,KALIMANTAN SELATAN
2022-06-17,3,0,5,-2,67720,65691,2012,17,KALIMANTAN SELATAN
2022-06-18,0,0,0,0,67720,65691,2012,17,KALIMANTAN SELATAN
2022-06-19,1,0,0,1,67721,65691,2012,18,KALIMANTAN SELATAN
2022-06-20,1,0,1,0,67722,65692,2012,18,KALIMANTAN SELATAN
2022-06-21,2,0,0,2,67724,65692,2012,20,KALIMANTAN SELATAN
2022-06-22,2,0,3,-1,67726,65695,2012,19,KALIMANTAN SELATAN
2022-06-23,3,0,3,0,67729,65698,2012,19,KALIMANTAN SELATAN
2022-06-24,2,0,4,-2,67731,65702,2012,17,KALIMANTAN SELATAN
2022-06-25,3,0,0,3,67734,65702,2012,20,KALIMANTAN SELATAN
2022-06-26,5,0,0,5,67739,65702,2012,25,KALIMANTAN SELATAN
2022-06-27,4,0,2,2,67743,65704,2012,27,KALIMANTAN SELATAN
2022-06-28,3,0,1,2,67746,65705,2012,29,KALIMANTAN SELATAN
2022-06-29,9,0,4,5,67755,65709,2012,34,KALIMANTAN SELATAN
2022-06-30,18,0,5,13,67773,65714,2012,47,KALIMANTAN SELATAN
2022-07-01,9,1,1,7,67782,65715,2013,54,KALIMANTAN SELATAN
2022-07-02,5,0,3,2,67787,65718,2013,56,KALIMANTAN SELATAN
2022-07-03,9,0,0,9,67796,65718,2013,65,KALIMANTAN SELATAN
2022-07-04,0,0,2,-2,67796,65720,2013,63,KALIMANTAN SELATAN
2022-07-05,17,0,9,8,67813,65729,2013,71,KALIMANTAN SELATAN
2022-07-06,3,0,3,0,67816,65732,2013,71,KALIMANTAN SELATAN
2022-07-07,12,0,1,11,67828,65733,2013,82,KALIMANTAN SELATAN
2022-07-08,16,0,6,10,67844,65739,2013,92,KALIMANTAN SELATAN
2022-07-09,14,0,8,6,67858,65747,2013,98,KALIMANTAN SELATAN
2022-07-10,8,1,4,3,67866,65751,2014,101,KALIMANTAN SELATAN
2022-07-11,9,0,3,6,67875,65754,2014,107,KALIMANTAN SELATAN
2022-07-12,21,0,21,0,67896,65775,2014,107,KALIMANTAN SELATAN
2022-07-13,15,0,6,9,67911,65781,2014,116,KALIMANTAN SELATAN
2022-07-14,18,0,5,13,67929,65786,2014,129,KALIMANTAN SELATAN
2022-07-15,21,0,10,11,67950,65796,2014,140,KALIMANTAN SELATAN
2022-07-16,22,0,4,18,67972,65800,2014,158,KALIMANTAN SELATAN
2022-07-17,24,0,7,17,67996,65807,2014,175,KALIMANTAN SELATAN
2022-07-18,24,0,6,18,68020,65813,2014,193,KALIMANTAN SELATAN
2022-07-19,38,1,9,28,68058,65822,2015,221,KALIMANTAN SELATAN
2022-07-20,41,2,13,26,68099,65835,2017,247,KALIMANTAN SELATAN
2022-07-21,37,0,7,30,68136,65842,2017,277,KALIMANTAN SELATAN
2022-07-22,44,0,6,38,68180,65848,2017,315,KALIMANTAN SELATAN
2022-07-23,46,1,62,-17,68226,65910,2018,298,KALIMANTAN SELATAN
2022-07-24,40,0,1,39,68266,65911,2018,337,KALIMANTAN SELATAN
2022-07-25,32,1,19,12,68298,65930,2019,349,KALIMANTAN SELATAN
2022-07-26,64,1,0,63,68362,65930,2020,412,KALIMANTAN SELATAN
2022-07-27,77,0,33,44,68439,65963,2020,456,KALIMANTAN SELATAN
2022-07-28,69,2,23,44,68508,65986,2022,500,KALIMANTAN SELATAN
2022-07-29,58,0,21,37,68566,66007,2022,537,KALIMANTAN SELATAN
2022-07-30,100,1,25,74,68666,66032,2023,611,KALIMANTAN SELATAN
2022-07-31,82,1,35,46,68748,66067,2024,657,KALIMANTAN SELATAN
2022-08-01,35,0,41,-6,68783,66108,2024,651,KALIMANTAN SELATAN
2022-08-02,91,0,10,81,68874,66118,2024,732,KALIMANTAN SELATAN
2022-08-03,84,1,31,52,68958,66149,2025,784,KALIMANTAN SELATAN
2022-08-04,87,2,91,-6,69045,66240,2027,778,KALIMANTAN SELATAN
2022-08-05,119,1,33,85,69164,66273,2028,863,KALIMANTAN SELATAN
2022-08-06,97,1,42,54,69261,66315,2029,917,KALIMANTAN SELATAN
2022-08-07,59,1,57,1,69320,66372,2030,918,KALIMANTAN SELATAN
2022-08-08,34,0,24,10,69354,66396,2030,928,KALIMANTAN SELATAN
2022-08-09,63,1,52,10,69417,66448,2031,938,KALIMANTAN SELATAN
2022-08-10,79,1,72,6,69496,66520,2032,944,KALIMANTAN SELATAN
2022-08-11,74,0,109,-35,69570,66629,2032,909,KALIMANTAN SELATAN
2022-08-12,64,2,29,33,69634,66658,2034,942,KALIMANTAN SELATAN
2022-08-13,57,2,72,-17,69691,66730,2036,925,KALIMANTAN SELATAN
2022-08-14,24,0,103,-79,69715,66833,2036,846,KALIMANTAN SELATAN
2022-08-15,19,4,100,-85,69734,66933,2040,761,KALIMANTAN SELATAN
2022-08-16,66,2,141,-77,69800,67074,2042,684,KALIMANTAN SELATAN
2022-08-17,28,0,27,1,69828,67101,2042,685,KALIMANTAN SELATAN
2022-08-18,18,1,173,-156,69846,67274,2043,529,KALIMANTAN SELATAN
2022-08-19,43,1,36,6,69889,67310,2044,535,KALIMANTAN SELATAN
2022-08-20,33,1,59,-27,69922,67369,2045,508,KALIMANTAN SELATAN
2022-08-21,13,0,5,8,69935,67374,2045,516,KALIMANTAN SELATAN
2022-08-22,26,0,86,-60,69961,67460,2045,456,KALIMANTAN SELATAN
2022-08-23,30,0,49,-19,69991,67509,2045,437,KALIMANTAN SELATAN
2022-08-24,38,0,76,-38,70029,67585,2045,399,KALIMANTAN SELATAN
2022-08-25,14,1,27,-14,70043,67612,2046,385,KALIMANTAN SELATAN
2022-08-26,16,0,76,-60,70059,67688,2046,325,KALIMANTAN SELATAN
2022-08-27,15,3,44,-32,70074,67732,2049,293,KALIMANTAN SELATAN
2022-08-28,7,1,45,-39,70081,67777,2050,254,KALIMANTAN SELATAN
2022-08-29,8,0,17,-9,70089,67794,2050,245,KALIMANTAN SELATAN
2022-08-30,28,1,62,-35,70117,67856,2051,210,KALIMANTAN SELATAN
2022-08-31,18,0,8,10,70135,67864,2051,220,KALIMANTAN SELATAN
2022-09-01,13,0,35,-22,70148,67899,2051,198,KALIMANTAN SELATAN
2022-09-02,11,0,10,1,70159,67909,2051,199,KALIMANTAN SELATAN
2022-09-03,8,0,15,-7,70167,67924,2051,192,KALIMANTAN SELATAN
2022-09-04,10,0,6,4,70177,67930,2051,196,KALIMANTAN SELATAN
2022-09-05,1,0,33,-32,70178,67963,2051,164,KALIMANTAN SELATAN
2022-09-06,10,0,32,-22,70188,67995,2051,142,KALIMANTAN SELATAN
2022-09-07,10,0,24,-14,70198,68019,2051,128,KALIMANTAN SELATAN
2022-09-08,12,0,9,3,70210,68028,2051,131,KALIMANTAN SELATAN
2022-09-09,6,0,15,-9,70216,68043,2051,122,KALIMANTAN SELATAN
2022-09-10,9,1,7,1,70225,68050,2052,123,KALIMANTAN SELATAN
2022-09-11,1,0,2,-1,70226,68052,2052,122,KALIMANTAN SELATAN
2022-09-12,6,0,13,-7,70232,68065,2052,115,KALIMANTAN SELATAN
2022-09-13,6,0,29,-23,70238,68094,2052,92,KALIMANTAN SELATAN
2022-09-14,4,0,10,-6,70242,68104,2052,86,KALIMANTAN SELATAN
2022-09-15,19,0,16,3,70261,68120,2052,89,KALIMANTAN SELATAN
2022-09-16,5,1,14,-10,70266,68134,2053,79,KALIMANTAN SELATAN
2022-09-17,6,0,8,-2,70272,68142,2053,77,KALIMANTAN SELATAN
2022-09-18,0,0,7,-7,70272,68149,2053,70,KALIMANTAN SELATAN
2022-09-19,3,0,9,-6,70275,68158,2053,64,KALIMANTAN SELATAN
2022-09-20,12,0,5,7,70287,68163,2053,71,KALIMANTAN SELATAN
2022-09-21,2,0,13,-11,70289,68176,2053,60,KALIMANTAN SELATAN
2022-09-22,4,0,6,-2,70293,68182,2053,58,KALIMANTAN SELATAN
2022-09-23,4,0,2,2,70297,68184,2053,60,KALIMANTAN SELATAN
2022-09-24,2,0,12,-10,70299,68196,2053,50,KALIMANTAN SELATAN
2022-09-25,1,0,0,1,70300,68196,2053,51,KALIMANTAN SELATAN
2022-09-26,3,0,0,3,70303,68196,2053,54,KALIMANTAN SELATAN
2022-09-27,1,0,0,1,70304,68196,2053,55,KALIMANTAN SELATAN
2022-09-28,3,0,0,3,70307,68196,2053,58,KALIMANTAN SELATAN
2022-09-29,0,0,0,0,70307,68196,2053,58,KALIMANTAN SELATAN
2022-09-30,1,0,0,1,70308,68196,2053,59,KALIMANTAN SELATAN
2020-03-28,2,0,0,2,2,0,0,2,KALIMANTAN UTARA
2020-03-29,0,0,0,0,2,0,0,2,KALIMANTAN UTARA
2020-03-30,0,0,0,0,2,0,0,2,KALIMANTAN UTARA
2020-03-31,0,0,0,0,2,0,0,2,KALIMANTAN UTARA
2020-04-01,0,0,0,0,2,0,0,2,KALIMANTAN UTARA
2020-04-02,0,0,0,0,2,0,0,2,KALIMANTAN UTARA
2020-04-03,5,0,0,5,7,0,0,7,KALIMANTAN UTARA
2020-04-04,0,0,0,0,7,0,0,7,KALIMANTAN UTARA
2020-04-05,0,0,0,0,7,0,0,7,KALIMANTAN UTARA
2020-04-06,5,0,0,5,12,0,0,12,KALIMANTAN UTARA
2020-04-07,0,0,0,0,12,0,0,12,KALIMANTAN UTARA
2020-04-08,1,0,0,1,13,0,0,13,KALIMANTAN UTARA
2020-04-09,0,0,0,0,13,0,0,13,KALIMANTAN UTARA
2020-04-10,0,0,0,0,13,0,0,13,KALIMANTAN UTARA
2020-04-11,0,1,0,-1,13,0,1,12,KALIMANTAN UTARA
2020-04-12,0,0,0,0,13,0,1,12,KALIMANTAN UTARA
2020-04-13,0,0,0,0,13,0,1,12,KALIMANTAN UTARA
2020-04-14,0,0,0,0,13,0,1,12,KALIMANTAN UTARA
2020-04-15,1,0,1,0,14,1,1,12,KALIMANTAN UTARA
2020-04-16,6,0,1,5,20,2,1,17,KALIMANTAN UTARA
2020-04-17,15,0,0,15,35,2,1,32,KALIMANTAN UTARA
2020-04-18,3,0,0,3,38,2,1,35,KALIMANTAN UTARA
2020-04-19,13,0,0,13,51,2,1,48,KALIMANTAN UTARA
2020-04-20,4,0,0,4,55,2,1,52,KALIMANTAN UTARA
2020-04-21,3,0,0,3,58,2,1,55,KALIMANTAN UTARA
2020-04-22,0,0,0,0,58,2,1,55,KALIMANTAN UTARA
2020-04-23,0,0,0,0,58,2,1,55,KALIMANTAN UTARA
2020-04-24,0,0,0,0,58,2,1,55,KALIMANTAN UTARA
2020-04-25,4,0,0,4,62,2,1,59,KALIMANTAN UTARA
2020-04-26,5,0,0,5,67,2,1,64,KALIMANTAN UTARA
2020-04-27,1,0,0,1,68,2,1,65,KALIMANTAN UTARA
2020-04-28,2,0,0,2,70,2,1,67,KALIMANTAN UTARA
2020-04-29,0,0,1,-1,70,3,1,66,KALIMANTAN UTARA
2020-04-30,7,0,0,7,77,3,1,73,KALIMANTAN UTARA
2020-05-01,11,0,0,11,88,3,1,84,KALIMANTAN UTARA
2020-05-02,5,0,0,5,93,3,1,89,KALIMANTAN UTARA
2020-05-03,0,0,0,0,93,3,1,89,KALIMANTAN UTARA
2020-05-04,8,0,0,8,101,3,1,97,KALIMANTAN UTARA
2020-05-05,0,0,0,0,101,3,1,97,KALIMANTAN UTARA
2020-05-06,0,0,0,0,101,3,1,97,KALIMANTAN UTARA
2020-05-07,0,0,0,0,101,3,1,97,KALIMANTAN UTARA
2020-05-08,0,0,0,0,101,3,1,97,KALIMANTAN UTARA
2020-05-09,0,0,0,0,101,3,1,97,KALIMANTAN UTARA
2020-05-10,0,0,1,-1,101,4,1,96,KALIMANTAN UTARA
2020-05-11,1,0,0,1,102,4,1,97,KALIMANTAN UTARA
2020-05-12,0,0,4,-4,102,8,1,93,KALIMANTAN UTARA
2020-05-13,6,0,4,2,108,12,1,95,KALIMANTAN UTARA
2020-05-14,0,0,2,-2,108,14,1,93,KALIMANTAN UTARA
2020-05-15,3,0,6,-3,111,20,1,90,KALIMANTAN UTARA
2020-05-16,9,0,9,0,120,29,1,90,KALIMANTAN UTARA
2020-05-17,1,0,0,1,121,29,1,91,KALIMANTAN UTARA
2020-05-18,0,0,3,-3,121,32,1,88,KALIMANTAN UTARA
2020-05-19,4,0,2,2,125,34,1,90,KALIMANTAN UTARA
2020-05-20,0,0,0,0,125,34,1,90,KALIMANTAN UTARA
2020-05-21,2,0,3,-1,127,37,1,89,KALIMANTAN UTARA
2020-05-22,1,0,2,-1,128,39,1,88,KALIMANTAN UTARA
2020-05-23,0,0,0,0,128,39,1,88,KALIMANTAN UTARA
2020-05-24,0,0,1,-1,128,40,1,87,KALIMANTAN UTARA
2020-05-25,0,0,5,-5,128,45,1,82,KALIMANTAN UTARA
2020-05-26,0,1,3,-4,128,48,2,78,KALIMANTAN UTARA
2020-05-27,1,0,0,1,129,48,2,79,KALIMANTAN UTARA
2020-05-28,0,0,0,0,129,48,2,79,KALIMANTAN UTARA
2020-05-29,0,0,2,-2,129,50,2,77,KALIMANTAN UTARA
2020-05-30,0,0,0,0,129,50,2,77,KALIMANTAN UTARA
2020-05-31,0,0,0,0,129,50,2,77,KALIMANTAN UTARA
2020-06-01,0,0,5,-5,129,55,2,72,KALIMANTAN UTARA
2020-06-02,0,0,2,-2,129,57,2,70,KALIMANTAN UTARA
2020-06-03,0,0,7,-7,129,64,2,63,KALIMANTAN UTARA
2020-06-04,0,0,0,0,129,64,2,63,KALIMANTAN UTARA
2020-06-05,2,0,5,-3,131,69,2,60,KALIMANTAN UTARA
2020-06-06,0,0,11,-11,131,80,2,49,KALIMANTAN UTARA
2020-06-07,1,0,9,-8,132,89,2,41,KALIMANTAN UTARA
2020-06-08,0,0,9,-9,132,98,2,32,KALIMANTAN UTARA
2020-06-09,1,0,1,0,133,99,2,32,KALIMANTAN UTARA
2020-06-10,0,0,2,-2,133,101,2,30,KALIMANTAN UTARA
2020-06-11,0,0,1,-1,133,102,2,29,KALIMANTAN UTARA
2020-06-12,0,0,0,0,133,102,2,29,KALIMANTAN UTARA
2020-06-13,0,0,1,-1,133,103,2,28,KALIMANTAN UTARA
2020-06-14,0,0,0,0,133,103,2,28,KALIMANTAN UTARA
2020-06-15,0,0,0,0,133,103,2,28,KALIMANTAN UTARA
2020-06-16,0,0,6,-6,133,109,2,22,KALIMANTAN UTARA
2020-06-17,0,0,0,0,133,109,2,22,KALIMANTAN UTARA
2020-06-18,0,0,2,-2,133,111,2,20,KALIMANTAN UTARA
2020-06-19,2,0,2,0,135,113,2,20,KALIMANTAN UTARA
2020-06-20,2,0,0,2,137,113,2,22,KALIMANTAN UTARA
2020-06-21,1,0,0,1,138,113,2,23,KALIMANTAN UTARA
2020-06-22,1,0,0,1,139,113,2,24,KALIMANTAN UTARA
2020-06-23,0,0,0,0,139,113,2,24,KALIMANTAN UTARA
2020-06-24,1,0,2,-1,140,115,2,23,KALIMANTAN UTARA
2020-06-25,8,0,0,8,148,115,2,31,KALIMANTAN UTARA
2020-06-26,8,0,0,8,156,115,2,39,KALIMANTAN UTARA
2020-06-27,4,0,2,2,160,117,2,41,KALIMANTAN UTARA
2020-06-28,0,0,3,-3,160,120,2,38,KALIMANTAN UTARA
2020-06-29,3,0,0,3,163,120,2,41,KALIMANTAN UTARA
2020-06-30,2,0,2,0,165,122,2,41,KALIMANTAN UTARA
2020-07-01,0,0,3,-3,165,125,2,38,KALIMANTAN UTARA
2020-07-02,0,0,1,-1,165,126,2,37,KALIMANTAN UTARA
2020-07-03,0,0,6,-6,165,132,2,31,KALIMANTAN UTARA
2020-07-04,0,0,2,-2,165,134,2,29,KALIMANTAN UTARA
2020-07-05,0,0,0,0,165,134,2,29,KALIMANTAN UTARA
2020-07-06,0,0,0,0,165,134,2,29,KALIMANTAN UTARA
2020-07-07,0,0,2,-2,165,136,2,27,KALIMANTAN UTARA
2020-07-08,0,0,1,-1,165,137,2,26,KALIMANTAN UTARA
2020-07-09,7,0,9,-2,172,146,2,24,KALIMANTAN UTARA
2020-07-10,0,0,1,-1,172,147,2,23,KALIMANTAN UTARA
2020-07-11,0,0,0,0,172,147,2,23,KALIMANTAN UTARA
2020-07-12,0,0,0,0,172,147,2,23,KALIMANTAN UTARA
2020-07-13,1,0,0,1,173,147,2,24,KALIMANTAN UTARA
2020-07-14,0,0,0,0,173,147,2,24,KALIMANTAN UTARA
2020-07-15,0,0,0,0,173,147,2,24,KALIMANTAN UTARA
2020-07-16,0,0,1,-1,173,148,2,23,KALIMANTAN UTARA
2020-07-17,1,0,2,-1,174,150,2,22,KALIMANTAN UTARA
2020-07-18,0,0,1,-1,174,151,2,21,KALIMANTAN UTARA
2020-07-19,0,0,0,0,174,151,2,21,KALIMANTAN UTARA
2020-07-20,0,0,16,-16,174,167,2,5,KALIMANTAN UTARA
2020-07-21,0,0,0,0,174,167,2,5,KALIMANTAN UTARA
2020-07-22,0,0,0,0,174,167,2,5,KALIMANTAN UTARA
2020-07-23,1,0,0,1,175,167,2,6,KALIMANTAN UTARA
2020-07-24,0,0,2,-2,175,169,2,4,KALIMANTAN UTARA
2020-07-25,40,0,1,39,215,170,2,43,KALIMANTAN UTARA
2020-07-26,0,0,0,0,215,170,2,43,KALIMANTAN UTARA
2020-07-27,0,0,2,-2,215,172,2,41,KALIMANTAN UTARA
2020-07-28,1,0,0,1,216,172,2,42,KALIMANTAN UTARA
2020-07-29,0,0,0,0,216,172,2,42,KALIMANTAN UTARA
2020-07-30,12,0,0,12,228,172,2,54,KALIMANTAN UTARA
2020-07-31,3,0,0,3,231,172,2,57,KALIMANTAN UTARA
2020-08-01,0,0,0,0,231,172,2,57,KALIMANTAN UTARA
2020-08-02,0,0,0,0,231,172,2,57,KALIMANTAN UTARA
2020-08-03,0,0,1,-1,231,173,2,56,KALIMANTAN UTARA
2020-08-04,2,0,41,-39,233,214,2,17,KALIMANTAN UTARA
2020-08-05,0,0,0,0,233,214,2,17,KALIMANTAN UTARA
2020-08-06,4,0,0,4,237,214,2,21,KALIMANTAN UTARA
2020-08-07,0,0,0,0,237,214,2,21,KALIMANTAN UTARA
2020-08-08,1,0,0,1,238,214,2,22,KALIMANTAN UTARA
2020-08-09,1,0,1,0,239,215,2,22,KALIMANTAN UTARA
2020-08-10,1,0,12,-11,240,227,2,11,KALIMANTAN UTARA
2020-08-11,3,0,0,3,243,227,2,14,KALIMANTAN UTARA
2020-08-12,2,0,0,2,245,227,2,16,KALIMANTAN UTARA
2020-08-13,7,0,7,0,252,234,2,16,KALIMANTAN UTARA
2020-08-14,0,0,0,0,252,234,2,16,KALIMANTAN UTARA
2020-08-15,11,0,0,11,263,234,2,27,KALIMANTAN UTARA
2020-08-16,3,0,0,3,266,234,2,30,KALIMANTAN UTARA
2020-08-17,1,0,2,-1,267,236,2,29,KALIMANTAN UTARA
2020-08-18,0,0,4,-4,267,240,2,25,KALIMANTAN UTARA
2020-08-19,3,0,2,1,270,242,2,26,KALIMANTAN UTARA
2020-08-20,3,0,0,3,273,242,2,29,KALIMANTAN UTARA
2020-08-21,2,0,0,2,275,242,2,31,KALIMANTAN UTARA
2020-08-22,1,0,9,-8,276,251,2,23,KALIMANTAN UTARA
2020-08-23,7,0,3,4,283,254,2,27,KALIMANTAN UTARA
2020-08-24,5,0,2,3,288,256,2,30,KALIMANTAN UTARA
2020-08-25,3,0,1,2,291,257,2,32,KALIMANTAN UTARA
2020-08-26,0,0,1,-1,291,258,2,31,KALIMANTAN UTARA
2020-08-27,0,0,2,-2,291,260,2,29,KALIMANTAN UTARA
2020-08-28,10,0,3,7,301,263,2,36,KALIMANTAN UTARA
2020-08-29,4,0,0,4,305,263,2,40,KALIMANTAN UTARA
2020-08-30,3,0,1,2,308,264,2,42,KALIMANTAN UTARA
2020-08-31,2,0,1,1,310,265,2,43,KALIMANTAN UTARA
2020-09-01,3,0,5,-2,313,270,2,41,KALIMANTAN UTARA
2020-09-02,4,0,1,3,317,271,2,44,KALIMANTAN UTARA
2020-09-03,21,0,12,9,338,283,2,53,KALIMANTAN UTARA
2020-09-04,3,0,3,0,341,286,2,53,KALIMANTAN UTARA
2020-09-05,7,0,3,4,348,289,2,57,KALIMANTAN UTARA
2020-09-06,7,0,0,7,355,289,2,64,KALIMANTAN UTARA
2020-09-07,5,0,1,4,360,290,2,68,KALIMANTAN UTARA
2020-09-08,6,0,7,-1,366,297,2,67,KALIMANTAN UTARA
2020-09-09,1,0,1,0,367,298,2,67,KALIMANTAN UTARA
2020-09-10,1,0,4,-3,368,302,2,64,KALIMANTAN UTARA
2020-09-11,2,0,3,-1,370,305,2,63,KALIMANTAN UTARA
2020-09-12,5,1,1,3,375,306,3,66,KALIMANTAN UTARA
2020-09-13,1,0,4,-3,376,310,3,63,KALIMANTAN UTARA
2020-09-14,3,0,6,-3,379,316,3,60,KALIMANTAN UTARA
2020-09-15,4,0,0,4,383,316,3,64,KALIMANTAN UTARA
2020-09-16,2,0,9,-7,385,325,3,57,KALIMANTAN UTARA
2020-09-17,2,0,7,-5,387,332,3,52,KALIMANTAN UTARA
2020-09-18,2,0,4,-2,389,336,3,50,KALIMANTAN UTARA
2020-09-19,3,0,3,0,392,339,3,50,KALIMANTAN UTARA
2020-09-20,1,0,0,1,393,339,3,51,KALIMANTAN UTARA
2020-09-21,3,0,2,1,396,341,3,52,KALIMANTAN UTARA
2020-09-22,10,0,4,6,406,345,3,58,KALIMANTAN UTARA
2020-09-23,22,0,1,21,428,346,3,79,KALIMANTAN UTARA
2020-09-24,17,0,0,17,445,346,3,96,KALIMANTAN UTARA
2020-09-25,5,0,13,-8,450,359,3,88,KALIMANTAN UTARA
2020-09-26,6,0,0,6,456,359,3,94,KALIMANTAN UTARA
2020-09-27,5,0,1,4,461,360,3,98,KALIMANTAN UTARA
2020-09-28,3,0,0,3,464,360,3,101,KALIMANTAN UTARA
2020-09-29,1,0,1,0,465,361,3,101,KALIMANTAN UTARA
2020-09-30,2,0,36,-34,467,397,3,67,KALIMANTAN UTARA
2020-10-01,5,0,6,-1,472,403,3,66,KALIMANTAN UTARA
2020-10-02,6,0,0,6,478,403,3,72,KALIMANTAN UTARA
2020-10-03,5,0,17,-12,483,420,3,60,KALIMANTAN UTARA
2020-10-04,6,1,4,1,489,424,4,61,KALIMANTAN UTARA
2020-10-05,1,0,3,-2,490,427,4,59,KALIMANTAN UTARA
2020-10-06,4,0,18,-14,494,445,4,45,KALIMANTAN UTARA
2020-10-07,11,0,3,8,505,448,4,53,KALIMANTAN UTARA
2020-10-08,4,0,1,3,509,449,4,56,KALIMANTAN UTARA
2020-10-09,2,0,4,-2,511,453,4,54,KALIMANTAN UTARA
2020-10-10,5,0,6,-1,516,459,4,53,KALIMANTAN UTARA
2020-10-11,8,0,1,7,524,460,4,60,KALIMANTAN UTARA
2020-10-12,3,0,0,3,527,460,4,63,KALIMANTAN UTARA
2020-10-13,12,0,5,7,539,465,4,70,KALIMANTAN UTARA
2020-10-14,10,0,7,3,549,472,4,73,KALIMANTAN UTARA
2020-10-15,0,0,2,-2,549,474,4,71,KALIMANTAN UTARA
2020-10-16,11,0,5,6,560,479,4,77,KALIMANTAN UTARA
2020-10-17,4,0,3,1,564,482,4,78,KALIMANTAN UTARA
2020-10-18,20,0,11,9,584,493,4,87,KALIMANTAN UTARA
2020-10-19,1,0,9,-8,585,502,4,79,KALIMANTAN UTARA
2020-10-20,0,0,0,0,585,502,4,79,KALIMANTAN UTARA
2020-10-21,18,1,9,8,603,511,5,87,KALIMANTAN UTARA
2020-10-22,16,0,5,11,619,516,5,98,KALIMANTAN UTARA
2020-10-23,9,0,9,0,628,525,5,98,KALIMANTAN UTARA
2020-10-24,3,0,8,-5,631,533,5,93,KALIMANTAN UTARA
2020-10-25,12,0,7,5,643,540,5,98,KALIMANTAN UTARA
2020-10-26,2,0,2,0,645,542,5,98,KALIMANTAN UTARA
2020-10-27,8,0,8,0,653,550,5,98,KALIMANTAN UTARA
2020-10-28,8,0,5,3,661,555,5,101,KALIMANTAN UTARA
2020-10-29,5,0,3,2,666,558,5,103,KALIMANTAN UTARA
2020-10-30,7,0,0,7,673,558,5,110,KALIMANTAN UTARA
2020-10-31,0,0,17,-17,673,575,5,93,KALIMANTAN UTARA
2020-11-01,4,0,12,-8,677,587,5,85,KALIMANTAN UTARA
2020-11-02,2,0,6,-4,679,593,5,81,KALIMANTAN UTARA
2020-11-03,7,1,5,1,686,598,6,82,KALIMANTAN UTARA
2020-11-04,11,0,3,8,697,601,6,90,KALIMANTAN UTARA
2020-11-05,12,0,18,-6,709,619,6,84,KALIMANTAN UTARA
2020-11-06,7,1,7,-1,716,626,7,83,KALIMANTAN UTARA
2020-11-07,9,0,9,0,725,635,7,83,KALIMANTAN UTARA
2020-11-08,2,0,8,-6,727,643,7,77,KALIMANTAN UTARA
2020-11-09,4,0,3,1,731,646,7,78,KALIMANTAN UTARA
2020-11-10,5,0,5,0,736,651,7,78,KALIMANTAN UTARA
2020-11-11,10,0,6,4,746,657,7,82,KALIMANTAN UTARA
2020-11-12,12,0,0,12,758,657,7,94,KALIMANTAN UTARA
2020-11-13,6,0,6,0,764,663,7,94,KALIMANTAN UTARA
2020-11-14,21,0,14,7,785,677,7,101,KALIMANTAN UTARA
2020-11-15,15,0,10,5,800,687,7,106,KALIMANTAN UTARA
2020-11-16,2,0,0,2,802,687,7,108,KALIMANTAN UTARA
2020-11-17,14,0,8,6,816,695,7,114,KALIMANTAN UTARA
2020-11-18,10,0,0,10,826,695,7,124,KALIMANTAN UTARA
2020-11-19,0,0,3,-3,826,698,7,121,KALIMANTAN UTARA
2020-11-20,41,0,0,41,867,698,7,162,KALIMANTAN UTARA
2020-11-21,23,0,0,23,890,698,7,185,KALIMANTAN UTARA
2020-11-22,39,4,14,21,929,712,11,206,KALIMANTAN UTARA
2020-11-23,10,0,20,-10,939,732,11,196,KALIMANTAN UTARA
2020-11-24,75,0,10,65,1014,742,11,261,KALIMANTAN UTARA
2020-11-25,42,0,1,41,1056,743,11,302,KALIMANTAN UTARA
2020-11-26,29,0,10,19,1085,753,11,321,KALIMANTAN UTARA
2020-11-27,44,1,8,35,1129,761,12,356,KALIMANTAN UTARA
2020-11-28,24,0,4,20,1153,765,12,376,KALIMANTAN UTARA
2020-11-29,28,0,11,17,1181,776,12,393,KALIMANTAN UTARA
2020-11-30,18,0,22,-4,1199,798,12,389,KALIMANTAN UTARA
2020-12-01,45,0,12,33,1244,810,12,422,KALIMANTAN UTARA
2020-12-02,52,0,17,35,1296,827,12,457,KALIMANTAN UTARA
2020-12-03,21,0,5,16,1317,832,12,473,KALIMANTAN UTARA
2020-12-04,26,0,40,-14,1343,872,12,459,KALIMANTAN UTARA
2020-12-05,43,0,0,43,1386,872,12,502,KALIMANTAN UTARA
2020-12-06,97,1,20,76,1483,892,13,578,KALIMANTAN UTARA
2020-12-07,38,1,0,37,1521,892,14,615,KALIMANTAN UTARA
2020-12-08,28,3,0,25,1549,892,17,640,KALIMANTAN UTARA
2020-12-09,26,0,67,-41,1575,959,17,599,KALIMANTAN UTARA
2020-12-10,42,1,0,41,1617,959,18,640,KALIMANTAN UTARA
2020-12-11,55,1,0,54,1672,959,19,694,KALIMANTAN UTARA
2020-12-12,68,1,13,54,1740,972,20,748,KALIMANTAN UTARA
2020-12-13,31,0,52,-21,1771,1024,20,727,KALIMANTAN UTARA
2020-12-14,70,0,34,36,1841,1058,20,763,KALIMANTAN UTARA
2020-12-15,52,1,6,45,1893,1064,21,808,KALIMANTAN UTARA
2020-12-16,74,0,4,70,1967,1068,21,878,KALIMANTAN UTARA
2020-12-17,60,0,0,60,2027,1068,21,938,KALIMANTAN UTARA
2020-12-18,67,1,64,2,2094,1132,22,940,KALIMANTAN UTARA
2020-12-19,46,0,83,-37,2140,1215,22,903,KALIMANTAN UTARA
2020-12-20,88,2,33,53,2228,1248,24,956,KALIMANTAN UTARA
2020-12-21,86,0,0,86,2314,1248,24,1042,KALIMANTAN UTARA
2020-12-22,36,1,33,2,2350,1281,25,1044,KALIMANTAN UTARA
2020-12-23,75,0,0,75,2425,1281,25,1119,KALIMANTAN UTARA
2020-12-24,30,0,57,-27,2455,1338,25,1092,KALIMANTAN UTARA
2020-12-25,72,0,29,43,2527,1367,25,1135,KALIMANTAN UTARA
2020-12-26,46,0,0,46,2573,1367,25,1181,KALIMANTAN UTARA
2020-12-27,72,0,0,72,2645,1367,25,1253,KALIMANTAN UTARA
2020-12-28,160,4,10,146,2805,1377,29,1399,KALIMANTAN UTARA
2020-12-29,136,0,1,135,2941,1378,29,1534,KALIMANTAN UTARA
2020-12-30,45,13,246,-214,2986,1624,42,1320,KALIMANTAN UTARA
2020-12-31,43,0,25,18,3029,1649,42,1338,KALIMANTAN UTARA
2021-01-01,30,0,83,-53,3059,1732,42,1285,KALIMANTAN UTARA
2021-01-02,38,0,102,-64,3097,1834,42,1221,KALIMANTAN UTARA
2021-01-03,86,0,0,86,3183,1834,42,1307,KALIMANTAN UTARA
2021-01-04,133,0,1,132,3316,1835,42,1439,KALIMANTAN UTARA
2021-01-05,77,5,1,71,3393,1836,47,1510,KALIMANTAN UTARA
2021-01-06,176,0,101,75,3569,1937,47,1585,KALIMANTAN UTARA
2021-01-07,150,1,49,100,3719,1986,48,1685,KALIMANTAN UTARA
2021-01-08,50,0,1,49,3769,1987,48,1734,KALIMANTAN UTARA
2021-01-09,65,0,3,62,3834,1990,48,1796,KALIMANTAN UTARA
2021-01-10,50,0,0,50,3884,1990,48,1846,KALIMANTAN UTARA
2021-01-11,104,0,1,103,3988,1991,48,1949,KALIMANTAN UTARA
2021-01-12,134,0,0,134,4122,1991,48,2083,KALIMANTAN UTARA
2021-01-13,115,0,2,113,4237,1993,48,2196,KALIMANTAN UTARA
2021-01-14,64,0,0,64,4301,1993,48,2260,KALIMANTAN UTARA
2021-01-15,52,0,0,52,4353,1993,48,2312,KALIMANTAN UTARA
2021-01-16,150,0,0,150,4503,1993,48,2462,KALIMANTAN UTARA
2021-01-17,18,0,1,17,4521,1994,48,2479,KALIMANTAN UTARA
2021-01-18,34,0,0,34,4555,1994,48,2513,KALIMANTAN UTARA
2021-01-19,145,0,0,145,4700,1994,48,2658,KALIMANTAN UTARA
2021-01-20,151,1,0,150,4851,1994,49,2808,KALIMANTAN UTARA
2021-01-21,41,0,1,40,4892,1995,49,2848,KALIMANTAN UTARA
2021-01-22,72,0,62,10,4964,2057,49,2858,KALIMANTAN UTARA
2021-01-23,190,0,0,190,5154,2057,49,3048,KALIMANTAN UTARA
2021-01-24,56,0,0,56,5210,2057,49,3104,KALIMANTAN UTARA
2021-01-25,73,1,150,-78,5283,2207,50,3026,KALIMANTAN UTARA
2021-01-26,90,5,450,-365,5373,2657,55,2661,KALIMANTAN UTARA
2021-01-27,52,10,623,-581,5425,3280,65,2080,KALIMANTAN UTARA
2021-01-28,33,2,89,-58,5458,3369,67,2022,KALIMANTAN UTARA
2021-01-29,19,2,222,-205,5477,3591,69,1817,KALIMANTAN UTARA
2021-01-30,160,1,75,84,5637,3666,70,1901,KALIMANTAN UTARA
2021-01-31,12,0,0,12,5649,3666,70,1913,KALIMANTAN UTARA
2021-02-01,89,6,71,12,5738,3737,76,1925,KALIMANTAN UTARA
2021-02-02,81,1,145,-65,5819,3882,77,1860,KALIMANTAN UTARA
2021-02-03,221,2,49,170,6040,3931,79,2030,KALIMANTAN UTARA
2021-02-04,55,1,35,19,6095,3966,80,2049,KALIMANTAN UTARA
2021-02-05,39,0,27,12,6134,3993,80,2061,KALIMANTAN UTARA
2021-02-06,146,0,0,146,6280,3993,80,2207,KALIMANTAN UTARA
2021-02-07,47,0,0,47,6327,3993,80,2254,KALIMANTAN UTARA
2021-02-08,106,0,45,61,6433,4038,80,2315,KALIMANTAN UTARA
2021-02-09,83,0,0,83,6516,4038,80,2398,KALIMANTAN UTARA
2021-02-10,45,3,25,17,6561,4063,83,2415,KALIMANTAN UTARA
2021-02-11,48,0,197,-149,6609,4260,83,2266,KALIMANTAN UTARA
2021-02-12,47,3,125,-81,6656,4385,86,2185,KALIMANTAN UTARA
2021-02-13,110,0,0,110,6766,4385,86,2295,KALIMANTAN UTARA
2021-02-14,67,0,0,67,6833,4385,86,2362,KALIMANTAN UTARA
2021-02-15,152,4,54,94,6985,4439,90,2456,KALIMANTAN UTARA
2021-02-16,56,0,0,56,7041,4439,90,2512,KALIMANTAN UTARA
2021-02-17,46,1,10,35,7087,4449,91,2547,KALIMANTAN UTARA
2021-02-18,100,0,1,99,7187,4450,91,2646,KALIMANTAN UTARA
2021-02-19,46,0,53,-7,7233,4503,91,2639,KALIMANTAN UTARA
2021-02-20,15,0,70,-55,7248,4573,91,2584,KALIMANTAN UTARA
2021-02-21,9,0,0,9,7257,4573,91,2593,KALIMANTAN UTARA
2021-02-22,74,0,45,29,7331,4618,91,2622,KALIMANTAN UTARA
2021-02-23,146,7,286,-147,7477,4904,98,2475,KALIMANTAN UTARA
2021-02-24,8,6,721,-719,7485,5625,104,1756,KALIMANTAN UTARA
2021-02-25,36,1,92,-57,7521,5717,105,1699,KALIMANTAN UTARA
2021-02-26,10,2,37,-29,7531,5754,107,1670,KALIMANTAN UTARA
2021-02-27,148,0,1,147,7679,5755,107,1817,KALIMANTAN UTARA
2021-02-28,57,0,0,57,7736,5755,107,1874,KALIMANTAN UTARA
2021-03-01,90,0,52,38,7826,5807,107,1912,KALIMANTAN UTARA
2021-03-02,37,2,164,-129,7863,5971,109,1783,KALIMANTAN UTARA
2021-03-03,19,0,2,17,7882,5973,109,1800,KALIMANTAN UTARA
2021-03-04,53,1,53,-1,7935,6026,110,1799,KALIMANTAN UTARA
2021-03-05,23,2,130,-109,7958,6156,112,1690,KALIMANTAN UTARA
2021-03-06,53,0,30,23,8011,6186,112,1713,KALIMANTAN UTARA
2021-03-07,24,2,8,14,8035,6194,114,1727,KALIMANTAN UTARA
2021-03-08,28,1,133,-106,8063,6327,115,1621,KALIMANTAN UTARA
2021-03-09,57,0,98,-41,8120,6425,115,1580,KALIMANTAN UTARA
2021-03-10,28,1,179,-152,8148,6604,116,1428,KALIMANTAN UTARA
2021-03-11,38,2,80,-44,8186,6684,118,1384,KALIMANTAN UTARA
2021-03-12,113,0,288,-175,8299,6972,118,1209,KALIMANTAN UTARA
2021-03-13,2,0,35,-33,8301,7007,118,1176,KALIMANTAN UTARA
2021-03-14,24,0,4,20,8325,7011,118,1196,KALIMANTAN UTARA
2021-03-15,37,0,28,9,8362,7039,118,1205,KALIMANTAN UTARA
2021-03-16,31,3,30,-2,8393,7069,121,1203,KALIMANTAN UTARA
2021-03-17,52,1,44,7,8445,7113,122,1210,KALIMANTAN UTARA
2021-03-18,25,1,23,1,8470,7136,123,1211,KALIMANTAN UTARA
2021-03-19,35,1,28,6,8505,7164,124,1217,KALIMANTAN UTARA
2021-03-20,37,0,19,18,8542,7183,124,1235,KALIMANTAN UTARA
2021-03-21,19,0,12,7,8561,7195,124,1242,KALIMANTAN UTARA
2021-03-22,86,0,5,81,8647,7200,124,1323,KALIMANTAN UTARA
2021-03-23,33,2,62,-31,8680,7262,126,1292,KALIMANTAN UTARA
2021-03-24,14,0,43,-29,8694,7305,126,1263,KALIMANTAN UTARA
2021-03-25,29,1,8,20,8723,7313,127,1283,KALIMANTAN UTARA
2021-03-26,39,0,51,-12,8762,7364,127,1271,KALIMANTAN UTARA
2021-03-27,22,2,15,5,8784,7379,129,1276,KALIMANTAN UTARA
2021-03-28,46,0,26,20,8830,7405,129,1296,KALIMANTAN UTARA
2021-03-29,13,1,5,7,8843,7410,130,1303,KALIMANTAN UTARA
2021-03-30,25,0,118,-93,8868,7528,130,1210,KALIMANTAN UTARA
2021-03-31,18,1,6,11,8886,7534,131,1221,KALIMANTAN UTARA
2021-04-01,19,0,19,0,8905,7553,131,1221,KALIMANTAN UTARA
2021-04-02,11,0,27,-16,8916,7580,131,1205,KALIMANTAN UTARA
2021-04-03,49,1,27,21,8965,7607,132,1226,KALIMANTAN UTARA
2021-04-04,33,0,18,15,8998,7625,132,1241,KALIMANTAN UTARA
2021-04-05,6,0,2,4,9004,7627,132,1245,KALIMANTAN UTARA
2021-04-06,11,1,51,-41,9015,7678,133,1204,KALIMANTAN UTARA
2021-04-07,5,0,31,-26,9020,7709,133,1178,KALIMANTAN UTARA
2021-04-08,0,0,0,0,9020,7709,133,1178,KALIMANTAN UTARA
2021-04-09,33,1,50,-18,9053,7759,134,1160,KALIMANTAN UTARA
2021-04-10,21,0,9,12,9074,7768,134,1172,KALIMANTAN UTARA
2021-04-11,10,0,42,-32,9084,7810,134,1140,KALIMANTAN UTARA
2021-04-12,12,0,137,-125,9096,7947,134,1015,KALIMANTAN UTARA
2021-04-13,13,1,107,-95,9109,8054,135,920,KALIMANTAN UTARA
2021-04-14,15,0,70,-55,9124,8124,135,865,KALIMANTAN UTARA
2021-04-15,21,0,14,7,9145,8138,135,872,KALIMANTAN UTARA
2021-04-16,6,0,8,-2,9151,8146,135,870,KALIMANTAN UTARA
2021-04-17,12,0,18,-6,9163,8164,135,864,KALIMANTAN UTARA
2021-04-18,39,0,8,31,9202,8172,135,895,KALIMANTAN UTARA
2021-04-19,13,0,253,-240,9215,8425,135,655,KALIMANTAN UTARA
2021-04-20,20,4,188,-172,9235,8613,139,483,KALIMANTAN UTARA
2021-04-21,7,0,59,-52,9242,8672,139,431,KALIMANTAN UTARA
2021-04-22,21,0,11,10,9263,8683,139,441,KALIMANTAN UTARA
2021-04-23,12,0,9,3,9275,8692,139,444,KALIMANTAN UTARA
2021-04-24,9,0,2,7,9284,8694,139,451,KALIMANTAN UTARA
2021-04-25,12,0,20,-8,9296,8714,139,443,KALIMANTAN UTARA
2021-04-26,16,0,21,-5,9312,8735,139,438,KALIMANTAN UTARA
2021-04-27,23,0,32,-9,9335,8767,139,429,KALIMANTAN UTARA
2021-04-28,17,0,7,10,9352,8774,139,439,KALIMANTAN UTARA
2021-04-29,9,0,5,4,9361,8779,139,443,KALIMANTAN UTARA
2021-04-30,7,0,25,-18,9368,8804,139,425,KALIMANTAN UTARA
2021-05-01,5,0,7,-2,9373,8811,139,423,KALIMANTAN UTARA
2021-05-02,27,0,1,26,9400,8812,139,449,KALIMANTAN UTARA
2021-05-03,11,0,35,-24,9411,8847,139,425,KALIMANTAN UTARA
2021-05-04,12,0,13,-1,9423,8860,139,424,KALIMANTAN UTARA
2021-05-05,3,1,11,-9,9426,8871,140,415,KALIMANTAN UTARA
2021-05-06,7,0,21,-14,9433,8892,140,401,KALIMANTAN UTARA
2021-05-07,14,0,16,-2,9447,8908,140,399,KALIMANTAN UTARA
2021-05-08,2,0,3,-1,9449,8911,140,398,KALIMANTAN UTARA
2021-05-09,14,0,7,7,9463,8918,140,405,KALIMANTAN UTARA
2021-05-10,4,0,21,-17,9467,8939,140,388,KALIMANTAN UTARA
2021-05-11,10,0,29,-19,9477,8968,140,369,KALIMANTAN UTARA
2021-05-12,0,0,4,-4,9477,8972,140,365,KALIMANTAN UTARA
2021-05-13,0,0,5,-5,9477,8977,140,360,KALIMANTAN UTARA
2021-05-14,6,0,0,6,9483,8977,140,366,KALIMANTAN UTARA
2021-05-15,3,0,5,-2,9486,8982,140,364,KALIMANTAN UTARA
2021-05-16,1,0,1,0,9487,8983,140,364,KALIMANTAN UTARA
2021-05-17,4,0,11,-7,9491,8994,140,357,KALIMANTAN UTARA
2021-05-18,4,0,32,-28,9495,9026,140,329,KALIMANTAN UTARA
2021-05-19,34,0,10,24,9529,9036,140,353,KALIMANTAN UTARA
2021-05-20,25,0,3,22,9554,9039,140,375,KALIMANTAN UTARA
2021-05-21,24,0,2,22,9578,9041,140,397,KALIMANTAN UTARA
2021-05-22,25,0,14,11,9603,9055,140,408,KALIMANTAN UTARA
2021-05-23,31,1,9,21,9634,9064,141,429,KALIMANTAN UTARA
2021-05-24,39,0,0,39,9673,9064,141,468,KALIMANTAN UTARA
2021-05-25,26,0,10,16,9699,9074,141,484,KALIMANTAN UTARA
2021-05-26,10,0,1,9,9709,9075,141,493,KALIMANTAN UTARA
2021-05-27,4,0,14,-10,9713,9089,141,483,KALIMANTAN UTARA
2021-05-28,21,0,6,15,9734,9095,141,498,KALIMANTAN UTARA
2021-05-29,15,1,10,4,9749,9105,142,502,KALIMANTAN UTARA
2021-05-30,3,0,1,2,9752,9106,142,504,KALIMANTAN UTARA
2021-05-31,28,0,3,25,9780,9109,142,529,KALIMANTAN UTARA
2021-06-01,20,0,19,1,9800,9128,142,530,KALIMANTAN UTARA
2021-06-02,8,0,46,-38,9808,9174,142,492,KALIMANTAN UTARA
2021-06-03,12,0,29,-17,9820,9203,142,475,KALIMANTAN UTARA
2021-06-04,14,0,28,-14,9834,9231,142,461,KALIMANTAN UTARA
2021-06-05,21,0,1,20,9855,9232,142,481,KALIMANTAN UTARA
2021-06-06,6,0,39,-33,9861,9271,142,448,KALIMANTAN UTARA
2021-06-07,4,0,18,-14,9865,9289,142,434,KALIMANTAN UTARA
2021-06-08,6,1,6,-1,9871,9295,143,433,KALIMANTAN UTARA
2021-06-09,6,0,38,-32,9877,9333,143,401,KALIMANTAN UTARA
2021-06-10,14,0,23,-9,9891,9356,143,392,KALIMANTAN UTARA
2021-06-11,8,0,6,2,9899,9362,143,394,KALIMANTAN UTARA
2021-06-12,7,0,0,7,9906,9362,143,401,KALIMANTAN UTARA
2021-06-13,26,0,27,-1,9932,9389,143,400,KALIMANTAN UTARA
2021-06-14,4,0,12,-8,9936,9401,143,392,KALIMANTAN UTARA
2021-06-15,22,1,4,17,9958,9405,144,409,KALIMANTAN UTARA
2021-06-16,14,0,2,12,9972,9407,144,421,KALIMANTAN UTARA
2021-06-17,25,0,2,23,9997,9409,144,444,KALIMANTAN UTARA
2021-06-18,36,1,19,16,10033,9428,145,460,KALIMANTAN UTARA
2021-06-19,9,0,20,-11,10042,9448,145,449,KALIMANTAN UTARA
2021-06-20,31,0,9,22,10073,9457,145,471,KALIMANTAN UTARA
2021-06-21,7,1,0,6,10080,9457,146,477,KALIMANTAN UTARA
2021-06-22,33,0,4,29,10113,9461,146,506,KALIMANTAN UTARA
2021-06-23,67,0,3,64,10180,9464,146,570,KALIMANTAN UTARA
2021-06-24,22,1,10,11,10202,9474,147,581,KALIMANTAN UTARA
2021-06-25,0,0,0,0,10202,9474,147,581,KALIMANTAN UTARA
2021-06-26,0,0,0,0,10202,9474,147,581,KALIMANTAN UTARA
2021-06-27,0,0,0,0,10202,9474,147,581,KALIMANTAN UTARA
2021-06-28,0,0,0,0,10202,9474,147,581,KALIMANTAN UTARA
2021-06-29,60,0,6,54,10262,9480,147,635,KALIMANTAN UTARA
2021-06-30,123,3,66,54,10385,9546,150,689,KALIMANTAN UTARA
2021-07-01,165,2,63,100,10550,9609,152,789,KALIMANTAN UTARA
2021-07-02,81,0,9,72,10631,9618,152,861,KALIMANTAN UTARA
2021-07-03,100,3,47,50,10731,9665,155,911,KALIMANTAN UTARA
2021-07-04,0,0,0,0,10731,9665,155,911,KALIMANTAN UTARA
2021-07-05,121,0,34,87,10852,9699,155,998,KALIMANTAN UTARA
2021-07-06,165,0,56,109,11017,9755,155,1107,KALIMANTAN UTARA
2021-07-07,125,1,20,104,11142,9775,156,1211,KALIMANTAN UTARA
2021-07-08,100,1,22,77,11242,9797,157,1288,KALIMANTAN UTARA
2021-07-09,138,1,17,120,11380,9814,158,1408,KALIMANTAN UTARA
2021-07-10,202,1,34,167,11582,9848,159,1575,KALIMANTAN UTARA
2021-07-11,222,3,47,172,11804,9895,162,1747,KALIMANTAN UTARA
2021-07-12,78,4,33,41,11882,9928,166,1788,KALIMANTAN UTARA
2021-07-13,133,2,38,93,12015,9966,168,1881,KALIMANTAN UTARA
2021-07-14,193,5,87,101,12208,10053,173,1982,KALIMANTAN UTARA
2021-07-15,130,1,87,42,12338,10140,174,2024,KALIMANTAN UTARA
2021-07-16,135,3,93,39,12473,10233,177,2063,KALIMANTAN UTARA
2021-07-17,291,4,93,194,12764,10326,181,2257,KALIMANTAN UTARA
2021-07-18,241,3,138,100,13005,10464,184,2357,KALIMANTAN UTARA
2021-07-19,107,5,87,15,13112,10551,189,2372,KALIMANTAN UTARA
2021-07-20,233,9,73,151,13345,10624,198,2523,KALIMANTAN UTARA
2021-07-21,204,4,41,159,13549,10665,202,2682,KALIMANTAN UTARA
2021-07-22,309,5,184,120,13858,10849,207,2802,KALIMANTAN UTARA
2021-07-23,364,2,136,226,14222,10985,209,3028,KALIMANTAN UTARA
2021-07-24,304,9,83,212,14526,11068,218,3240,KALIMANTAN UTARA
2021-07-25,335,3,117,215,14861,11185,221,3455,KALIMANTAN UTARA
2021-07-26,164,8,88,68,15025,11273,229,3523,KALIMANTAN UTARA
2021-07-27,359,10,287,62,15384,11560,239,3585,KALIMANTAN UTARA
2021-07-28,471,10,302,159,15855,11862,249,3744,KALIMANTAN UTARA
2021-07-29,403,5,76,322,16258,11938,254,4066,KALIMANTAN UTARA
2021-07-30,415,6,256,153,16673,12194,260,4219,KALIMANTAN UTARA
2021-07-31,462,8,248,206,17135,12442,268,4425,KALIMANTAN UTARA
2021-08-01,433,7,109,317,17568,12551,275,4742,KALIMANTAN UTARA
2021-08-02,206,14,88,104,17774,12639,289,4846,KALIMANTAN UTARA
2021-08-03,382,6,467,-91,18156,13106,295,4755,KALIMANTAN UTARA
2021-08-04,514,16,246,252,18670,13352,311,5007,KALIMANTAN UTARA
2021-08-05,482,9,326,147,19152,13678,320,5154,KALIMANTAN UTARA
2021-08-06,420,6,173,241,19572,13851,326,5395,KALIMANTAN UTARA
2021-08-07,349,13,166,170,19921,14017,339,5565,KALIMANTAN UTARA
2021-08-08,271,7,317,-53,20192,14334,346,5512,KALIMANTAN UTARA
2021-08-09,256,18,92,146,20448,14426,364,5658,KALIMANTAN UTARA
2021-08-10,401,21,297,83,20849,14723,385,5741,KALIMANTAN UTARA
2021-08-11,414,10,192,212,21263,14915,395,5953,KALIMANTAN UTARA
2021-08-12,265,10,348,-93,21528,15263,405,5860,KALIMANTAN UTARA
2021-08-13,265,9,365,-109,21793,15628,414,5751,KALIMANTAN UTARA
2021-08-14,288,10,535,-257,22081,16163,424,5494,KALIMANTAN UTARA
2021-08-15,327,18,244,65,22408,16407,442,5559,KALIMANTAN UTARA
2021-08-16,159,9,113,37,22567,16520,451,5596,KALIMANTAN UTARA
2021-08-17,377,11,351,15,22944,16871,462,5611,KALIMANTAN UTARA
2021-08-18,138,9,474,-345,23082,17345,471,5266,KALIMANTAN UTARA
2021-08-19,340,4,195,141,23422,17540,475,5407,KALIMANTAN UTARA
2021-08-20,272,4,337,-69,23694,17877,479,5338,KALIMANTAN UTARA
2021-08-21,195,4,306,-115,23889,18183,483,5223,KALIMANTAN UTARA
2021-08-22,148,6,367,-225,24037,18550,489,4998,KALIMANTAN UTARA
2021-08-23,142,8,448,-314,24179,18998,497,4684,KALIMANTAN UTARA
2021-08-24,180,8,310,-138,24359,19308,505,4546,KALIMANTAN UTARA
2021-08-25,219,5,547,-333,24578,19855,510,4213,KALIMANTAN UTARA
2021-08-26,169,1,154,14,24747,20009,511,4227,KALIMANTAN UTARA
2021-08-27,299,4,187,108,25046,20196,515,4335,KALIMANTAN UTARA
2021-08-28,249,2,346,-99,25295,20542,517,4236,KALIMANTAN UTARA
2021-08-29,34,5,276,-247,25329,20818,522,3989,KALIMANTAN UTARA
2021-08-30,121,6,450,-335,25450,21268,528,3654,KALIMANTAN UTARA
2021-08-31,201,8,394,-201,25651,21662,536,3453,KALIMANTAN UTARA
2021-09-01,145,5,430,-290,25796,22092,541,3163,KALIMANTAN UTARA
2021-09-02,144,7,284,-147,25940,22376,548,3016,KALIMANTAN UTARA
2021-09-03,144,4,26,114,26084,22402,552,3130,KALIMANTAN UTARA
2021-09-04,90,1,83,6,26174,22485,553,3136,KALIMANTAN UTARA
2021-09-05,97,2,404,-309,26271,22889,555,2827,KALIMANTAN UTARA
2021-09-06,64,4,350,-290,26335,23239,559,2537,KALIMANTAN UTARA
2021-09-07,57,0,139,-82,26392,23378,559,2455,KALIMANTAN UTARA
2021-09-08,123,6,340,-223,26515,23718,565,2232,KALIMANTAN UTARA
2021-09-09,152,0,133,19,26667,23851,565,2251,KALIMANTAN UTARA
2021-09-10,160,12,75,73,26827,23926,577,2324,KALIMANTAN UTARA
2021-09-11,73,2,110,-39,26900,24036,579,2285,KALIMANTAN UTARA
2021-09-12,121,2,151,-32,27021,24187,581,2253,KALIMANTAN UTARA
2021-09-13,60,4,140,-84,27081,24327,585,2169,KALIMANTAN UTARA
2021-09-14,12,3,73,-64,27093,24400,588,2105,KALIMANTAN UTARA
2021-09-15,86,0,2,84,27179,24402,588,2189,KALIMANTAN UTARA
2021-09-16,76,0,0,76,27255,24402,588,2265,KALIMANTAN UTARA
2021-09-17,45,0,5,40,27300,24407,588,2305,KALIMANTAN UTARA
2021-09-18,69,0,2,67,27369,24409,588,2372,KALIMANTAN UTARA
2021-09-19,55,1,28,26,27424,24437,589,2398,KALIMANTAN UTARA
2021-09-20,59,0,14,45,27483,24451,589,2443,KALIMANTAN UTARA
2021-09-21,70,9,130,-69,27553,24581,598,2374,KALIMANTAN UTARA
2021-09-22,14,0,32,-18,27567,24613,598,2356,KALIMANTAN UTARA
2021-09-23,60,0,35,25,27627,24648,598,2381,KALIMANTAN UTARA
2021-09-24,66,0,7,59,27693,24655,598,2440,KALIMANTAN UTARA
2021-09-25,27,2,86,-61,27720,24741,600,2379,KALIMANTAN UTARA
2021-09-26,54,1,10,43,27774,24751,601,2422,KALIMANTAN UTARA
2021-09-27,50,0,17,33,27824,24768,601,2455,KALIMANTAN UTARA
2021-09-28,45,1,20,24,27869,24788,602,2479,KALIMANTAN UTARA
2021-09-29,47,2,65,-20,27916,24853,604,2459,KALIMANTAN UTARA
2021-09-30,38,2,68,-32,27954,24921,606,2427,KALIMANTAN UTARA
2021-10-01,42,1,17,24,27996,24938,607,2451,KALIMANTAN UTARA
2021-10-02,26,0,9,17,28022,24947,607,2468,KALIMANTAN UTARA
2021-10-03,31,0,10,21,28053,24957,607,2489,KALIMANTAN UTARA
2021-10-04,11,0,4,7,28064,24961,607,2496,KALIMANTAN UTARA
2021-10-05,46,0,21,25,28110,24982,607,2521,KALIMANTAN UTARA
2021-10-06,9,7,580,-578,28119,25562,614,1943,KALIMANTAN UTARA
2021-10-07,39,3,62,-26,28158,25624,617,1917,KALIMANTAN UTARA
2021-10-08,37,1,899,-863,28195,26523,618,1054,KALIMANTAN UTARA
2021-10-09,34,0,83,-49,28229,26606,618,1005,KALIMANTAN UTARA
2021-10-10,22,0,54,-32,28251,26660,618,973,KALIMANTAN UTARA
2021-10-11,22,0,21,1,28273,26681,618,974,KALIMANTAN UTARA
2021-10-12,32,1,69,-38,28305,26750,619,936,KALIMANTAN UTARA
2021-10-13,17,0,31,-14,28322,26781,619,922,KALIMANTAN UTARA
2021-10-14,18,0,29,-11,28340,26810,619,911,KALIMANTAN UTARA
2021-10-15,16,1,13,2,28356,26823,620,913,KALIMANTAN UTARA
2021-10-16,27,0,8,19,28383,26831,620,932,KALIMANTAN UTARA
2021-10-17,20,0,75,-55,28403,26906,620,877,KALIMANTAN UTARA
2021-10-18,8,3,8,-3,28411,26914,623,874,KALIMANTAN UTARA
2021-10-19,7,4,23,-20,28418,26937,627,854,KALIMANTAN UTARA
2021-10-20,19,1,4,14,28437,26941,628,868,KALIMANTAN UTARA
2021-10-21,20,0,20,0,28457,26961,628,868,KALIMANTAN UTARA
2021-10-22,13,0,16,-3,28470,26977,628,865,KALIMANTAN UTARA
2021-10-23,10,0,4,6,28480,26981,628,871,KALIMANTAN UTARA
2021-10-24,17,0,39,-22,28497,27020,628,849,KALIMANTAN UTARA
2021-10-25,21,0,117,-96,28518,27137,628,753,KALIMANTAN UTARA
2021-10-26,5,0,10,-5,28523,27147,628,748,KALIMANTAN UTARA
2021-10-27,10,0,35,-25,28533,27182,628,723,KALIMANTAN UTARA
2021-10-28,8,0,10,-2,28541,27192,628,721,KALIMANTAN UTARA
2021-10-29,4,0,2,2,28545,27194,628,723,KALIMANTAN UTARA
2021-10-30,4,0,21,-17,28549,27215,628,706,KALIMANTAN UTARA
2021-10-31,10,0,0,10,28559,27215,628,716,KALIMANTAN UTARA
2021-11-01,9,0,37,-28,28568,27252,628,688,KALIMANTAN UTARA
2021-11-02,26,0,4,22,28594,27256,628,710,KALIMANTAN UTARA
2021-11-03,9,0,20,-11,28603,27276,628,699,KALIMANTAN UTARA
2021-11-04,2,0,6,-4,28605,27282,628,695,KALIMANTAN UTARA
2021-11-05,7,1,100,-94,28612,27382,629,601,KALIMANTAN UTARA
2021-11-06,2,0,0,2,28614,27382,629,603,KALIMANTAN UTARA
2021-11-07,3,0,15,-12,28617,27397,629,591,KALIMANTAN UTARA
2021-11-08,8,1,494,-487,28625,27891,630,104,KALIMANTAN UTARA
2021-11-09,2,0,1,1,28627,27892,630,105,KALIMANTAN UTARA
2021-11-10,3,0,9,-6,28630,27901,630,99,KALIMANTAN UTARA
2021-11-11,2,1,5,-4,28632,27906,631,95,KALIMANTAN UTARA
2021-11-12,0,0,10,-10,28632,27916,631,85,KALIMANTAN UTARA
2021-11-13,5,2,12,-9,28637,27928,633,76,KALIMANTAN UTARA
2021-11-14,2,0,11,-9,28639,27939,633,67,KALIMANTAN UTARA
2021-11-15,1,0,6,-5,28640,27945,633,62,KALIMANTAN UTARA
2021-11-16,1,0,0,1,28641,27945,633,63,KALIMANTAN UTARA
2021-11-17,4,0,12,-8,28645,27957,633,55,KALIMANTAN UTARA
2021-11-18,1,0,5,-4,28646,27962,633,51,KALIMANTAN UTARA
2021-11-19,1,0,1,0,28647,27963,633,51,KALIMANTAN UTARA
2021-11-20,1,0,0,1,28648,27963,633,52,KALIMANTAN UTARA
2021-11-21,0,0,0,0,28648,27963,633,52,KALIMANTAN UTARA
2021-11-22,0,0,1,-1,28648,27964,633,51,KALIMANTAN UTARA
2021-11-23,0,0,5,-5,28648,27969,633,46,KALIMANTAN UTARA
2021-11-24,1,0,1,0,28649,27970,633,46,KALIMANTAN UTARA
2021-11-25,1,0,2,-1,28650,27972,633,45,KALIMANTAN UTARA
2021-11-26,3,0,1,2,28653,27973,633,47,KALIMANTAN UTARA
2021-11-27,2,0,0,2,28655,27973,633,49,KALIMANTAN UTARA
2021-11-28,6,0,0,6,28661,27973,633,55,KALIMANTAN UTARA
2021-11-29,0,1,27,-28,28661,28000,634,27,KALIMANTAN UTARA
2021-11-30,2,0,0,2,28663,28000,634,29,KALIMANTAN UTARA
2021-12-01,1,0,0,1,28664,28000,634,30,KALIMANTAN UTARA
2021-12-02,0,0,13,-13,28664,28013,634,17,KALIMANTAN UTARA
2021-12-03,2,0,0,2,28666,28013,634,19,KALIMANTAN UTARA
2021-12-04,0,0,0,0,28666,28013,634,19,KALIMANTAN UTARA
2021-12-05,0,0,0,0,28666,28013,634,19,KALIMANTAN UTARA
2021-12-06,0,0,0,0,28666,28013,634,19,KALIMANTAN UTARA
2021-12-07,0,0,7,-7,28666,28020,634,12,KALIMANTAN UTARA
2021-12-08,0,0,0,0,28666,28020,634,12,KALIMANTAN UTARA
2021-12-09,1,0,0,1,28667,28020,634,13,KALIMANTAN UTARA
2021-12-10,1,0,3,-2,28668,28023,634,11,KALIMANTAN UTARA
2021-12-11,1,0,0,1,28669,28023,634,12,KALIMANTAN UTARA
2021-12-12,3,0,0,3,28672,28023,634,15,KALIMANTAN UTARA
2021-12-13,0,0,3,-3,28672,28026,634,12,KALIMANTAN UTARA
2021-12-14,2,0,0,2,28674,28026,634,14,KALIMANTAN UTARA
2021-12-15,0,0,0,0,28674,28026,634,14,KALIMANTAN UTARA
2021-12-16,5,0,0,5,28679,28026,634,19,KALIMANTAN UTARA
2021-12-17,0,0,0,0,28679,28026,634,19,KALIMANTAN UTARA
2021-12-18,0,0,0,0,28679,28026,634,19,KALIMANTAN UTARA
2021-12-19,9,0,0,9,28688,28026,634,28,KALIMANTAN UTARA
2021-12-20,7,0,0,7,28695,28026,634,35,KALIMANTAN UTARA
2021-12-21,0,0,3,-3,28695,28029,634,32,KALIMANTAN UTARA
2021-12-22,4,0,0,4,28699,28029,634,36,KALIMANTAN UTARA
2021-12-23,3,0,0,3,28702,28029,634,39,KALIMANTAN UTARA
2021-12-24,0,0,0,0,28702,28029,634,39,KALIMANTAN UTARA
2021-12-25,0,0,5,-5,28702,28034,634,34,KALIMANTAN UTARA
2021-12-26,2,0,0,2,28704,28034,634,36,KALIMANTAN UTARA
2021-12-27,1,0,11,-10,28705,28045,634,26,KALIMANTAN UTARA
2021-12-28,0,0,3,-3,28705,28048,634,23,KALIMANTAN UTARA
2021-12-29,0,0,8,-8,28705,28056,634,15,KALIMANTAN UTARA
2021-12-30,2,0,1,1,28707,28057,634,16,KALIMANTAN UTARA
2021-12-31,0,0,2,-2,28707,28059,634,14,KALIMANTAN UTARA
2022-01-01,5,0,0,5,28712,28059,634,19,KALIMANTAN UTARA
2022-01-02,2,0,0,2,28714,28059,634,21,KALIMANTAN UTARA
2022-01-03,0,0,2,-2,28714,28061,634,19,KALIMANTAN UTARA
2022-01-04,3,0,4,-1,28717,28065,634,18,KALIMANTAN UTARA
2022-01-05,0,0,0,0,28717,28065,634,18,KALIMANTAN UTARA
2022-01-06,8,0,0,8,28725,28065,634,26,KALIMANTAN UTARA
2022-01-07,0,0,0,0,28725,28065,634,26,KALIMANTAN UTARA
2022-01-08,1,0,0,1,28726,28065,634,27,KALIMANTAN UTARA
2022-01-09,0,0,0,0,28726,28065,634,27,KALIMANTAN UTARA
2022-01-10,0,0,0,0,28726,28065,634,27,KALIMANTAN UTARA
2022-01-11,0,0,9,-9,28726,28074,634,18,KALIMANTAN UTARA
2022-01-12,1,0,2,-1,28727,28076,634,17,KALIMANTAN UTARA
2022-01-13,1,0,0,1,28728,28076,634,18,KALIMANTAN UTARA
2022-01-14,1,0,0,1,28729,28076,634,19,KALIMANTAN UTARA
2022-01-15,5,0,0,5,28734,28076,634,24,KALIMANTAN UTARA
2022-01-16,0,0,0,0,28734,28076,634,24,KALIMANTAN UTARA
2022-01-17,0,0,4,-4,28734,28080,634,20,KALIMANTAN UTARA
2022-01-18,7,0,0,7,28741,28080,634,27,KALIMANTAN UTARA
2022-01-19,1,0,4,-3,28742,28084,634,24,KALIMANTAN UTARA
2022-01-20,0,0,0,0,28742,28084,634,24,KALIMANTAN UTARA
2022-01-21,0,0,2,-2,28742,28086,634,22,KALIMANTAN UTARA
2022-01-22,0,0,0,0,28742,28086,634,22,KALIMANTAN UTARA
2022-01-23,0,0,0,0,28742,28086,634,22,KALIMANTAN UTARA
2022-01-24,0,0,0,0,28742,28086,634,22,KALIMANTAN UTARA
2022-01-25,0,0,0,0,28742,28086,634,22,KALIMANTAN UTARA
2022-01-26,5,0,3,2,28747,28089,634,24,KALIMANTAN UTARA
2022-01-27,0,0,10,-10,28747,28099,634,14,KALIMANTAN UTARA
2022-01-28,0,0,0,0,28747,28099,634,14,KALIMANTAN UTARA
2022-01-29,2,0,0,2,28749,28099,634,16,KALIMANTAN UTARA
2022-01-30,0,0,0,0,28749,28099,634,16,KALIMANTAN UTARA
2022-01-31,0,0,0,0,28749,28099,634,16,KALIMANTAN UTARA
2022-02-01,0,0,0,0,28749,28099,634,16,KALIMANTAN UTARA
2022-02-02,0,0,0,0,28749,28099,634,16,KALIMANTAN UTARA
2022-02-03,9,0,1,8,28758,28100,634,24,KALIMANTAN UTARA
2022-02-04,3,0,4,-1,28761,28104,634,23,KALIMANTAN UTARA
2022-02-05,1,0,4,-3,28762,28108,634,20,KALIMANTAN UTARA
2022-02-06,2,0,0,2,28764,28108,634,22,KALIMANTAN UTARA
2022-02-07,6,0,0,6,28770,28108,634,28,KALIMANTAN UTARA
2022-02-08,7,0,1,6,28777,28109,634,34,KALIMANTAN UTARA
2022-02-09,8,0,0,8,28785,28109,634,42,KALIMANTAN UTARA
2022-02-10,8,0,1,7,28793,28110,634,49,KALIMANTAN UTARA
2022-02-11,21,0,2,19,28814,28112,634,68,KALIMANTAN UTARA
2022-02-12,30,0,1,29,28844,28113,634,97,KALIMANTAN UTARA
2022-02-13,13,0,0,13,28857,28113,634,110,KALIMANTAN UTARA
2022-02-14,24,0,4,20,28881,28117,634,130,KALIMANTAN UTARA
2022-02-15,44,0,3,41,28925,28120,634,171,KALIMANTAN UTARA
2022-02-16,48,0,0,48,28973,28120,634,219,KALIMANTAN UTARA
2022-02-17,105,0,4,101,29078,28124,634,320,KALIMANTAN UTARA
2022-02-18,83,0,2,81,29161,28126,634,401,KALIMANTAN UTARA
2022-02-19,151,0,4,147,29312,28130,634,548,KALIMANTAN UTARA
2022-02-20,99,0,14,85,29411,28144,634,633,KALIMANTAN UTARA
2022-02-21,163,0,0,163,29574,28144,634,796,KALIMANTAN UTARA
2022-02-22,62,0,7,55,29636,28151,634,851,KALIMANTAN UTARA
2022-02-23,293,0,4,289,29929,28155,634,1140,KALIMANTAN UTARA
2022-02-24,140,1,3,136,30069,28158,635,1276,KALIMANTAN UTARA
2022-02-25,491,0,23,468,30560,28181,635,1744,KALIMANTAN UTARA
2022-02-26,186,0,46,140,30746,28227,635,1884,KALIMANTAN UTARA
2022-02-27,203,0,8,195,30949,28235,635,2079,KALIMANTAN UTARA
2022-02-28,282,2,42,238,31231,28277,637,2317,KALIMANTAN UTARA
2022-03-01,158,3,5,150,31389,28282,640,2467,KALIMANTAN UTARA
2022-03-02,274,0,52,222,31663,28334,640,2689,KALIMANTAN UTARA
2022-03-03,372,0,159,213,32035,28493,640,2902,KALIMANTAN UTARA
2022-03-04,369,3,231,135,32404,28724,643,3037,KALIMANTAN UTARA
2022-03-05,352,0,109,243,32756,28833,643,3280,KALIMANTAN UTARA
2022-03-06,309,0,144,165,33065,28977,643,3445,KALIMANTAN UTARA
2022-03-07,381,3,248,130,33446,29225,646,3575,KALIMANTAN UTARA
2022-03-08,265,0,198,67,33711,29423,646,3642,KALIMANTAN UTARA
2022-03-09,376,0,101,275,34087,29524,646,3917,KALIMANTAN UTARA
2022-03-10,394,2,324,68,34481,29848,648,3985,KALIMANTAN UTARA
2022-03-11,239,0,310,-71,34720,30158,648,3914,KALIMANTAN UTARA
2022-03-12,161,1,132,28,34881,30290,649,3942,KALIMANTAN UTARA
2022-03-13,145,0,79,66,35026,30369,649,4008,KALIMANTAN UTARA
2022-03-14,138,3,286,-151,35164,30655,652,3857,KALIMANTAN UTARA
2022-03-15,182,2,630,-450,35346,31285,654,3407,KALIMANTAN UTARA
2022-03-16,109,2,242,-135,35455,31527,656,3272,KALIMANTAN UTARA
2022-03-17,101,2,166,-67,35556,31693,658,3205,KALIMANTAN UTARA
2022-03-18,134,0,131,3,35690,31824,658,3208,KALIMANTAN UTARA
2022-03-19,91,1,727,-637,35781,32551,659,2571,KALIMANTAN UTARA
2022-03-20,63,1,240,-178,35844,32791,660,2393,KALIMANTAN UTARA
2022-03-21,34,2,292,-260,35878,33083,662,2133,KALIMANTAN UTARA
2022-03-22,43,0,58,-15,35921,33141,662,2118,KALIMANTAN UTARA
2022-03-23,35,0,137,-102,35956,33278,662,2016,KALIMANTAN UTARA
2022-03-24,40,0,155,-115,35996,33433,662,1901,KALIMANTAN UTARA
2022-03-25,31,0,173,-142,36027,33606,662,1759,KALIMANTAN UTARA
2022-03-26,11,0,74,-63,36038,33680,662,1696,KALIMANTAN UTARA
2022-03-27,8,1,161,-154,36046,33841,663,1542,KALIMANTAN UTARA
2022-03-28,19,0,91,-72,36065,33932,663,1470,KALIMANTAN UTARA
2022-03-29,9,1,25,-17,36074,33957,664,1453,KALIMANTAN UTARA
2022-03-30,30,0,19,11,36104,33976,664,1464,KALIMANTAN UTARA
2022-03-31,17,0,13,4,36121,33989,664,1468,KALIMANTAN UTARA
2022-04-01,9,1,105,-97,36130,34094,665,1371,KALIMANTAN UTARA
2022-04-02,1,0,8,-7,36131,34102,665,1364,KALIMANTAN UTARA
2022-04-03,2,0,6,-4,36133,34108,665,1360,KALIMANTAN UTARA
2022-04-04,12,0,93,-81,36145,34201,665,1279,KALIMANTAN UTARA
2022-04-05,10,1,340,-331,36155,34541,666,948,KALIMANTAN UTARA
2022-04-06,5,0,57,-52,36160,34598,666,896,KALIMANTAN UTARA
2022-04-07,13,2,5,6,36173,34603,668,902,KALIMANTAN UTARA
2022-04-08,2,0,14,-12,36175,34617,668,890,KALIMANTAN UTARA
2022-04-09,11,0,8,3,36186,34625,668,893,KALIMANTAN UTARA
2022-04-10,5,3,11,-9,36191,34636,671,884,KALIMANTAN UTARA
2022-04-11,1,0,500,-499,36192,35136,671,385,KALIMANTAN UTARA
2022-04-12,0,0,129,-129,36192,35265,671,256,KALIMANTAN UTARA
2022-04-13,1,0,3,-2,36193,35268,671,254,KALIMANTAN UTARA
2022-04-14,3,1,169,-167,36196,35437,672,87,KALIMANTAN UTARA
2022-04-15,4,0,6,-2,36200,35443,672,85,KALIMANTAN UTARA
2022-04-16,0,0,6,-6,36200,35449,672,79,KALIMANTAN UTARA
2022-04-17,0,0,0,0,36200,35449,672,79,KALIMANTAN UTARA
2022-04-18,0,0,17,-17,36200,35466,672,62,KALIMANTAN UTARA
2022-04-19,1,0,6,-5,36201,35472,672,57,KALIMANTAN UTARA
2022-04-20,2,0,0,2,36203,35472,672,59,KALIMANTAN UTARA
2022-04-21,0,0,1,-1,36203,35473,672,58,KALIMANTAN UTARA
2022-04-22,0,0,2,-2,36203,35475,672,56,KALIMANTAN UTARA
2022-04-23,2,0,0,2,36205,35475,672,58,KALIMANTAN UTARA
2022-04-24,0,0,1,-1,36205,35476,672,57,KALIMANTAN UTARA
2022-04-25,0,0,0,0,36205,35476,672,57,KALIMANTAN UTARA
2022-04-26,2,0,0,2,36207,35476,672,59,KALIMANTAN UTARA
2022-04-27,1,0,0,1,36208,35476,672,60,KALIMANTAN UTARA
2022-04-28,1,0,0,1,36209,35476,672,61,KALIMANTAN UTARA
2022-04-29,0,0,1,-1,36209,35477,672,60,KALIMANTAN UTARA
2022-04-30,0,0,0,0,36209,35477,672,60,KALIMANTAN UTARA
2022-05-01,1,0,0,1,36210,35477,672,61,KALIMANTAN UTARA
2022-05-02,0,0,0,0,36210,35477,672,61,KALIMANTAN UTARA
2022-05-03,3,0,0,3,36213,35477,672,64,KALIMANTAN UTARA
2022-05-04,0,0,0,0,36213,35477,672,64,KALIMANTAN UTARA
2022-05-05,5,0,1,4,36218,35478,672,68,KALIMANTAN UTARA
2022-05-06,3,0,0,3,36221,35478,672,71,KALIMANTAN UTARA
2022-05-07,0,0,3,-3,36221,35481,672,68,KALIMANTAN UTARA
2022-05-08,0,0,0,0,36221,35481,672,68,KALIMANTAN UTARA
2022-05-09,0,0,0,0,36221,35481,672,68,KALIMANTAN UTARA
2022-05-10,2,0,0,2,36223,35481,672,70,KALIMANTAN UTARA
2022-05-11,0,0,4,-4,36223,35485,672,66,KALIMANTAN UTARA
2022-05-12,0,0,5,-5,36223,35490,672,61,KALIMANTAN UTARA
2022-05-13,1,0,0,1,36224,35490,672,62,KALIMANTAN UTARA
2022-05-14,1,0,0,1,36225,35490,672,63,KALIMANTAN UTARA
2022-05-15,2,0,0,2,36227,35490,672,65,KALIMANTAN UTARA
2022-05-16,0,0,0,0,36227,35490,672,65,KALIMANTAN UTARA
2022-05-17,0,0,4,-4,36227,35494,672,61,KALIMANTAN UTARA
2022-05-18,0,0,0,0,36227,35494,672,61,KALIMANTAN UTARA
2022-05-19,0,0,0,0,36227,35494,672,61,KALIMANTAN UTARA
2022-05-20,0,0,0,0,36227,35494,672,61,KALIMANTAN UTARA
2022-05-21,2,0,0,2,36229,35494,672,63,KALIMANTAN UTARA
2022-05-22,0,0,0,0,36229,35494,672,63,KALIMANTAN UTARA
2022-05-23,0,0,4,-4,36229,35498,672,59,KALIMANTAN UTARA
2022-05-24,0,0,0,0,36229,35498,672,59,KALIMANTAN UTARA
2022-05-25,0,0,1,-1,36229,35499,672,58,KALIMANTAN UTARA
2022-05-26,1,0,1,0,36230,35500,672,58,KALIMANTAN UTARA
2022-05-27,0,0,49,-49,36230,35549,672,9,KALIMANTAN UTARA
2022-05-28,0,0,0,0,36230,35549,672,9,KALIMANTAN UTARA
2022-05-29,0,0,0,0,36230,35549,672,9,KALIMANTAN UTARA
2022-05-30,0,0,2,-2,36230,35551,672,7,KALIMANTAN UTARA
2022-05-31,0,0,0,0,36230,35551,672,7,KALIMANTAN UTARA
2022-06-01,0,0,0,0,36230,35551,672,7,KALIMANTAN UTARA
2022-06-02,0,0,1,-1,36230,35552,672,6,KALIMANTAN UTARA
2022-06-03,0,0,0,0,36230,35552,672,6,KALIMANTAN UTARA
2022-06-04,0,0,1,-1,36230,35553,672,5,KALIMANTAN UTARA
2022-06-05,0,0,0,0,36230,35553,672,5,KALIMANTAN UTARA
2022-06-06,0,0,0,0,36230,35553,672,5,KALIMANTAN UTARA
2022-06-07,0,0,0,0,36230,35553,672,5,KALIMANTAN UTARA
2022-06-08,0,0,0,0,36230,35553,672,5,KALIMANTAN UTARA
2022-06-09,0,0,0,0,36230,35553,672,5,KALIMANTAN UTARA
2022-06-10,0,0,0,0,36230,35553,672,5,KALIMANTAN UTARA
2022-06-11,0,0,1,-1,36230,35554,672,4,KALIMANTAN UTARA
2022-06-12,2,0,0,2,36232,35554,672,6,KALIMANTAN UTARA
2022-06-13,0,0,0,0,36232,35554,672,6,KALIMANTAN UTARA
2022-06-14,0,1,0,-1,36232,35554,673,5,KALIMANTAN UTARA
2022-06-15,1,0,0,1,36233,35554,673,6,KALIMANTAN UTARA
2022-06-16,1,0,0,1,36234,35554,673,7,KALIMANTAN UTARA
2022-06-17,0,0,0,0,36234,35554,673,7,KALIMANTAN UTARA
2022-06-18,1,0,0,1,36235,35554,673,8,KALIMANTAN UTARA
2022-06-19,0,0,0,0,36235,35554,673,8,KALIMANTAN UTARA
2022-06-20,0,0,0,0,36235,35554,673,8,KALIMANTAN UTARA
2022-06-21,0,0,0,0,36235,35554,673,8,KALIMANTAN UTARA
2022-06-22,0,0,0,0,36235,35554,673,8,KALIMANTAN UTARA
2022-06-23,0,0,0,0,36235,35554,673,8,KALIMANTAN UTARA
2022-06-24,0,0,1,-1,36235,35555,673,7,KALIMANTAN UTARA
2022-06-25,0,0,0,0,36235,35555,673,7,KALIMANTAN UTARA
2022-06-26,0,0,0,0,36235,35555,673,7,KALIMANTAN UTARA
2022-06-27,0,0,2,-2,36235,35557,673,5,KALIMANTAN UTARA
2022-06-28,0,0,0,0,36235,35557,673,5,KALIMANTAN UTARA
2022-06-29,0,0,0,0,36235,35557,673,5,KALIMANTAN UTARA
2022-06-30,0,0,0,0,36235,35557,673,5,KALIMANTAN UTARA
2022-07-01,0,0,1,-1,36235,35558,673,4,KALIMANTAN UTARA
2022-07-02,0,0,0,0,36235,35558,673,4,KALIMANTAN UTARA
2022-07-03,0,0,0,0,36235,35558,673,4,KALIMANTAN UTARA
2022-07-04,0,0,0,0,36235,35558,673,4,KALIMANTAN UTARA
2022-07-05,0,0,0,0,36235,35558,673,4,KALIMANTAN UTARA
2022-07-06,0,0,0,0,36235,35558,673,4,KALIMANTAN UTARA
2022-07-07,0,0,0,0,36235,35558,673,4,KALIMANTAN UTARA
2022-07-08,0,0,0,0,36235,35558,673,4,KALIMANTAN UTARA
2022-07-09,0,0,0,0,36235,35558,673,4,KALIMANTAN UTARA
2022-07-10,0,0,0,0,36235,35558,673,4,KALIMANTAN UTARA
2022-07-11,0,0,0,0,36235,35558,673,4,KALIMANTAN UTARA
2022-07-12,0,0,0,0,36235,35558,673,4,KALIMANTAN UTARA
2022-07-13,0,0,0,0,36235,35558,673,4,KALIMANTAN UTARA
2022-07-14,0,0,0,0,36235,35558,673,4,KALIMANTAN UTARA
2022-07-15,0,0,0,0,36235,35558,673,4,KALIMANTAN UTARA
2022-07-16,0,0,0,0,36235,35558,673,4,KALIMANTAN UTARA
2022-07-17,3,0,0,3,36238,35558,673,7,KALIMANTAN UTARA
2022-07-18,0,0,0,0,36238,35558,673,7,KALIMANTAN UTARA
2022-07-19,0,0,0,0,36238,35558,673,7,KALIMANTAN UTARA
2022-07-20,1,0,0,1,36239,35558,673,8,KALIMANTAN UTARA
2022-07-21,0,0,0,0,36239,35558,673,8,KALIMANTAN UTARA
2022-07-22,0,0,0,0,36239,35558,673,8,KALIMANTAN UTARA
2022-07-23,2,0,0,2,36241,35558,673,10,KALIMANTAN UTARA
2022-07-24,1,0,0,1,36242,35558,673,11,KALIMANTAN UTARA
2022-07-25,2,0,0,2,36244,35558,673,13,KALIMANTAN UTARA
2022-07-26,3,0,0,3,36247,35558,673,16,KALIMANTAN UTARA
2022-07-27,2,0,3,-1,36249,35561,673,15,KALIMANTAN UTARA
2022-07-28,2,1,0,1,36251,35561,674,16,KALIMANTAN UTARA
2022-07-29,0,0,1,-1,36251,35562,674,15,KALIMANTAN UTARA
2022-07-30,0,0,0,0,36251,35562,674,15,KALIMANTAN UTARA
2022-07-31,0,0,0,0,36251,35562,674,15,KALIMANTAN UTARA
2022-08-01,2,0,0,2,36253,35562,674,17,KALIMANTAN UTARA
2022-08-02,1,0,0,1,36254,35562,674,18,KALIMANTAN UTARA
2022-08-03,0,0,1,-1,36254,35563,674,17,KALIMANTAN UTARA
2022-08-04,1,0,0,1,36255,35563,674,18,KALIMANTAN UTARA
2022-08-05,1,0,0,1,36256,35563,674,19,KALIMANTAN UTARA
2022-08-06,2,0,0,2,36258,35563,674,21,KALIMANTAN UTARA
2022-08-07,0,0,3,-3,36258,35566,674,18,KALIMANTAN UTARA
2022-08-08,2,0,0,2,36260,35566,674,20,KALIMANTAN UTARA
2022-08-09,2,0,3,-1,36262,35569,674,19,KALIMANTAN UTARA
2022-08-10,1,0,0,1,36263,35569,674,20,KALIMANTAN UTARA
2022-08-11,2,0,0,2,36265,35569,674,22,KALIMANTAN UTARA
2022-08-12,0,0,1,-1,36265,35570,674,21,KALIMANTAN UTARA
2022-08-13,0,0,2,-2,36265,35572,674,19,KALIMANTAN UTARA
2022-08-14,0,0,1,-1,36265,35573,674,18,KALIMANTAN UTARA
2022-08-15,0,0,4,-4,36265,35577,674,14,KALIMANTAN UTARA
2022-08-16,2,0,0,2,36267,35577,674,16,KALIMANTAN UTARA
2022-08-17,3,0,0,3,36270,35577,674,19,KALIMANTAN UTARA
2022-08-18,0,0,7,-7,36270,35584,674,12,KALIMANTAN UTARA
2022-08-19,2,0,0,2,36272,35584,674,14,KALIMANTAN UTARA
2022-08-20,7,0,1,6,36279,35585,674,20,KALIMANTAN UTARA
2022-08-21,0,0,1,-1,36279,35586,674,19,KALIMANTAN UTARA
2022-08-22,1,0,2,-1,36280,35588,674,18,KALIMANTAN UTARA
2022-08-23,2,0,0,2,36282,35588,674,20,KALIMANTAN UTARA
2022-08-24,2,0,2,0,36284,35590,674,20,KALIMANTAN UTARA
2022-08-25,0,0,1,-1,36284,35591,674,19,KALIMANTAN UTARA
2022-08-26,1,0,1,0,36285,35592,674,19,KALIMANTAN UTARA
2022-08-27,0,0,1,-1,36285,35593,674,18,KALIMANTAN UTARA
2022-08-28,3,0,0,3,36288,35593,674,21,KALIMANTAN UTARA
2022-08-29,3,0,3,0,36291,35596,674,21,KALIMANTAN UTARA
2022-08-30,3,0,5,-2,36294,35601,674,19,KALIMANTAN UTARA
2022-08-31,0,0,1,-1,36294,35602,674,18,KALIMANTAN UTARA
2022-09-01,3,0,0,3,36297,35602,674,21,KALIMANTAN UTARA
2022-09-02,2,0,4,-2,36299,35606,674,19,KALIMANTAN UTARA
2022-09-03,4,0,0,4,36303,35606,674,23,KALIMANTAN UTARA
2022-09-04,2,0,0,2,36305,35606,674,25,KALIMANTAN UTARA
2022-09-05,1,0,0,1,36306,35606,674,26,KALIMANTAN UTARA
2022-09-06,1,0,0,1,36307,35606,674,27,KALIMANTAN UTARA
2022-09-07,0,0,2,-2,36307,35608,674,25,KALIMANTAN UTARA
2022-09-08,0,0,3,-3,36307,35611,674,22,KALIMANTAN UTARA
2022-09-09,0,0,2,-2,36307,35613,674,20,KALIMANTAN UTARA
2022-09-10,1,0,0,1,36308,35613,674,21,KALIMANTAN UTARA
2022-09-11,0,0,0,0,36308,35613,674,21,KALIMANTAN UTARA
2022-09-12,3,0,1,2,36311,35614,674,23,KALIMANTAN UTARA
2022-09-13,2,0,2,0,36313,35616,674,23,KALIMANTAN UTARA
2022-09-14,3,0,2,1,36316,35618,674,24,KALIMANTAN UTARA
2022-09-15,1,0,9,-8,36317,35627,674,16,KALIMANTAN UTARA
2022-09-16,0,0,1,-1,36317,35628,674,15,KALIMANTAN UTARA
2022-09-17,2,0,0,2,36319,35628,674,17,KALIMANTAN UTARA
2022-09-18,0,0,0,0,36319,35628,674,17,KALIMANTAN UTARA
2022-09-19,1,0,0,1,36320,35628,674,18,KALIMANTAN UTARA
2022-09-20,4,0,1,3,36324,35629,674,21,KALIMANTAN UTARA
2022-09-21,3,0,0,3,36327,35629,674,24,KALIMANTAN UTARA
2022-09-22,2,0,2,0,36329,35631,674,24,KALIMANTAN UTARA
2022-09-23,1,0,1,0,36330,35632,674,24,KALIMANTAN UTARA
2022-09-24,1,0,3,-2,36331,35635,674,22,KALIMANTAN UTARA
2022-09-25,1,0,1,0,36332,35636,674,22,KALIMANTAN UTARA
2022-09-26,2,0,0,2,36334,35636,674,24,KALIMANTAN UTARA
2022-09-27,0,0,2,-2,36334,35638,674,22,KALIMANTAN UTARA
2022-09-28,0,0,0,0,36334,35638,674,22,KALIMANTAN UTARA
2022-09-29,0,0,0,0,36334,35638,674,22,KALIMANTAN UTARA
2022-09-30,2,0,0,2,36336,35638,674,24,KALIMANTAN UTARA
2020-04-03,1,0,0,1,1,0,0,1,SULAWESI BARAT
2020-04-04,0,0,0,0,1,0,0,1,SULAWESI BARAT
2020-04-05,0,0,0,0,1,0,0,1,SULAWESI BARAT
2020-04-06,0,0,0,0,1,0,0,1,SULAWESI BARAT
2020-04-07,0,0,0,0,1,0,0,1,SULAWESI BARAT
2020-04-08,0,0,0,0,1,0,0,1,SULAWESI BARAT
2020-04-09,0,0,0,0,1,0,0,1,SULAWESI BARAT
2020-04-10,0,0,0,0,1,0,0,1,SULAWESI BARAT
2020-04-11,2,0,0,2,3,0,0,3,SULAWESI BARAT
2020-04-12,0,0,0,0,3,0,0,3,SULAWESI BARAT
2020-04-13,0,0,0,0,3,0,0,3,SULAWESI BARAT
2020-04-14,0,0,0,0,3,0,0,3,SULAWESI BARAT
2020-04-15,2,0,0,2,5,0,0,5,SULAWESI BARAT
2020-04-16,0,0,0,0,5,0,0,5,SULAWESI BARAT
2020-04-17,0,0,0,0,5,0,0,5,SULAWESI BARAT
2020-04-18,0,0,0,0,5,0,0,5,SULAWESI BARAT
2020-04-19,0,0,0,0,5,0,0,5,SULAWESI BARAT
2020-04-20,0,0,0,0,5,0,0,5,SULAWESI BARAT
2020-04-21,0,0,0,0,5,0,0,5,SULAWESI BARAT
2020-04-22,1,0,0,1,6,0,0,6,SULAWESI BARAT
2020-04-23,0,0,0,0,6,0,0,6,SULAWESI BARAT
2020-04-24,15,0,0,15,21,0,0,21,SULAWESI BARAT
2020-04-25,2,0,0,2,23,0,0,23,SULAWESI BARAT
2020-04-26,0,0,0,0,23,0,0,23,SULAWESI BARAT
2020-04-27,0,0,0,0,23,0,0,23,SULAWESI BARAT
2020-04-28,0,0,2,-2,23,2,0,21,SULAWESI BARAT
2020-04-29,1,0,1,0,24,3,0,21,SULAWESI BARAT
2020-04-30,4,0,0,4,28,3,0,25,SULAWESI BARAT
2020-05-01,1,0,1,0,29,4,0,25,SULAWESI BARAT
2020-05-02,1,0,0,1,30,4,0,26,SULAWESI BARAT
2020-05-03,0,0,0,0,30,4,0,26,SULAWESI BARAT
2020-05-04,0,0,0,0,30,4,0,26,SULAWESI BARAT
2020-05-05,12,1,0,11,42,4,1,37,SULAWESI BARAT
2020-05-06,0,0,0,0,42,4,1,37,SULAWESI BARAT
2020-05-07,0,0,0,0,42,4,1,37,SULAWESI BARAT
2020-05-08,2,0,0,2,44,4,1,39,SULAWESI BARAT
2020-05-09,1,0,0,1,45,4,1,40,SULAWESI BARAT
2020-05-10,0,0,0,0,45,4,1,40,SULAWESI BARAT
2020-05-11,0,0,0,0,45,4,1,40,SULAWESI BARAT
2020-05-12,5,0,2,3,50,6,1,43,SULAWESI BARAT
2020-05-13,6,0,0,6,56,6,1,49,SULAWESI BARAT
2020-05-14,1,0,10,-9,57,16,1,40,SULAWESI BARAT
2020-05-15,0,0,2,-2,57,18,1,38,SULAWESI BARAT
2020-05-16,0,0,0,0,57,18,1,38,SULAWESI BARAT
2020-05-17,0,0,0,0,57,18,1,38,SULAWESI BARAT
2020-05-18,0,0,0,0,57,18,1,38,SULAWESI BARAT
2020-05-19,2,0,2,0,59,20,1,38,SULAWESI BARAT
2020-05-20,1,0,0,1,60,20,1,39,SULAWESI BARAT
2020-05-21,5,0,0,5,65,20,1,44,SULAWESI BARAT
2020-05-22,0,0,1,-1,65,21,1,43,SULAWESI BARAT
2020-05-23,0,0,1,-1,65,22,1,42,SULAWESI BARAT
2020-05-24,0,0,0,0,65,22,1,42,SULAWESI BARAT
2020-05-25,0,0,0,0,65,22,1,42,SULAWESI BARAT
2020-05-26,1,0,2,-1,66,24,1,41,SULAWESI BARAT
2020-05-27,1,0,2,-1,67,26,1,40,SULAWESI BARAT
2020-05-28,0,0,1,-1,67,27,1,39,SULAWESI BARAT
2020-05-29,0,0,0,0,67,27,1,39,SULAWESI BARAT
2020-05-30,0,0,0,0,67,27,1,39,SULAWESI BARAT
2020-05-31,2,0,5,-3,69,32,1,36,SULAWESI BARAT
2020-06-01,0,0,0,0,69,32,1,36,SULAWESI BARAT
2020-06-02,0,0,5,-5,69,37,1,31,SULAWESI BARAT
2020-06-03,0,0,0,0,69,37,1,31,SULAWESI BARAT
2020-06-04,0,0,0,0,69,37,1,31,SULAWESI BARAT
2020-06-05,0,0,1,-1,69,38,1,30,SULAWESI BARAT
2020-06-06,0,0,5,-5,69,43,1,25,SULAWESI BARAT
2020-06-07,2,0,2,0,71,45,1,25,SULAWESI BARAT
2020-06-08,0,0,1,-1,71,46,1,24,SULAWESI BARAT
2020-06-09,0,0,1,-1,71,47,1,23,SULAWESI BARAT
2020-06-10,0,0,0,0,71,47,1,23,SULAWESI BARAT
2020-06-11,1,0,3,-2,72,50,1,21,SULAWESI BARAT
2020-06-12,1,0,0,1,73,50,1,22,SULAWESI BARAT
2020-06-13,0,0,2,-2,73,52,1,20,SULAWESI BARAT
2020-06-14,1,0,0,1,74,52,1,21,SULAWESI BARAT
2020-06-15,0,0,0,0,74,52,1,21,SULAWESI BARAT
2020-06-16,0,0,0,0,74,52,1,21,SULAWESI BARAT
2020-06-17,1,0,3,-2,75,55,1,19,SULAWESI BARAT
2020-06-18,4,0,0,4,79,55,1,23,SULAWESI BARAT
2020-06-19,0,0,1,-1,79,56,1,22,SULAWESI BARAT
2020-06-20,0,0,0,0,79,56,1,22,SULAWESI BARAT
2020-06-21,0,0,0,0,79,56,1,22,SULAWESI BARAT
2020-06-22,0,0,0,0,79,56,1,22,SULAWESI BARAT
2020-06-23,0,0,1,-1,79,57,1,21,SULAWESI BARAT
2020-06-24,1,0,0,1,80,57,1,22,SULAWESI BARAT
2020-06-25,1,0,1,0,81,58,1,22,SULAWESI BARAT
2020-06-26,3,0,0,3,84,58,1,25,SULAWESI BARAT
2020-06-27,4,0,4,0,88,62,1,25,SULAWESI BARAT
2020-06-28,1,0,0,1,89,62,1,26,SULAWESI BARAT
2020-06-29,0,0,0,0,89,62,1,26,SULAWESI BARAT
2020-06-30,0,0,1,-1,89,63,1,25,SULAWESI BARAT
2020-07-01,1,0,0,1,90,63,1,26,SULAWESI BARAT
2020-07-02,0,0,1,-1,90,64,1,25,SULAWESI BARAT
2020-07-03,1,0,0,1,91,64,1,26,SULAWESI BARAT
2020-07-04,3,0,0,3,94,64,1,29,SULAWESI BARAT
2020-07-05,0,0,0,0,94,64,1,29,SULAWESI BARAT
2020-07-06,0,0,4,-4,94,68,1,25,SULAWESI BARAT
2020-07-07,3,0,0,3,97,68,1,28,SULAWESI BARAT
2020-07-08,2,0,1,1,99,69,1,29,SULAWESI BARAT
2020-07-09,1,0,0,1,100,69,1,30,SULAWESI BARAT
2020-07-10,4,1,1,2,104,70,2,32,SULAWESI BARAT
2020-07-11,3,0,0,3,107,70,2,35,SULAWESI BARAT
2020-07-12,4,0,2,2,111,72,2,37,SULAWESI BARAT
2020-07-13,1,0,0,1,112,72,2,38,SULAWESI BARAT
2020-07-14,2,0,2,0,114,74,2,38,SULAWESI BARAT
2020-07-15,3,0,0,3,117,74,2,41,SULAWESI BARAT
2020-07-16,0,0,4,-4,117,78,2,37,SULAWESI BARAT
2020-07-17,0,0,1,-1,117,79,2,36,SULAWESI BARAT
2020-07-18,2,0,0,2,119,79,2,38,SULAWESI BARAT
2020-07-19,1,0,1,0,120,80,2,38,SULAWESI BARAT
2020-07-20,6,0,9,-3,126,89,2,35,SULAWESI BARAT
2020-07-21,0,0,0,0,126,89,2,35,SULAWESI BARAT
2020-07-22,2,0,0,2,128,89,2,37,SULAWESI BARAT
2020-07-23,2,0,2,0,130,91,2,37,SULAWESI BARAT
2020-07-24,3,0,0,3,133,91,2,40,SULAWESI BARAT
2020-07-25,12,0,2,10,145,93,2,50,SULAWESI BARAT
2020-07-26,5,0,0,5,150,93,2,55,SULAWESI BARAT
2020-07-27,1,0,0,1,151,93,2,56,SULAWESI BARAT
2020-07-28,1,0,0,1,152,93,2,57,SULAWESI BARAT
2020-07-29,6,0,2,4,158,95,2,61,SULAWESI BARAT
2020-07-30,18,1,7,10,176,102,3,71,SULAWESI BARAT
2020-07-31,7,0,7,0,183,109,3,71,SULAWESI BARAT
2020-08-01,2,0,0,2,185,109,3,73,SULAWESI BARAT
2020-08-02,5,0,1,4,190,110,3,77,SULAWESI BARAT
2020-08-03,1,1,3,-3,191,113,4,74,SULAWESI BARAT
2020-08-04,3,0,2,1,194,115,4,75,SULAWESI BARAT
2020-08-05,3,0,1,2,197,116,4,77,SULAWESI BARAT
2020-08-06,20,0,0,20,217,116,4,97,SULAWESI BARAT
2020-08-07,2,0,7,-5,219,123,4,92,SULAWESI BARAT
2020-08-08,6,0,4,2,225,127,4,94,SULAWESI BARAT
2020-08-09,0,0,6,-6,225,133,4,88,SULAWESI BARAT
2020-08-10,0,0,0,0,225,133,4,88,SULAWESI BARAT
2020-08-11,7,0,5,2,232,138,4,90,SULAWESI BARAT
2020-08-12,0,1,0,-1,232,138,5,89,SULAWESI BARAT
2020-08-13,5,1,7,-3,237,145,6,86,SULAWESI BARAT
2020-08-14,10,0,3,7,247,148,6,93,SULAWESI BARAT
2020-08-15,5,0,11,-6,252,159,6,87,SULAWESI BARAT
2020-08-16,1,0,6,-5,253,165,6,82,SULAWESI BARAT
2020-08-17,10,0,0,10,263,165,6,92,SULAWESI BARAT
2020-08-18,1,0,5,-4,264,170,6,88,SULAWESI BARAT
2020-08-19,2,0,1,1,266,171,6,89,SULAWESI BARAT
2020-08-20,1,0,9,-8,267,180,6,81,SULAWESI BARAT
2020-08-21,7,0,0,7,274,180,6,88,SULAWESI BARAT
2020-08-22,13,0,3,10,287,183,6,98,SULAWESI BARAT
2020-08-23,4,0,6,-2,291,189,6,96,SULAWESI BARAT
2020-08-24,1,0,0,1,292,189,6,97,SULAWESI BARAT
2020-08-25,7,0,2,5,299,191,6,102,SULAWESI BARAT
2020-08-26,1,0,4,-3,300,195,6,99,SULAWESI BARAT
2020-08-27,5,0,3,2,305,198,6,101,SULAWESI BARAT
2020-08-28,14,0,12,2,319,210,6,103,SULAWESI BARAT
2020-08-29,3,0,2,1,322,212,6,104,SULAWESI BARAT
2020-08-30,5,0,7,-2,327,219,6,102,SULAWESI BARAT
2020-08-31,1,0,0,1,328,219,6,103,SULAWESI BARAT
2020-09-01,1,0,7,-6,329,226,6,97,SULAWESI BARAT
2020-09-02,0,0,1,-1,329,227,6,96,SULAWESI BARAT
2020-09-03,6,0,2,4,335,229,6,100,SULAWESI BARAT
2020-09-04,0,0,3,-3,335,232,6,97,SULAWESI BARAT
2020-09-05,10,0,9,1,345,241,6,98,SULAWESI BARAT
2020-09-06,0,0,4,-4,345,245,6,94,SULAWESI BARAT
2020-09-07,0,0,3,-3,345,248,6,91,SULAWESI BARAT
2020-09-08,14,0,3,11,359,251,6,102,SULAWESI BARAT
2020-09-09,14,0,11,3,373,262,6,105,SULAWESI BARAT
2020-09-10,4,0,8,-4,377,270,6,101,SULAWESI BARAT
2020-09-11,3,0,5,-2,380,275,6,99,SULAWESI BARAT
2020-09-12,2,0,6,-4,382,281,6,95,SULAWESI BARAT
2020-09-13,5,0,3,2,387,284,6,97,SULAWESI BARAT
2020-09-14,1,0,1,0,388,285,6,97,SULAWESI BARAT
2020-09-15,4,0,4,0,392,289,6,97,SULAWESI BARAT
2020-09-16,1,0,2,-1,393,291,6,96,SULAWESI BARAT
2020-09-17,3,0,9,-6,396,300,6,90,SULAWESI BARAT
2020-09-18,2,0,3,-1,398,303,6,89,SULAWESI BARAT
2020-09-19,1,0,4,-3,399,307,6,86,SULAWESI BARAT
2020-09-20,14,0,8,6,413,315,6,92,SULAWESI BARAT
2020-09-21,1,0,0,1,414,315,6,93,SULAWESI BARAT
2020-09-22,19,0,1,18,433,316,6,111,SULAWESI BARAT
2020-09-23,8,0,3,5,441,319,6,116,SULAWESI BARAT
2020-09-24,2,1,7,-6,443,326,7,110,SULAWESI BARAT
2020-09-25,18,2,9,7,461,335,9,117,SULAWESI BARAT
2020-09-26,4,0,1,3,465,336,9,120,SULAWESI BARAT
2020-09-27,34,0,6,28,499,342,9,148,SULAWESI BARAT
2020-09-28,0,0,0,0,499,342,9,148,SULAWESI BARAT
2020-09-29,126,0,1,125,625,343,9,273,SULAWESI BARAT
2020-09-30,16,0,4,12,641,347,9,285,SULAWESI BARAT
2020-10-01,7,0,0,7,648,347,9,292,SULAWESI BARAT
2020-10-02,4,0,3,1,652,350,9,293,SULAWESI BARAT
2020-10-03,6,0,20,-14,658,370,9,279,SULAWESI BARAT
2020-10-04,7,0,11,-4,665,381,9,275,SULAWESI BARAT
2020-10-05,1,0,4,-3,666,385,9,272,SULAWESI BARAT
2020-10-06,11,0,3,8,677,388,9,280,SULAWESI BARAT
2020-10-07,13,0,3,10,690,391,9,290,SULAWESI BARAT
2020-10-08,4,0,4,0,694,395,9,290,SULAWESI BARAT
2020-10-09,6,0,6,0,700,401,9,290,SULAWESI BARAT
2020-10-10,1,0,122,-121,701,523,9,169,SULAWESI BARAT
2020-10-11,12,0,12,0,713,535,9,169,SULAWESI BARAT
2020-10-12,0,0,0,0,713,535,9,169,SULAWESI BARAT
2020-10-13,19,1,5,13,732,540,10,182,SULAWESI BARAT
2020-10-14,13,0,19,-6,745,559,10,176,SULAWESI BARAT
2020-10-15,6,0,7,-1,751,566,10,175,SULAWESI BARAT
2020-10-16,4,0,5,-1,755,571,10,174,SULAWESI BARAT
2020-10-17,4,0,3,1,759,574,10,175,SULAWESI BARAT
2020-10-18,3,0,8,-5,762,582,10,170,SULAWESI BARAT
2020-10-19,0,0,0,0,762,582,10,170,SULAWESI BARAT
2020-10-20,15,0,5,10,777,587,10,180,SULAWESI BARAT
2020-10-21,3,0,8,-5,780,595,10,175,SULAWESI BARAT
2020-10-22,0,0,7,-7,780,602,10,168,SULAWESI BARAT
2020-10-23,0,0,2,-2,780,604,10,166,SULAWESI BARAT
2020-10-24,5,0,13,-8,785,617,10,158,SULAWESI BARAT
2020-10-25,8,0,20,-12,793,637,10,146,SULAWESI BARAT
2020-10-26,1,0,0,1,794,637,10,147,SULAWESI BARAT
2020-10-27,8,0,25,-17,802,662,10,130,SULAWESI BARAT
2020-10-28,3,2,0,1,805,662,12,131,SULAWESI BARAT
2020-10-29,0,0,0,0,805,662,12,131,SULAWESI BARAT
2020-10-30,20,0,6,14,825,668,12,145,SULAWESI BARAT
2020-10-31,2,0,3,-1,827,671,12,144,SULAWESI BARAT
2020-11-01,5,0,10,-5,832,681,12,139,SULAWESI BARAT
2020-11-02,0,0,1,-1,832,682,12,138,SULAWESI BARAT
2020-11-03,4,1,0,3,836,682,13,141,SULAWESI BARAT
2020-11-04,1,0,1,0,837,683,13,141,SULAWESI BARAT
2020-11-05,7,0,16,-9,844,699,13,132,SULAWESI BARAT
2020-11-06,10,0,1,9,854,700,13,141,SULAWESI BARAT
2020-11-07,128,1,10,117,982,710,14,258,SULAWESI BARAT
2020-11-08,7,0,1,6,989,711,14,264,SULAWESI BARAT
2020-11-09,29,0,1,28,1018,712,14,292,SULAWESI BARAT
2020-11-10,0,0,2,-2,1018,714,14,290,SULAWESI BARAT
2020-11-11,11,0,2,9,1029,716,14,299,SULAWESI BARAT
2020-11-12,11,1,8,2,1040,724,15,301,SULAWESI BARAT
2020-11-13,2,0,11,-9,1042,735,15,292,SULAWESI BARAT
2020-11-14,7,0,10,-3,1049,745,15,289,SULAWESI BARAT
2020-11-15,2,0,17,-15,1051,762,15,274,SULAWESI BARAT
2020-11-16,5,0,3,2,1056,765,15,276,SULAWESI BARAT
2020-11-17,5,0,3,2,1061,768,15,278,SULAWESI BARAT
2020-11-18,2,1,1,0,1063,769,16,278,SULAWESI BARAT
2020-11-19,22,0,9,13,1085,778,16,291,SULAWESI BARAT
2020-11-20,4,1,8,-5,1089,786,17,286,SULAWESI BARAT
2020-11-21,6,1,6,-1,1095,792,18,285,SULAWESI BARAT
2020-11-22,6,0,10,-4,1101,802,18,281,SULAWESI BARAT
2020-11-23,2,0,8,-6,1103,810,18,275,SULAWESI BARAT
2020-11-24,1,0,1,0,1104,811,18,275,SULAWESI BARAT
2020-11-25,1,0,170,-169,1105,981,18,106,SULAWESI BARAT
2020-11-26,23,1,10,12,1128,991,19,118,SULAWESI BARAT
2020-11-27,15,0,3,12,1143,994,19,130,SULAWESI BARAT
2020-11-28,19,0,8,11,1162,1002,19,141,SULAWESI BARAT
2020-11-29,5,0,5,0,1167,1007,19,141,SULAWESI BARAT
2020-11-30,6,0,15,-9,1173,1022,19,132,SULAWESI BARAT
2020-12-01,3,0,11,-8,1176,1033,19,124,SULAWESI BARAT
2020-12-02,0,1,4,-5,1176,1037,20,119,SULAWESI BARAT
2020-12-03,1,0,13,-12,1177,1050,20,107,SULAWESI BARAT
2020-12-04,18,0,7,11,1195,1057,20,118,SULAWESI BARAT
2020-12-05,14,2,18,-6,1209,1075,22,112,SULAWESI BARAT
2020-12-06,2,0,3,-1,1211,1078,22,111,SULAWESI BARAT
2020-12-07,2,0,4,-2,1213,1082,22,109,SULAWESI BARAT
2020-12-08,9,1,6,2,1222,1088,23,111,SULAWESI BARAT
2020-12-09,6,0,5,1,1228,1093,23,112,SULAWESI BARAT
2020-12-10,5,1,0,4,1233,1093,24,116,SULAWESI BARAT
2020-12-11,3,0,3,0,1236,1096,24,116,SULAWESI BARAT
2020-12-12,9,0,4,5,1245,1100,24,121,SULAWESI BARAT
2020-12-13,21,0,4,17,1266,1104,24,138,SULAWESI BARAT
2020-12-14,3,0,1,2,1269,1105,24,140,SULAWESI BARAT
2020-12-15,20,0,6,14,1289,1111,24,154,SULAWESI BARAT
2020-12-16,7,0,8,-1,1296,1119,24,153,SULAWESI BARAT
2020-12-17,17,0,10,7,1313,1129,24,160,SULAWESI BARAT
2020-12-18,5,0,9,-4,1318,1138,24,156,SULAWESI BARAT
2020-12-19,31,0,1,30,1349,1139,24,186,SULAWESI BARAT
2020-12-20,16,0,18,-2,1365,1157,24,184,SULAWESI BARAT
2020-12-21,8,0,0,8,1373,1157,24,192,SULAWESI BARAT
2020-12-22,10,0,9,1,1383,1166,24,193,SULAWESI BARAT
2020-12-23,27,1,4,22,1410,1170,25,215,SULAWESI BARAT
2020-12-24,52,2,12,38,1462,1182,27,253,SULAWESI BARAT
2020-12-25,4,0,2,2,1466,1184,27,255,SULAWESI BARAT
2020-12-26,14,1,22,-9,1480,1206,28,246,SULAWESI BARAT
2020-12-27,21,1,9,11,1501,1215,29,257,SULAWESI BARAT
2020-12-28,9,1,1,7,1510,1216,30,264,SULAWESI BARAT
2020-12-29,15,0,8,7,1525,1224,30,271,SULAWESI BARAT
2020-12-30,14,0,4,10,1539,1228,30,281,SULAWESI BARAT
2020-12-31,21,0,10,11,1560,1238,30,292,SULAWESI BARAT
2021-01-01,6,1,1,4,1566,1239,31,296,SULAWESI BARAT
2021-01-02,1,0,0,1,1567,1239,31,297,SULAWESI BARAT
2021-01-03,20,0,11,9,1587,1250,31,306,SULAWESI BARAT
2021-01-04,19,2,0,17,1606,1250,33,323,SULAWESI BARAT
2021-01-05,4,1,3,0,1610,1253,34,323,SULAWESI BARAT
2021-01-06,10,1,7,2,1620,1260,35,325,SULAWESI BARAT
2021-01-07,26,3,18,5,1646,1278,38,330,SULAWESI BARAT
2021-01-08,39,1,16,22,1685,1294,39,352,SULAWESI BARAT
2021-01-09,69,0,8,61,1754,1302,39,413,SULAWESI BARAT
2021-01-10,78,1,22,55,1832,1324,40,468,SULAWESI BARAT
2021-01-11,8,1,11,-4,1840,1335,41,464,SULAWESI BARAT
2021-01-12,55,4,14,37,1895,1349,45,501,SULAWESI BARAT
2021-01-13,11,1,4,6,1906,1353,46,507,SULAWESI BARAT
2021-01-14,109,3,2,104,2015,1355,49,611,SULAWESI BARAT
2021-01-15,1,0,1,0,2016,1356,49,611,SULAWESI BARAT
2021-01-16,0,0,0,0,2016,1356,49,611,SULAWESI BARAT
2021-01-17,0,1,11,-12,2016,1367,50,599,SULAWESI BARAT
2021-01-18,0,0,9,-9,2016,1376,50,590,SULAWESI BARAT
2021-01-19,13,0,0,13,2029,1376,50,603,SULAWESI BARAT
2021-01-20,1,0,14,-13,2030,1390,50,590,SULAWESI BARAT
2021-01-21,189,4,3,182,2219,1393,54,772,SULAWESI BARAT
2021-01-22,88,1,63,24,2307,1456,55,796,SULAWESI BARAT
2021-01-23,165,2,10,153,2472,1466,57,949,SULAWESI BARAT
2021-01-24,57,0,16,41,2529,1482,57,990,SULAWESI BARAT
2021-01-25,37,0,15,22,2566,1497,57,1012,SULAWESI BARAT
2021-01-26,47,2,8,37,2613,1505,59,1049,SULAWESI BARAT
2021-01-27,48,3,13,32,2661,1518,62,1081,SULAWESI BARAT
2021-01-28,90,1,19,70,2751,1537,63,1151,SULAWESI BARAT
2021-01-29,66,1,23,42,2817,1560,64,1193,SULAWESI BARAT
2021-01-30,89,3,23,63,2906,1583,67,1256,SULAWESI BARAT
2021-01-31,80,3,90,-13,2986,1673,70,1243,SULAWESI BARAT
2021-02-01,37,2,26,9,3023,1699,72,1252,SULAWESI BARAT
2021-02-02,92,1,20,71,3115,1719,73,1323,SULAWESI BARAT
2021-02-03,146,0,72,74,3261,1791,73,1397,SULAWESI BARAT
2021-02-04,86,0,19,67,3347,1810,73,1464,SULAWESI BARAT
2021-02-05,39,0,0,39,3386,1810,73,1503,SULAWESI BARAT
2021-02-06,122,1,105,16,3508,1915,74,1519,SULAWESI BARAT
2021-02-07,68,2,50,16,3576,1965,76,1535,SULAWESI BARAT
2021-02-08,22,1,16,5,3598,1981,77,1540,SULAWESI BARAT
2021-02-09,139,0,40,99,3737,2021,77,1639,SULAWESI BARAT
2021-02-10,19,0,26,-7,3756,2047,77,1632,SULAWESI BARAT
2021-02-11,21,1,46,-26,3777,2093,78,1606,SULAWESI BARAT
2021-02-12,28,0,39,-11,3805,2132,78,1595,SULAWESI BARAT
2021-02-13,76,1,81,-6,3881,2213,79,1589,SULAWESI BARAT
2021-02-14,6,1,90,-85,3887,2303,80,1504,SULAWESI BARAT
2021-02-15,11,0,11,0,3898,2314,80,1504,SULAWESI BARAT
2021-02-16,26,1,26,-1,3924,2340,81,1503,SULAWESI BARAT
2021-02-17,60,1,30,29,3984,2370,82,1532,SULAWESI BARAT
2021-02-18,23,0,31,-8,4007,2401,82,1524,SULAWESI BARAT
2021-02-19,17,1,253,-237,4024,2654,83,1287,SULAWESI BARAT
2021-02-20,24,2,47,-25,4048,2701,85,1262,SULAWESI BARAT
2021-02-21,13,0,20,-7,4061,2721,85,1255,SULAWESI BARAT
2021-02-22,6,0,20,-14,4067,2741,85,1241,SULAWESI BARAT
2021-02-23,72,0,43,29,4139,2784,85,1270,SULAWESI BARAT
2021-02-24,7,0,35,-28,4146,2819,85,1242,SULAWESI BARAT
2021-02-25,5,1,26,-22,4151,2845,86,1220,SULAWESI BARAT
2021-02-26,13,1,56,-44,4164,2901,87,1176,SULAWESI BARAT
2021-02-27,6,0,35,-29,4170,2936,87,1147,SULAWESI BARAT
2021-02-28,2,1,100,-99,4172,3036,88,1048,SULAWESI BARAT
2021-03-01,8,1,84,-77,4180,3120,89,971,SULAWESI BARAT
2021-03-02,27,0,82,-55,4207,3202,89,916,SULAWESI BARAT
2021-03-03,2,1,41,-40,4209,3243,90,876,SULAWESI BARAT
2021-03-04,2,1,35,-34,4211,3278,91,842,SULAWESI BARAT
2021-03-05,10,0,41,-31,4221,3319,91,811,SULAWESI BARAT
2021-03-06,3,2,71,-70,4224,3390,93,741,SULAWESI BARAT
2021-03-07,4,1,24,-21,4228,3414,94,720,SULAWESI BARAT
2021-03-08,3,0,23,-20,4231,3437,94,700,SULAWESI BARAT
2021-03-09,5,0,7,-2,4236,3444,94,698,SULAWESI BARAT
2021-03-10,0,0,22,-22,4236,3466,94,676,SULAWESI BARAT
2021-03-11,6,0,7,-1,4242,3473,94,675,SULAWESI BARAT
2021-03-12,4,0,60,-56,4246,3533,94,619,SULAWESI BARAT
2021-03-13,5,1,74,-70,4251,3607,95,549,SULAWESI BARAT
2021-03-14,3,0,36,-33,4254,3643,95,516,SULAWESI BARAT
2021-03-15,3,0,6,-3,4257,3649,95,513,SULAWESI BARAT
2021-03-16,2,0,56,-54,4259,3705,95,459,SULAWESI BARAT
2021-03-17,3,0,20,-17,4262,3725,95,442,SULAWESI BARAT
2021-03-18,1,0,15,-14,4263,3740,95,428,SULAWESI BARAT
2021-03-19,10,0,24,-14,4273,3764,95,414,SULAWESI BARAT
2021-03-20,0,0,67,-67,4273,3831,95,347,SULAWESI BARAT
2021-03-21,3,0,40,-37,4276,3871,95,310,SULAWESI BARAT
2021-03-22,2,0,60,-58,4278,3931,95,252,SULAWESI BARAT
2021-03-23,0,0,30,-30,4278,3961,95,222,SULAWESI BARAT
2021-03-24,1,1,3,-3,4279,3964,96,219,SULAWESI BARAT
2021-03-25,1,0,19,-18,4280,3983,96,201,SULAWESI BARAT
2021-03-26,0,0,39,-39,4280,4022,96,162,SULAWESI BARAT
2021-03-27,1,0,5,-4,4281,4027,96,158,SULAWESI BARAT
2021-03-28,3,0,2,1,4284,4029,96,159,SULAWESI BARAT
2021-03-29,1,0,40,-39,4285,4069,96,120,SULAWESI BARAT
2021-03-30,0,0,7,-7,4285,4076,96,113,SULAWESI BARAT
2021-03-31,1,1,1,-1,4286,4077,97,112,SULAWESI BARAT
2021-04-01,1,0,3,-2,4287,4080,97,110,SULAWESI BARAT
2021-04-02,3,0,4,-1,4290,4084,97,109,SULAWESI BARAT
2021-04-03,1,0,0,1,4291,4084,97,110,SULAWESI BARAT
2021-04-04,1,0,0,1,4292,4084,97,111,SULAWESI BARAT
2021-04-05,0,0,7,-7,4292,4091,97,104,SULAWESI BARAT
2021-04-06,0,0,10,-10,4292,4101,97,94,SULAWESI BARAT
2021-04-07,1,0,22,-21,4293,4123,97,73,SULAWESI BARAT
2021-04-08,3,0,24,-21,4296,4147,97,52,SULAWESI BARAT
2021-04-09,6,0,4,2,4302,4151,97,54,SULAWESI BARAT
2021-04-10,3,0,0,3,4305,4151,97,57,SULAWESI BARAT
2021-04-11,0,0,0,0,4305,4151,97,57,SULAWESI BARAT
2021-04-12,2,1,1,0,4307,4152,98,57,SULAWESI BARAT
2021-04-13,5,0,1,4,4312,4153,98,61,SULAWESI BARAT
2021-04-14,0,1,0,-1,4312,4153,99,60,SULAWESI BARAT
2021-04-15,1,0,1,0,4313,4154,99,60,SULAWESI BARAT
2021-04-16,3,1,5,-3,4316,4159,100,57,SULAWESI BARAT
2021-04-17,1,0,1,0,4317,4160,100,57,SULAWESI BARAT
2021-04-18,1,0,3,-2,4318,4163,100,55,SULAWESI BARAT
2021-04-19,4,0,0,4,4322,4163,100,59,SULAWESI BARAT
2021-04-20,5,0,1,4,4327,4164,100,63,SULAWESI BARAT
2021-04-21,7,0,0,7,4334,4164,100,70,SULAWESI BARAT
2021-04-22,5,0,0,5,4339,4164,100,75,SULAWESI BARAT
2021-04-23,1,0,4,-3,4340,4168,100,72,SULAWESI BARAT
2021-04-24,1,0,1,0,4341,4169,100,72,SULAWESI BARAT
2021-04-25,6,0,9,-3,4347,4178,100,69,SULAWESI BARAT
2021-04-26,0,1,1,-2,4347,4179,101,67,SULAWESI BARAT
2021-04-27,1,0,6,-5,4348,4185,101,62,SULAWESI BARAT
2021-04-28,3,0,1,2,4351,4186,101,64,SULAWESI BARAT
2021-04-29,0,0,0,0,4351,4186,101,64,SULAWESI BARAT
2021-04-30,0,0,1,-1,4351,4187,101,63,SULAWESI BARAT
2021-05-01,3,0,0,3,4354,4187,101,66,SULAWESI BARAT
2021-05-02,17,1,5,11,4371,4192,102,77,SULAWESI BARAT
2021-05-03,2,0,4,-2,4373,4196,102,75,SULAWESI BARAT
2021-05-04,0,0,7,-7,4373,4203,102,68,SULAWESI BARAT
2021-05-05,0,0,2,-2,4373,4205,102,66,SULAWESI BARAT
2021-05-06,0,0,5,-5,4373,4210,102,61,SULAWESI BARAT
2021-05-07,0,0,2,-2,4373,4212,102,59,SULAWESI BARAT
2021-05-08,0,0,2,-2,4373,4214,102,57,SULAWESI BARAT
2021-05-09,2,0,4,-2,4375,4218,102,55,SULAWESI BARAT
2021-05-10,1,0,2,-1,4376,4220,102,54,SULAWESI BARAT
2021-05-11,2,0,0,2,4378,4220,102,56,SULAWESI BARAT
2021-05-12,2,0,1,1,4380,4221,102,57,SULAWESI BARAT
2021-05-13,0,0,0,0,4380,4221,102,57,SULAWESI BARAT
2021-05-14,0,0,0,0,4380,4221,102,57,SULAWESI BARAT
2021-05-15,4,0,15,-11,4384,4236,102,46,SULAWESI BARAT
2021-05-16,0,0,0,0,4384,4236,102,46,SULAWESI BARAT
2021-05-17,3,0,2,1,4387,4238,102,47,SULAWESI BARAT
2021-05-18,2,0,11,-9,4389,4249,102,38,SULAWESI BARAT
2021-05-19,0,0,0,0,4389,4249,102,38,SULAWESI BARAT
2021-05-20,0,0,1,-1,4389,4250,102,37,SULAWESI BARAT
2021-05-21,1,0,4,-3,4390,4254,102,34,SULAWESI BARAT
2021-05-22,0,0,2,-2,4390,4256,102,32,SULAWESI BARAT
2021-05-23,0,0,3,-3,4390,4259,102,29,SULAWESI BARAT
2021-05-24,0,0,3,-3,4390,4262,102,26,SULAWESI BARAT
2021-05-25,0,0,6,-6,4390,4268,102,20,SULAWESI BARAT
2021-05-26,0,0,0,0,4390,4268,102,20,SULAWESI BARAT
2021-05-27,0,0,0,0,4390,4268,102,20,SULAWESI BARAT
2021-05-28,3,0,1,2,4393,4269,102,22,SULAWESI BARAT
2021-05-29,0,0,0,0,4393,4269,102,22,SULAWESI BARAT
2021-05-30,0,0,4,-4,4393,4273,102,18,SULAWESI BARAT
2021-05-31,0,0,0,0,4393,4273,102,18,SULAWESI BARAT
2021-06-01,0,0,0,0,4393,4273,102,18,SULAWESI BARAT
2021-06-02,7,1,1,5,4400,4274,103,23,SULAWESI BARAT
2021-06-03,6,0,0,6,4406,4274,103,29,SULAWESI BARAT
2021-06-04,38,0,4,34,4444,4278,103,63,SULAWESI BARAT
2021-06-05,9,0,0,9,4453,4278,103,72,SULAWESI BARAT
2021-06-06,1,0,0,1,4454,4278,103,73,SULAWESI BARAT
2021-06-07,0,0,0,0,4454,4278,103,73,SULAWESI BARAT
2021-06-08,1,0,1,0,4455,4279,103,73,SULAWESI BARAT
2021-06-09,10,0,0,10,4465,4279,103,83,SULAWESI BARAT
2021-06-10,4,0,7,-3,4469,4286,103,80,SULAWESI BARAT
2021-06-11,2,0,1,1,4471,4287,103,81,SULAWESI BARAT
2021-06-12,12,0,6,6,4483,4293,103,87,SULAWESI BARAT
2021-06-13,0,0,17,-17,4483,4310,103,70,SULAWESI BARAT
2021-06-14,2,0,3,-1,4485,4313,103,69,SULAWESI BARAT
2021-06-15,2,0,0,2,4487,4313,103,71,SULAWESI BARAT
2021-06-16,2,0,1,1,4489,4314,103,72,SULAWESI BARAT
2021-06-17,6,0,8,-2,4495,4322,103,70,SULAWESI BARAT
2021-06-18,3,0,13,-10,4498,4335,103,60,SULAWESI BARAT
2021-06-19,4,0,3,1,4502,4338,103,61,SULAWESI BARAT
2021-06-20,19,0,2,17,4521,4340,103,78,SULAWESI BARAT
2021-06-21,2,0,0,2,4523,4340,103,80,SULAWESI BARAT
2021-06-22,3,0,0,3,4526,4340,103,83,SULAWESI BARAT
2021-06-23,36,0,11,25,4562,4351,103,108,SULAWESI BARAT
2021-06-24,12,0,1,11,4574,4352,103,119,SULAWESI BARAT
2021-06-25,3,0,1,2,4577,4353,103,121,SULAWESI BARAT
2021-06-26,2,0,1,1,4579,4354,103,122,SULAWESI BARAT
2021-06-27,22,0,0,22,4601,4354,103,144,SULAWESI BARAT
2021-06-28,13,0,4,9,4614,4358,103,153,SULAWESI BARAT
2021-06-29,8,0,9,-1,4622,4367,103,152,SULAWESI BARAT
2021-06-30,29,0,20,9,4651,4387,103,161,SULAWESI BARAT
2021-07-01,76,0,7,69,4727,4394,103,230,SULAWESI BARAT
2021-07-02,18,0,12,6,4745,4406,103,236,SULAWESI BARAT
2021-07-03,14,0,5,9,4759,4411,103,245,SULAWESI BARAT
2021-07-04,53,0,10,43,4812,4421,103,288,SULAWESI BARAT
2021-07-05,18,1,1,16,4830,4422,104,304,SULAWESI BARAT
2021-07-06,34,1,0,33,4864,4422,105,337,SULAWESI BARAT
2021-07-07,49,1,20,28,4913,4442,106,365,SULAWESI BARAT
2021-07-08,37,1,4,32,4950,4446,107,397,SULAWESI BARAT
2021-07-09,26,0,20,6,4976,4466,107,403,SULAWESI BARAT
2021-07-10,47,1,29,17,5023,4495,108,420,SULAWESI BARAT
2021-07-11,66,1,19,46,5089,4514,109,466,SULAWESI BARAT
2021-07-12,3,1,13,-11,5092,4527,110,455,SULAWESI BARAT
2021-07-13,58,0,30,28,5150,4557,110,483,SULAWESI BARAT
2021-07-14,32,3,3,26,5182,4560,113,509,SULAWESI BARAT
2021-07-15,101,0,27,74,5283,4587,113,583,SULAWESI BARAT
2021-07-16,107,1,22,84,5390,4609,114,667,SULAWESI BARAT
2021-07-17,56,0,25,31,5446,4634,114,698,SULAWESI BARAT
2021-07-18,71,1,25,45,5517,4659,115,743,SULAWESI BARAT
2021-07-19,44,2,29,13,5561,4688,117,756,SULAWESI BARAT
2021-07-20,103,2,46,55,5664,4734,119,811,SULAWESI BARAT
2021-07-21,55,1,60,-6,5719,4794,120,805,SULAWESI BARAT
2021-07-22,124,2,50,72,5843,4844,122,877,SULAWESI BARAT
2021-07-23,70,1,37,32,5913,4881,123,909,SULAWESI BARAT
2021-07-24,112,1,30,81,6025,4911,124,990,SULAWESI BARAT
2021-07-25,76,0,52,24,6101,4963,124,1014,SULAWESI BARAT
2021-07-26,83,3,54,26,6184,5017,127,1040,SULAWESI BARAT
2021-07-27,113,2,85,26,6297,5102,129,1066,SULAWESI BARAT
2021-07-28,64,1,42,21,6361,5144,130,1087,SULAWESI BARAT
2021-07-29,75,3,60,12,6436,5204,133,1099,SULAWESI BARAT
2021-07-30,97,5,45,47,6533,5249,138,1146,SULAWESI BARAT
2021-07-31,128,3,65,60,6661,5314,141,1206,SULAWESI BARAT
2021-08-01,113,2,48,63,6774,5362,143,1269,SULAWESI BARAT
2021-08-02,62,3,31,28,6836,5393,146,1297,SULAWESI BARAT
2021-08-03,87,4,77,6,6923,5470,150,1303,SULAWESI BARAT
2021-08-04,134,2,90,42,7057,5560,152,1345,SULAWESI BARAT
2021-08-05,145,2,137,6,7202,5697,154,1351,SULAWESI BARAT
2021-08-06,105,1,87,17,7307,5784,155,1368,SULAWESI BARAT
2021-08-07,70,1,69,0,7377,5853,156,1368,SULAWESI BARAT
2021-08-08,47,4,64,-21,7424,5917,160,1347,SULAWESI BARAT
2021-08-09,51,6,89,-44,7475,6006,166,1303,SULAWESI BARAT
2021-08-10,195,3,125,67,7670,6131,169,1370,SULAWESI BARAT
2021-08-11,180,5,93,82,7850,6224,174,1452,SULAWESI BARAT
2021-08-12,99,0,100,-1,7949,6324,174,1451,SULAWESI BARAT
2021-08-13,180,4,103,73,8129,6427,178,1524,SULAWESI BARAT
2021-08-14,130,4,102,24,8259,6529,182,1548,SULAWESI BARAT
2021-08-15,80,2,97,-19,8339,6626,184,1529,SULAWESI BARAT
2021-08-16,49,3,66,-20,8388,6692,187,1509,SULAWESI BARAT
2021-08-17,126,2,139,-15,8514,6831,189,1494,SULAWESI BARAT
2021-08-18,46,7,111,-72,8560,6942,196,1422,SULAWESI BARAT
2021-08-19,84,1,165,-82,8644,7107,197,1340,SULAWESI BARAT
2021-08-20,66,4,89,-27,8710,7196,201,1313,SULAWESI BARAT
2021-08-21,81,9,92,-20,8791,7288,210,1293,SULAWESI BARAT
2021-08-22,68,2,93,-27,8859,7381,212,1266,SULAWESI BARAT
2021-08-23,9,6,92,-89,8868,7473,218,1177,SULAWESI BARAT
2021-08-24,86,10,117,-41,8954,7590,228,1136,SULAWESI BARAT
2021-08-25,33,4,114,-85,8987,7704,232,1051,SULAWESI BARAT
2021-08-26,54,2,78,-26,9041,7782,234,1025,SULAWESI BARAT
2021-08-27,21,1,100,-80,9062,7882,235,945,SULAWESI BARAT
2021-08-28,47,0,77,-30,9109,7959,235,915,SULAWESI BARAT
2021-08-29,34,2,72,-40,9143,8031,237,875,SULAWESI BARAT
2021-08-30,17,3,61,-47,9160,8092,240,828,SULAWESI BARAT
2021-08-31,39,6,72,-39,9199,8164,246,789,SULAWESI BARAT
2021-09-01,34,4,63,-33,9233,8227,250,756,SULAWESI BARAT
2021-09-02,52,2,49,1,9285,8276,252,757,SULAWESI BARAT
2021-09-03,22,1,26,-5,9307,8302,253,752,SULAWESI BARAT
2021-09-04,21,3,24,-6,9328,8326,256,746,SULAWESI BARAT
2021-09-05,20,4,51,-35,9348,8377,260,711,SULAWESI BARAT
2021-09-06,12,5,45,-38,9360,8422,265,673,SULAWESI BARAT
2021-09-07,17,2,100,-85,9377,8522,267,588,SULAWESI BARAT
2021-09-08,22,0,58,-36,9399,8580,267,552,SULAWESI BARAT
2021-09-09,32,1,34,-3,9431,8614,268,549,SULAWESI BARAT
2021-09-10,19,0,55,-36,9450,8669,268,513,SULAWESI BARAT
2021-09-11,10,0,58,-48,9460,8727,268,465,SULAWESI BARAT
2021-09-12,15,0,56,-41,9475,8783,268,424,SULAWESI BARAT
2021-09-13,6,1,40,-35,9481,8823,269,389,SULAWESI BARAT
2021-09-14,15,1,16,-2,9496,8839,270,387,SULAWESI BARAT
2021-09-15,20,0,24,-4,9516,8863,270,383,SULAWESI BARAT
2021-09-16,13,1,14,-2,9529,8877,271,381,SULAWESI BARAT
2021-09-17,12,0,48,-36,9541,8925,271,345,SULAWESI BARAT
2021-09-18,7,0,13,-6,9548,8938,271,339,SULAWESI BARAT
2021-09-19,15,1,18,-4,9563,8956,272,335,SULAWESI BARAT
2021-09-20,10,0,21,-11,9573,8977,272,324,SULAWESI BARAT
2021-09-21,12,1,44,-33,9585,9021,273,291,SULAWESI BARAT
2021-09-22,11,3,27,-19,9596,9048,276,272,SULAWESI BARAT
2021-09-23,7,0,17,-10,9603,9065,276,262,SULAWESI BARAT
2021-09-24,9,0,26,-17,9612,9091,276,245,SULAWESI BARAT
2021-09-25,6,1,15,-10,9618,9106,277,235,SULAWESI BARAT
2021-09-26,11,0,11,0,9629,9117,277,235,SULAWESI BARAT
2021-09-27,4,1,26,-23,9633,9143,278,212,SULAWESI BARAT
2021-09-28,11,1,16,-6,9644,9159,279,206,SULAWESI BARAT
2021-09-29,18,1,15,2,9662,9174,280,208,SULAWESI BARAT
2021-09-30,8,0,10,-2,9670,9184,280,206,SULAWESI BARAT
2021-10-01,7,2,19,-14,9677,9203,282,192,SULAWESI BARAT
2021-10-02,5,0,10,-5,9682,9213,282,187,SULAWESI BARAT
2021-10-03,7,0,9,-2,9689,9222,282,185,SULAWESI BARAT
2021-10-04,5,0,21,-16,9694,9243,282,169,SULAWESI BARAT
2021-10-05,10,1,17,-8,9704,9260,283,161,SULAWESI BARAT
2021-10-06,5,0,14,-9,9709,9274,283,152,SULAWESI BARAT
2021-10-07,7,0,15,-8,9716,9289,283,144,SULAWESI BARAT
2021-10-08,29,0,11,18,9745,9300,283,162,SULAWESI BARAT
2021-10-09,11,0,6,5,9756,9306,283,167,SULAWESI BARAT
2021-10-10,6,0,7,-1,9762,9313,283,166,SULAWESI BARAT
2021-10-11,8,2,6,0,9770,9319,285,166,SULAWESI BARAT
2021-10-12,2,0,26,-24,9772,9345,285,142,SULAWESI BARAT
2021-10-13,5,0,32,-27,9777,9377,285,115,SULAWESI BARAT
2021-10-14,5,0,6,-1,9782,9383,285,114,SULAWESI BARAT
2021-10-15,1,0,12,-11,9783,9395,285,103,SULAWESI BARAT
2021-10-16,1,0,4,-3,9784,9399,285,100,SULAWESI BARAT
2021-10-17,0,0,12,-12,9784,9411,285,88,SULAWESI BARAT
2021-10-18,0,0,12,-12,9784,9423,285,76,SULAWESI BARAT
2021-10-19,2,0,25,-23,9786,9448,285,53,SULAWESI BARAT
2021-10-20,1,0,10,-9,9787,9458,285,44,SULAWESI BARAT
2021-10-21,1,1,18,-18,9788,9476,286,26,SULAWESI BARAT
2021-10-22,0,0,5,-5,9788,9481,286,21,SULAWESI BARAT
2021-10-23,2,0,0,2,9790,9481,286,23,SULAWESI BARAT
2021-10-24,0,0,6,-6,9790,9487,286,17,SULAWESI BARAT
2021-10-25,0,0,5,-5,9790,9492,286,12,SULAWESI BARAT
2021-10-26,3,1,2,0,9793,9494,287,12,SULAWESI BARAT
2021-10-27,2,0,1,1,9795,9495,287,13,SULAWESI BARAT
2021-10-28,4,0,0,4,9799,9495,287,17,SULAWESI BARAT
2021-10-29,3,0,0,3,9802,9495,287,20,SULAWESI BARAT
2021-10-30,0,0,4,-4,9802,9499,287,16,SULAWESI BARAT
2021-10-31,0,0,1,-1,9802,9500,287,15,SULAWESI BARAT
2021-11-01,0,0,0,0,9802,9500,287,15,SULAWESI BARAT
2021-11-02,4,1,1,2,9806,9501,288,17,SULAWESI BARAT
2021-11-03,2,0,0,2,9808,9501,288,19,SULAWESI BARAT
2021-11-04,1,0,0,1,9809,9501,288,20,SULAWESI BARAT
2021-11-05,3,0,0,3,9812,9501,288,23,SULAWESI BARAT
2021-11-06,0,0,1,-1,9812,9502,288,22,SULAWESI BARAT
2021-11-07,0,0,0,0,9812,9502,288,22,SULAWESI BARAT
2021-11-08,0,0,1,-1,9812,9503,288,21,SULAWESI BARAT
2021-11-09,3,0,0,3,9815,9503,288,24,SULAWESI BARAT
2021-11-10,0,0,7,-7,9815,9510,288,17,SULAWESI BARAT
2021-11-11,4,0,2,2,9819,9512,288,19,SULAWESI BARAT
2021-11-12,1,0,1,0,9820,9513,288,19,SULAWESI BARAT
2021-11-13,0,0,2,-2,9820,9515,288,17,SULAWESI BARAT
2021-11-14,0,0,2,-2,9820,9517,288,15,SULAWESI BARAT
2021-11-15,0,0,3,-3,9820,9520,288,12,SULAWESI BARAT
2021-11-16,0,0,0,0,9820,9520,288,12,SULAWESI BARAT
2021-11-17,1,0,0,1,9821,9520,288,13,SULAWESI BARAT
2021-11-18,1,1,0,0,9822,9520,289,13,SULAWESI BARAT
2021-11-19,1,0,0,1,9823,9520,289,14,SULAWESI BARAT
2021-11-20,1,0,1,0,9824,9521,289,14,SULAWESI BARAT
2021-11-21,0,0,3,-3,9824,9524,289,11,SULAWESI BARAT
2021-11-22,0,0,1,-1,9824,9525,289,10,SULAWESI BARAT
2021-11-23,0,0,3,-3,9824,9528,289,7,SULAWESI BARAT
2021-11-24,0,0,3,-3,9824,9531,289,4,SULAWESI BARAT
2021-11-25,0,0,1,-1,9824,9532,289,3,SULAWESI BARAT
2021-11-26,0,0,0,0,9824,9532,289,3,SULAWESI BARAT
2021-11-27,1,0,0,1,9825,9532,289,4,SULAWESI BARAT
2021-11-28,0,0,1,-1,9825,9533,289,3,SULAWESI BARAT
2021-11-29,0,0,0,0,9825,9533,289,3,SULAWESI BARAT
2021-11-30,1,0,0,1,9826,9533,289,4,SULAWESI BARAT
2021-12-01,1,0,2,-1,9827,9535,289,3,SULAWESI BARAT
2021-12-02,0,0,0,0,9827,9535,289,3,SULAWESI BARAT
2021-12-03,1,0,1,0,9828,9536,289,3,SULAWESI BARAT
2021-12-04,0,0,0,0,9828,9536,289,3,SULAWESI BARAT
2021-12-05,0,0,1,-1,9828,9537,289,2,SULAWESI BARAT
2021-12-06,1,0,1,0,9829,9538,289,2,SULAWESI BARAT
2021-12-07,0,0,0,0,9829,9538,289,2,SULAWESI BARAT
2021-12-08,2,0,0,2,9831,9538,289,4,SULAWESI BARAT
2021-12-09,0,0,0,0,9831,9538,289,4,SULAWESI BARAT
2021-12-10,1,0,0,1,9832,9538,289,5,SULAWESI BARAT
2021-12-11,1,0,0,1,9833,9538,289,6,SULAWESI BARAT
2021-12-12,0,0,0,0,9833,9538,289,6,SULAWESI BARAT
2021-12-13,0,0,0,0,9833,9538,289,6,SULAWESI BARAT
2021-12-14,1,0,0,1,9834,9538,289,7,SULAWESI BARAT
2021-12-15,0,0,0,0,9834,9538,289,7,SULAWESI BARAT
2021-12-16,0,1,3,-4,9834,9541,290,3,SULAWESI BARAT
2021-12-17,0,0,0,0,9834,9541,290,3,SULAWESI BARAT
2021-12-18,0,0,0,0,9834,9541,290,3,SULAWESI BARAT
2021-12-19,0,0,0,0,9834,9541,290,3,SULAWESI BARAT
2021-12-20,0,0,0,0,9834,9541,290,3,SULAWESI BARAT
2021-12-21,2,0,0,2,9836,9541,290,5,SULAWESI BARAT
2021-12-22,0,0,1,-1,9836,9542,290,4,SULAWESI BARAT
2021-12-23,0,0,1,-1,9836,9543,290,3,SULAWESI BARAT
2021-12-24,0,0,0,0,9836,9543,290,3,SULAWESI BARAT
2021-12-25,0,0,0,0,9836,9543,290,3,SULAWESI BARAT
2021-12-26,1,0,0,1,9837,9543,290,4,SULAWESI BARAT
2021-12-27,0,0,0,0,9837,9543,290,4,SULAWESI BARAT
2021-12-28,0,0,1,-1,9837,9544,290,3,SULAWESI BARAT
2021-12-29,0,0,1,-1,9837,9545,290,2,SULAWESI BARAT
2021-12-30,0,0,0,0,9837,9545,290,2,SULAWESI BARAT
2021-12-31,0,0,0,0,9837,9545,290,2,SULAWESI BARAT
2022-01-01,0,0,0,0,9837,9545,290,2,SULAWESI BARAT
2022-01-02,0,0,0,0,9837,9545,290,2,SULAWESI BARAT
2022-01-03,0,0,0,0,9837,9545,290,2,SULAWESI BARAT
2022-01-04,0,0,0,0,9837,9545,290,2,SULAWESI BARAT
2022-01-05,0,0,0,0,9837,9545,290,2,SULAWESI BARAT
2022-01-06,1,0,1,0,9838,9546,290,2,SULAWESI BARAT
2022-01-07,0,0,0,0,9838,9546,290,2,SULAWESI BARAT
2022-01-08,1,0,0,1,9839,9546,290,3,SULAWESI BARAT
2022-01-09,1,0,1,0,9840,9547,290,3,SULAWESI BARAT
2022-01-10,0,0,0,0,9840,9547,290,3,SULAWESI BARAT
2022-01-11,0,0,0,0,9840,9547,290,3,SULAWESI BARAT
2022-01-12,0,0,0,0,9840,9547,290,3,SULAWESI BARAT
2022-01-13,0,0,0,0,9840,9547,290,3,SULAWESI BARAT
2022-01-14,0,0,0,0,9840,9547,290,3,SULAWESI BARAT
2022-01-15,0,0,0,0,9840,9547,290,3,SULAWESI BARAT
2022-01-16,0,0,0,0,9840,9547,290,3,SULAWESI BARAT
2022-01-17,0,0,0,0,9840,9547,290,3,SULAWESI BARAT
2022-01-18,0,0,0,0,9840,9547,290,3,SULAWESI BARAT
2022-01-19,0,0,0,0,9840,9547,290,3,SULAWESI BARAT
2022-01-20,0,0,0,0,9840,9547,290,3,SULAWESI BARAT
2022-01-21,0,0,2,-2,9840,9549,290,1,SULAWESI BARAT
2022-01-22,1,0,0,1,9841,9549,290,2,SULAWESI BARAT
2022-01-23,0,0,0,0,9841,9549,290,2,SULAWESI BARAT
2022-01-24,0,0,0,0,9841,9549,290,2,SULAWESI BARAT
2022-01-25,1,0,0,1,9842,9549,290,3,SULAWESI BARAT
2022-01-26,1,0,0,1,9843,9549,290,4,SULAWESI BARAT
2022-01-27,3,0,0,3,9846,9549,290,7,SULAWESI BARAT
2022-01-28,0,0,0,0,9846,9549,290,7,SULAWESI BARAT
2022-01-29,1,0,1,0,9847,9550,290,7,SULAWESI BARAT
2022-01-30,0,0,0,0,9847,9550,290,7,SULAWESI BARAT
2022-01-31,1,0,0,1,9848,9550,290,8,SULAWESI BARAT
2022-02-01,3,0,0,3,9851,9550,290,11,SULAWESI BARAT
2022-02-02,1,0,1,0,9852,9551,290,11,SULAWESI BARAT
2022-02-03,2,0,0,2,9854,9551,290,13,SULAWESI BARAT
2022-02-04,2,0,0,2,9856,9551,290,15,SULAWESI BARAT
2022-02-05,6,0,2,4,9862,9553,290,19,SULAWESI BARAT
2022-02-06,7,0,0,7,9869,9553,290,26,SULAWESI BARAT
2022-02-07,2,0,0,2,9871,9553,290,28,SULAWESI BARAT
2022-02-08,4,0,2,2,9875,9555,290,30,SULAWESI BARAT
2022-02-09,9,0,0,9,9884,9555,290,39,SULAWESI BARAT
2022-02-10,14,0,1,13,9898,9556,290,52,SULAWESI BARAT
2022-02-11,9,0,0,9,9907,9556,290,61,SULAWESI BARAT
2022-02-12,21,0,2,19,9928,9558,290,80,SULAWESI BARAT
2022-02-13,10,1,2,7,9938,9560,291,87,SULAWESI BARAT
2022-02-14,15,0,4,11,9953,9564,291,98,SULAWESI BARAT
2022-02-15,48,1,6,41,10001,9570,292,139,SULAWESI BARAT
2022-02-16,37,0,3,34,10038,9573,292,173,SULAWESI BARAT
2022-02-17,40,0,7,33,10078,9580,292,206,SULAWESI BARAT
2022-02-18,21,0,0,21,10099,9580,292,227,SULAWESI BARAT
2022-02-19,86,1,7,78,10185,9587,293,305,SULAWESI BARAT
2022-02-20,41,1,5,35,10226,9592,294,340,SULAWESI BARAT
2022-02-21,44,2,15,27,10270,9607,296,367,SULAWESI BARAT
2022-02-22,85,0,15,70,10355,9622,296,437,SULAWESI BARAT
2022-02-23,115,1,19,95,10470,9641,297,532,SULAWESI BARAT
2022-02-24,136,0,23,113,10606,9664,297,645,SULAWESI BARAT
2022-02-25,147,0,14,133,10753,9678,297,778,SULAWESI BARAT
2022-02-26,102,0,37,65,10855,9715,297,843,SULAWESI BARAT
2022-02-27,70,1,30,39,10925,9745,298,882,SULAWESI BARAT
2022-02-28,27,2,39,-14,10952,9784,300,868,SULAWESI BARAT
2022-03-01,65,0,56,9,11017,9840,300,877,SULAWESI BARAT
2022-03-02,150,0,27,123,11167,9867,300,1000,SULAWESI BARAT
2022-03-03,119,3,28,88,11286,9895,303,1088,SULAWESI BARAT
2022-03-04,66,3,89,-26,11352,9984,306,1062,SULAWESI BARAT
2022-03-05,131,3,66,62,11483,10050,309,1124,SULAWESI BARAT
2022-03-06,66,1,103,-38,11549,10153,310,1086,SULAWESI BARAT
2022-03-07,36,1,116,-81,11585,10269,311,1005,SULAWESI BARAT
2022-03-08,127,0,114,13,11712,10383,311,1018,SULAWESI BARAT
2022-03-09,91,2,119,-30,11803,10502,313,988,SULAWESI BARAT
2022-03-10,53,0,66,-13,11856,10568,313,975,SULAWESI BARAT
2022-03-11,29,0,55,-26,11885,10623,313,949,SULAWESI BARAT
2022-03-12,66,0,83,-17,11951,10706,313,932,SULAWESI BARAT
2022-03-13,35,1,54,-20,11986,10760,314,912,SULAWESI BARAT
2022-03-14,28,1,82,-55,12014,10842,315,857,SULAWESI BARAT
2022-03-15,62,2,99,-39,12076,10941,317,818,SULAWESI BARAT
2022-03-16,30,2,136,-108,12106,11077,319,710,SULAWESI BARAT
2022-03-17,32,3,61,-32,12138,11138,322,678,SULAWESI BARAT
2022-03-18,33,0,68,-35,12171,11206,322,643,SULAWESI BARAT
2022-03-19,33,0,59,-26,12204,11265,322,617,SULAWESI BARAT
2022-03-20,9,1,38,-30,12213,11303,323,587,SULAWESI BARAT
2022-03-21,13,0,97,-84,12226,11400,323,503,SULAWESI BARAT
2022-03-22,19,0,60,-41,12245,11460,323,462,SULAWESI BARAT
2022-03-23,11,0,66,-55,12256,11526,323,407,SULAWESI BARAT
2022-03-24,23,0,56,-33,12279,11582,323,374,SULAWESI BARAT
2022-03-25,9,0,63,-54,12288,11645,323,320,SULAWESI BARAT
2022-03-26,7,0,38,-31,12295,11683,323,289,SULAWESI BARAT
2022-03-27,6,0,49,-43,12301,11732,323,246,SULAWESI BARAT
2022-03-28,7,0,26,-19,12308,11758,323,227,SULAWESI BARAT
2022-03-29,10,0,44,-34,12318,11802,323,193,SULAWESI BARAT
2022-03-30,8,2,39,-33,12326,11841,325,160,SULAWESI BARAT
2022-03-31,5,0,38,-33,12331,11879,325,127,SULAWESI BARAT
2022-04-01,10,0,40,-30,12341,11919,325,97,SULAWESI BARAT
2022-04-02,2,3,14,-15,12343,11933,328,82,SULAWESI BARAT
2022-04-03,0,0,12,-12,12343,11945,328,70,SULAWESI BARAT
2022-04-04,3,0,14,-11,12346,11959,328,59,SULAWESI BARAT
2022-04-05,2,0,4,-2,12348,11963,328,57,SULAWESI BARAT
2022-04-06,3,0,6,-3,12351,11969,328,54,SULAWESI BARAT
2022-04-07,1,0,12,-11,12352,11981,328,43,SULAWESI BARAT
2022-04-08,1,0,0,1,12353,11981,328,44,SULAWESI BARAT
2022-04-09,0,0,8,-8,12353,11989,328,36,SULAWESI BARAT
2022-04-10,2,0,4,-2,12355,11993,328,34,SULAWESI BARAT
2022-04-11,1,0,5,-4,12356,11998,328,30,SULAWESI BARAT
2022-04-12,12,0,12,0,12368,12010,328,30,SULAWESI BARAT
2022-04-13,1,0,1,0,12369,12011,328,30,SULAWESI BARAT
2022-04-14,2,0,7,-5,12371,12018,328,25,SULAWESI BARAT
2022-04-15,0,0,9,-9,12371,12027,328,16,SULAWESI BARAT
2022-04-16,0,0,0,0,12371,12027,328,16,SULAWESI BARAT
2022-04-17,0,0,0,0,12371,12027,328,16,SULAWESI BARAT
2022-04-18,1,0,0,1,12372,12027,328,17,SULAWESI BARAT
2022-04-19,0,0,1,-1,12372,12028,328,16,SULAWESI BARAT
2022-04-20,1,0,7,-6,12373,12035,328,10,SULAWESI BARAT
2022-04-21,1,0,0,1,12374,12035,328,11,SULAWESI BARAT
2022-04-22,0,0,1,-1,12374,12036,328,10,SULAWESI BARAT
2022-04-23,0,0,1,-1,12374,12037,328,9,SULAWESI BARAT
2022-04-24,0,0,0,0,12374,12037,328,9,SULAWESI BARAT
2022-04-25,0,0,1,-1,12374,12038,328,8,SULAWESI BARAT
2022-04-26,0,0,5,-5,12374,12043,328,3,SULAWESI BARAT
2022-04-27,1,0,0,1,12375,12043,328,4,SULAWESI BARAT
2022-04-28,3,0,2,1,12378,12045,328,5,SULAWESI BARAT
2022-04-29,0,0,0,0,12378,12045,328,5,SULAWESI BARAT
2022-04-30,0,0,0,0,12378,12045,328,5,SULAWESI BARAT
2022-05-01,0,0,0,0,12378,12045,328,5,SULAWESI BARAT
2022-05-02,0,0,0,0,12378,12045,328,5,SULAWESI BARAT
2022-05-03,0,0,0,0,12378,12045,328,5,SULAWESI BARAT
2022-05-04,0,0,0,0,12378,12045,328,5,SULAWESI BARAT
2022-05-05,0,0,0,0,12378,12045,328,5,SULAWESI BARAT
2022-05-06,0,0,0,0,12378,12045,328,5,SULAWESI BARAT
2022-05-07,0,0,0,0,12378,12045,328,5,SULAWESI BARAT
2022-05-08,0,0,0,0,12378,12045,328,5,SULAWESI BARAT
2022-05-09,0,0,0,0,12378,12045,328,5,SULAWESI BARAT
2022-05-10,1,0,1,0,12379,12046,328,5,SULAWESI BARAT
2022-05-11,0,0,1,-1,12379,12047,328,4,SULAWESI BARAT
2022-05-12,1,0,0,1,12380,12047,328,5,SULAWESI BARAT
2022-05-13,0,0,1,-1,12380,12048,328,4,SULAWESI BARAT
2022-05-14,0,0,1,-1,12380,12049,328,3,SULAWESI BARAT
2022-05-15,0,0,0,0,12380,12049,328,3,SULAWESI BARAT
2022-05-16,0,0,0,0,12380,12049,328,3,SULAWESI BARAT
2022-05-17,0,0,0,0,12380,12049,328,3,SULAWESI BARAT
2022-05-18,1,0,2,-1,12381,12051,328,2,SULAWESI BARAT
2022-05-19,0,0,0,0,12381,12051,328,2,SULAWESI BARAT
2022-05-20,3,0,0,3,12384,12051,328,5,SULAWESI BARAT
2022-05-21,0,0,0,0,12384,12051,328,5,SULAWESI BARAT
2022-05-22,0,0,0,0,12384,12051,328,5,SULAWESI BARAT
2022-05-23,1,1,0,0,12385,12051,329,5,SULAWESI BARAT
2022-05-24,0,0,0,0,12385,12051,329,5,SULAWESI BARAT
2022-05-25,0,0,0,0,12385,12051,329,5,SULAWESI BARAT
2022-05-26,0,0,0,0,12385,12051,329,5,SULAWESI BARAT
2022-05-27,0,0,0,0,12385,12051,329,5,SULAWESI BARAT
2022-05-28,0,0,2,-2,12385,12053,329,3,SULAWESI BARAT
2022-05-29,0,0,0,0,12385,12053,329,3,SULAWESI BARAT
2022-05-30,0,0,0,0,12385,12053,329,3,SULAWESI BARAT
2022-05-31,0,0,0,0,12385,12053,329,3,SULAWESI BARAT
2022-06-01,1,0,0,1,12386,12053,329,4,SULAWESI BARAT
2022-06-02,0,0,0,0,12386,12053,329,4,SULAWESI BARAT
2022-06-03,0,0,1,-1,12386,12054,329,3,SULAWESI BARAT
2022-06-04,0,0,0,0,12386,12054,329,3,SULAWESI BARAT
2022-06-05,0,0,0,0,12386,12054,329,3,SULAWESI BARAT
2022-06-06,0,0,2,-2,12386,12056,329,1,SULAWESI BARAT
2022-06-07,0,0,0,0,12386,12056,329,1,SULAWESI BARAT
2022-06-08,0,0,0,0,12386,12056,329,1,SULAWESI BARAT
2022-06-09,2,0,0,2,12388,12056,329,3,SULAWESI BARAT
2022-06-10,1,0,1,0,12389,12057,329,3,SULAWESI BARAT
2022-06-11,0,0,0,0,12389,12057,329,3,SULAWESI BARAT
2022-06-12,0,0,0,0,12389,12057,329,3,SULAWESI BARAT
2022-06-13,0,0,0,0,12389,12057,329,3,SULAWESI BARAT
2022-06-14,0,0,0,0,12389,12057,329,3,SULAWESI BARAT
2022-06-15,0,0,0,0,12389,12057,329,3,SULAWESI BARAT
2022-06-16,0,0,1,-1,12389,12058,329,2,SULAWESI BARAT
2022-06-17,0,0,0,0,12389,12058,329,2,SULAWESI BARAT
2022-06-18,0,0,0,0,12389,12058,329,2,SULAWESI BARAT
2022-06-19,0,0,0,0,12389,12058,329,2,SULAWESI BARAT
2022-06-20,0,0,0,0,12389,12058,329,2,SULAWESI BARAT
2022-06-21,0,0,0,0,12389,12058,329,2,SULAWESI BARAT
2022-06-22,0,0,0,0,12389,12058,329,2,SULAWESI BARAT
2022-06-23,0,0,1,-1,12389,12059,329,1,SULAWESI BARAT
2022-06-24,0,0,1,-1,12389,12060,329,0,SULAWESI BARAT
2022-06-25,0,0,0,0,12389,12060,329,0,SULAWESI BARAT
2022-06-26,0,0,0,0,12389,12060,329,0,SULAWESI BARAT
2022-06-27,0,0,0,0,12389,12060,329,0,SULAWESI BARAT
2022-06-28,1,0,0,1,12390,12060,329,1,SULAWESI BARAT
2022-06-29,1,0,0,1,12391,12060,329,2,SULAWESI BARAT
2022-06-30,1,0,0,1,12392,12060,329,3,SULAWESI BARAT
2022-07-01,0,0,0,0,12392,12060,329,3,SULAWESI BARAT
2022-07-02,0,0,0,0,12392,12060,329,3,SULAWESI BARAT
2022-07-03,0,0,0,0,12392,12060,329,3,SULAWESI BARAT
2022-07-04,0,0,0,0,12392,12060,329,3,SULAWESI BARAT
2022-07-05,0,0,0,0,12392,12060,329,3,SULAWESI BARAT
2022-07-06,0,0,0,0,12392,12060,329,3,SULAWESI BARAT
2022-07-07,1,0,0,1,12393,12060,329,4,SULAWESI BARAT
2022-07-08,0,0,0,0,12393,12060,329,4,SULAWESI BARAT
2022-07-09,0,0,0,0,12393,12060,329,4,SULAWESI BARAT
2022-07-10,0,0,0,0,12393,12060,329,4,SULAWESI BARAT
2022-07-11,0,0,1,-1,12393,12061,329,3,SULAWESI BARAT
2022-07-12,0,0,0,0,12393,12061,329,3,SULAWESI BARAT
2022-07-13,1,0,0,1,12394,12061,329,4,SULAWESI BARAT
2022-07-14,0,0,0,0,12394,12061,329,4,SULAWESI BARAT
2022-07-15,0,0,1,-1,12394,12062,329,3,SULAWESI BARAT
2022-07-16,1,0,1,0,12395,12063,329,3,SULAWESI BARAT
2022-07-17,0,0,1,-1,12395,12064,329,2,SULAWESI BARAT
2022-07-18,0,0,0,0,12395,12064,329,2,SULAWESI BARAT
2022-07-19,1,0,0,1,12396,12064,329,3,SULAWESI BARAT
2022-07-20,0,0,1,-1,12396,12065,329,2,SULAWESI BARAT
2022-07-21,0,0,0,0,12396,12065,329,2,SULAWESI BARAT
2022-07-22,0,0,0,0,12396,12065,329,2,SULAWESI BARAT
2022-07-23,0,0,0,0,12396,12065,329,2,SULAWESI BARAT
2022-07-24,0,0,0,0,12396,12065,329,2,SULAWESI BARAT
2022-07-25,0,0,0,0,12396,12065,329,2,SULAWESI BARAT
2022-07-26,0,0,0,0,12396,12065,329,2,SULAWESI BARAT
2022-07-27,1,0,0,1,12397,12065,329,3,SULAWESI BARAT
2022-07-28,0,0,1,-1,12397,12066,329,2,SULAWESI BARAT
2022-07-29,2,1,0,1,12399,12066,330,3,SULAWESI BARAT
2022-07-30,0,0,0,0,12399,12066,330,3,SULAWESI BARAT
2022-07-31,1,0,0,1,12400,12066,330,4,SULAWESI BARAT
2022-08-01,0,0,1,-1,12400,12067,330,3,SULAWESI BARAT
2022-08-02,2,0,0,2,12402,12067,330,5,SULAWESI BARAT
2022-08-03,0,0,0,0,12402,12067,330,5,SULAWESI BARAT
2022-08-04,1,0,0,1,12403,12067,330,6,SULAWESI BARAT
2022-08-05,1,0,0,1,12404,12067,330,7,SULAWESI BARAT
2022-08-06,0,0,0,0,12404,12067,330,7,SULAWESI BARAT
2022-08-07,0,0,0,0,12404,12067,330,7,SULAWESI BARAT
2022-08-08,0,0,1,-1,12404,12068,330,6,SULAWESI BARAT
2022-08-09,0,0,0,0,12404,12068,330,6,SULAWESI BARAT
2022-08-10,0,0,0,0,12404,12068,330,6,SULAWESI BARAT
2022-08-11,1,0,1,0,12405,12069,330,6,SULAWESI BARAT
2022-08-12,0,0,1,-1,12405,12070,330,5,SULAWESI BARAT
2022-08-13,0,0,1,-1,12405,12071,330,4,SULAWESI BARAT
2022-08-14,0,0,0,0,12405,12071,330,4,SULAWESI BARAT
2022-08-15,0,0,1,-1,12405,12072,330,3,SULAWESI BARAT
2022-08-16,0,0,0,0,12405,12072,330,3,SULAWESI BARAT
2022-08-17,0,0,0,0,12405,12072,330,3,SULAWESI BARAT
2022-08-18,0,0,0,0,12405,12072,330,3,SULAWESI BARAT
2022-08-19,1,0,0,1,12406,12072,330,4,SULAWESI BARAT
2022-08-20,0,0,3,-3,12406,12075,330,1,SULAWESI BARAT
2022-08-21,0,0,0,0,12406,12075,330,1,SULAWESI BARAT
2022-08-22,0,0,0,0,12406,12075,330,1,SULAWESI BARAT
2022-08-23,4,0,0,4,12410,12075,330,5,SULAWESI BARAT
2022-08-24,3,0,0,3,12413,12075,330,8,SULAWESI BARAT
2022-08-25,0,0,0,0,12413,12075,330,8,SULAWESI BARAT
2022-08-26,0,0,0,0,12413,12075,330,8,SULAWESI BARAT
2022-08-27,0,0,0,0,12413,12075,330,8,SULAWESI BARAT
2022-08-28,5,0,0,5,12418,12075,330,13,SULAWESI BARAT
2022-08-29,0,0,5,-5,12418,12080,330,8,SULAWESI BARAT
2022-08-30,0,0,0,0,12418,12080,330,8,SULAWESI BARAT
2022-08-31,0,0,0,0,12418,12080,330,8,SULAWESI BARAT
2022-09-01,0,0,0,0,12418,12080,330,8,SULAWESI BARAT
2022-09-02,0,0,1,-1,12418,12081,330,7,SULAWESI BARAT
2022-09-03,0,0,0,0,12418,12081,330,7,SULAWESI BARAT
2022-09-04,0,0,2,-2,12418,12083,330,5,SULAWESI BARAT
2022-09-05,1,0,0,1,12419,12083,330,6,SULAWESI BARAT
2022-09-06,1,0,2,-1,12420,12085,330,5,SULAWESI BARAT
2022-09-07,0,0,2,-2,12420,12087,330,3,SULAWESI BARAT
2022-09-08,0,0,0,0,12420,12087,330,3,SULAWESI BARAT
2022-09-09,2,0,0,2,12422,12087,330,5,SULAWESI BARAT
2022-09-10,1,0,0,1,12423,12087,330,6,SULAWESI BARAT
2022-09-11,0,0,1,-1,12423,12088,330,5,SULAWESI BARAT
2022-09-12,0,0,0,0,12423,12088,330,5,SULAWESI BARAT
2022-09-13,0,0,0,0,12423,12088,330,5,SULAWESI BARAT
2022-09-14,2,0,2,0,12425,12090,330,5,SULAWESI BARAT
2022-09-15,0,0,0,0,12425,12090,330,5,SULAWESI BARAT
2022-09-16,0,0,0,0,12425,12090,330,5,SULAWESI BARAT
2022-09-17,0,0,0,0,12425,12090,330,5,SULAWESI BARAT
2022-09-18,0,0,0,0,12425,12090,330,5,SULAWESI BARAT
2022-09-19,0,0,2,-2,12425,12092,330,3,SULAWESI BARAT
2022-09-20,1,0,0,1,12426,12092,330,4,SULAWESI BARAT
2022-09-21,1,0,0,1,12427,12092,330,5,SULAWESI BARAT
2022-09-22,1,0,0,1,12428,12092,330,6,SULAWESI BARAT
2022-09-23,2,0,0,2,12430,12092,330,8,SULAWESI BARAT
2022-09-24,3,0,0,3,12433,12092,330,11,SULAWESI BARAT
2022-09-25,0,1,1,-2,12433,12093,331,9,SULAWESI BARAT
2022-09-26,0,0,1,-1,12433,12094,331,8,SULAWESI BARAT
2022-09-27,1,0,0,1,12434,12094,331,9,SULAWESI BARAT
2022-09-28,0,0,0,0,12434,12094,331,9,SULAWESI BARAT
2022-09-29,4,0,0,4,12438,12094,331,13,SULAWESI BARAT
2022-09-30,5,0,0,5,12443,12094,331,18,SULAWESI BARAT
2020-03-23,1,0,0,1,1,0,0,1,MALUKU UTARA
2020-03-24,0,0,0,0,1,0,0,1,MALUKU UTARA
2020-03-25,0,0,0,0,1,0,0,1,MALUKU UTARA
2020-03-26,0,0,0,0,1,0,0,1,MALUKU UTARA
2020-03-27,0,0,0,0,1,0,0,1,MALUKU UTARA
2020-03-28,0,0,0,0,1,0,0,1,MALUKU UTARA
2020-03-29,0,0,0,0,1,0,0,1,MALUKU UTARA
2020-03-30,0,0,0,0,1,0,0,1,MALUKU UTARA
2020-03-31,0,0,0,0,1,0,0,1,MALUKU UTARA
2020-04-01,0,0,0,0,1,0,0,1,MALUKU UTARA
2020-04-02,0,0,0,0,1,0,0,1,MALUKU UTARA
2020-04-03,0,0,0,0,1,0,0,1,MALUKU UTARA
2020-04-04,0,0,0,0,1,0,0,1,MALUKU UTARA
2020-04-05,0,0,0,0,1,0,0,1,MALUKU UTARA
2020-04-06,0,0,0,0,1,0,0,1,MALUKU UTARA
2020-04-07,0,0,0,0,1,0,0,1,MALUKU UTARA
2020-04-08,1,0,0,1,2,0,0,2,MALUKU UTARA
2020-04-09,0,0,1,-1,2,1,0,1,MALUKU UTARA
2020-04-10,0,0,0,0,2,1,0,1,MALUKU UTARA
2020-04-11,0,0,0,0,2,1,0,1,MALUKU UTARA
2020-04-12,0,0,0,0,2,1,0,1,MALUKU UTARA
2020-04-13,0,0,0,0,2,1,0,1,MALUKU UTARA
2020-04-14,0,0,0,0,2,1,0,1,MALUKU UTARA
2020-04-15,2,0,1,1,4,2,0,2,MALUKU UTARA
2020-04-16,0,0,0,0,4,2,0,2,MALUKU UTARA
2020-04-17,0,0,0,0,4,2,0,2,MALUKU UTARA
2020-04-18,0,0,0,0,4,2,0,2,MALUKU UTARA
2020-04-19,0,0,0,0,4,2,0,2,MALUKU UTARA
2020-04-20,0,0,0,0,4,2,0,2,MALUKU UTARA
2020-04-21,0,0,0,0,4,2,0,2,MALUKU UTARA
2020-04-22,7,0,0,7,11,2,0,9,MALUKU UTARA
2020-04-23,2,0,0,2,13,2,0,11,MALUKU UTARA
2020-04-24,0,0,0,0,13,2,0,11,MALUKU UTARA
2020-04-25,0,0,0,0,13,2,0,11,MALUKU UTARA
2020-04-26,8,0,0,8,21,2,0,19,MALUKU UTARA
2020-04-27,0,0,0,0,21,2,0,19,MALUKU UTARA
2020-04-28,0,0,1,-1,21,3,0,18,MALUKU UTARA
2020-04-29,0,0,0,0,21,3,0,18,MALUKU UTARA
2020-04-30,11,0,0,11,32,3,0,29,MALUKU UTARA
2020-05-01,1,0,0,1,33,3,0,30,MALUKU UTARA
2020-05-02,0,0,0,0,33,3,0,30,MALUKU UTARA
2020-05-03,9,0,2,7,42,5,0,37,MALUKU UTARA
2020-05-04,0,0,0,0,42,5,0,37,MALUKU UTARA
2020-05-05,0,0,0,0,42,5,0,37,MALUKU UTARA
2020-05-06,0,0,0,0,42,5,0,37,MALUKU UTARA
2020-05-07,0,0,0,0,42,5,0,37,MALUKU UTARA
2020-05-08,0,0,3,-3,42,8,0,34,MALUKU UTARA
2020-05-09,3,0,0,3,45,8,0,37,MALUKU UTARA
2020-05-10,0,0,0,0,45,8,0,37,MALUKU UTARA
2020-05-11,0,0,0,0,45,8,0,37,MALUKU UTARA
2020-05-12,0,0,0,0,45,8,0,37,MALUKU UTARA
2020-05-13,17,2,0,15,62,8,2,52,MALUKU UTARA
2020-05-14,4,0,2,2,66,10,2,54,MALUKU UTARA
2020-05-15,3,1,1,1,69,11,3,55,MALUKU UTARA
2020-05-16,3,0,0,3,72,11,3,58,MALUKU UTARA
2020-05-17,3,0,0,3,75,11,3,61,MALUKU UTARA
2020-05-18,1,0,0,1,76,11,3,62,MALUKU UTARA
2020-05-19,2,0,0,2,78,11,3,64,MALUKU UTARA
2020-05-20,1,0,0,1,79,11,3,65,MALUKU UTARA
2020-05-21,1,0,0,1,80,11,3,66,MALUKU UTARA
2020-05-22,2,0,0,2,82,11,3,68,MALUKU UTARA
2020-05-23,0,0,0,0,82,11,3,68,MALUKU UTARA
2020-05-24,1,1,0,0,83,11,4,68,MALUKU UTARA
2020-05-25,5,0,0,5,88,11,4,73,MALUKU UTARA
2020-05-26,10,1,3,6,98,14,5,79,MALUKU UTARA
2020-05-27,1,0,4,-3,99,18,5,76,MALUKU UTARA
2020-05-28,7,1,0,6,106,18,6,82,MALUKU UTARA
2020-05-29,8,0,0,8,114,18,6,90,MALUKU UTARA
2020-05-30,7,0,5,2,121,23,6,92,MALUKU UTARA
2020-05-31,7,3,0,4,128,23,9,96,MALUKU UTARA
2020-06-01,7,3,2,2,135,25,12,98,MALUKU UTARA
2020-06-02,11,1,0,10,146,25,13,108,MALUKU UTARA
2020-06-03,0,0,1,-1,146,26,13,107,MALUKU UTARA
2020-06-04,0,2,0,-2,146,26,15,105,MALUKU UTARA
2020-06-05,1,0,0,1,147,26,15,106,MALUKU UTARA
2020-06-06,6,0,2,4,153,28,15,110,MALUKU UTARA
2020-06-07,1,0,0,1,154,28,15,111,MALUKU UTARA
2020-06-08,0,0,0,0,154,28,15,111,MALUKU UTARA
2020-06-09,23,0,0,23,177,28,15,134,MALUKU UTARA
2020-06-10,9,0,4,5,186,32,15,139,MALUKU UTARA
2020-06-11,25,4,2,19,211,34,19,158,MALUKU UTARA
2020-06-12,16,0,1,15,227,35,19,173,MALUKU UTARA
2020-06-13,11,0,0,11,238,35,19,184,MALUKU UTARA
2020-06-14,5,0,6,-1,243,41,19,183,MALUKU UTARA
2020-06-15,2,0,0,2,245,41,19,185,MALUKU UTARA
2020-06-16,2,0,0,2,247,41,19,187,MALUKU UTARA
2020-06-17,5,0,0,5,252,41,19,192,MALUKU UTARA
2020-06-18,20,0,1,19,272,42,19,211,MALUKU UTARA
2020-06-19,32,0,2,30,304,44,19,241,MALUKU UTARA
2020-06-20,14,0,4,10,318,48,19,251,MALUKU UTARA
2020-06-21,10,0,0,10,328,48,19,261,MALUKU UTARA
2020-06-22,14,2,11,1,342,59,21,262,MALUKU UTARA
2020-06-23,22,1,7,14,364,66,22,276,MALUKU UTARA
2020-06-24,77,0,6,71,441,72,22,347,MALUKU UTARA
2020-06-25,60,3,1,56,501,73,25,403,MALUKU UTARA
2020-06-26,28,2,5,21,529,78,27,424,MALUKU UTARA
2020-06-27,32,0,0,32,561,78,27,456,MALUKU UTARA
2020-06-28,7,0,3,4,568,81,27,460,MALUKU UTARA
2020-06-29,0,0,0,0,568,81,27,460,MALUKU UTARA
2020-06-30,8,0,1,7,576,82,27,467,MALUKU UTARA
2020-07-01,112,0,6,106,688,88,27,573,MALUKU UTARA
2020-07-02,52,0,4,48,740,92,27,621,MALUKU UTARA
2020-07-03,9,1,2,6,749,94,28,627,MALUKU UTARA
2020-07-04,3,0,3,0,752,97,28,627,MALUKU UTARA
2020-07-05,0,0,0,0,752,97,28,627,MALUKU UTARA
2020-07-06,0,0,0,0,752,97,28,627,MALUKU UTARA
2020-07-07,11,0,0,11,763,97,28,638,MALUKU UTARA
2020-07-08,61,0,4,57,824,101,28,695,MALUKU UTARA
2020-07-09,61,2,2,57,885,103,30,752,MALUKU UTARA
2020-07-10,18,0,1,17,903,104,30,769,MALUKU UTARA
2020-07-11,19,0,0,19,922,104,30,788,MALUKU UTARA
2020-07-12,5,2,1,2,927,105,32,790,MALUKU UTARA
2020-07-13,11,1,4,6,938,109,33,796,MALUKU UTARA
2020-07-14,2,0,4,-2,940,113,33,794,MALUKU UTARA
2020-07-15,32,0,3,29,972,116,33,823,MALUKU UTARA
2020-07-16,19,0,3,16,991,119,33,839,MALUKU UTARA
2020-07-17,8,0,5,3,999,124,33,842,MALUKU UTARA
2020-07-18,27,0,14,13,1026,138,33,855,MALUKU UTARA
2020-07-19,2,0,9,-7,1028,147,33,848,MALUKU UTARA
2020-07-20,3,0,4,-1,1031,151,33,847,MALUKU UTARA
2020-07-21,33,0,5,28,1064,156,33,875,MALUKU UTARA
2020-07-22,7,2,4,1,1071,160,35,876,MALUKU UTARA
2020-07-23,7,0,29,-22,1078,189,35,854,MALUKU UTARA
2020-07-24,20,1,12,7,1098,201,36,861,MALUKU UTARA
2020-07-25,33,3,5,25,1131,206,39,886,MALUKU UTARA
2020-07-26,28,1,4,23,1159,210,40,909,MALUKU UTARA
2020-07-27,10,0,17,-7,1169,227,40,902,MALUKU UTARA
2020-07-28,28,0,18,10,1197,245,40,912,MALUKU UTARA
2020-07-29,25,1,15,9,1222,260,41,921,MALUKU UTARA
2020-07-30,4,1,0,3,1226,260,42,924,MALUKU UTARA
2020-07-31,0,0,0,0,1226,260,42,924,MALUKU UTARA
2020-08-01,9,0,1,8,1235,261,42,932,MALUKU UTARA
2020-08-02,14,0,0,14,1249,261,42,946,MALUKU UTARA
2020-08-03,5,0,13,-8,1254,274,42,938,MALUKU UTARA
2020-08-04,4,0,169,-165,1258,443,42,773,MALUKU UTARA
2020-08-05,7,0,163,-156,1265,606,42,617,MALUKU UTARA
2020-08-06,4,0,68,-64,1269,674,42,553,MALUKU UTARA
2020-08-07,27,0,2,25,1296,676,42,578,MALUKU UTARA
2020-08-08,35,0,0,35,1331,676,42,613,MALUKU UTARA
2020-08-09,4,0,0,4,1335,676,42,617,MALUKU UTARA
2020-08-10,4,2,4,-2,1339,680,44,615,MALUKU UTARA
2020-08-11,9,0,10,-1,1348,690,44,614,MALUKU UTARA
2020-08-12,16,3,41,-28,1364,731,47,586,MALUKU UTARA
2020-08-13,5,0,31,-26,1369,762,47,560,MALUKU UTARA
2020-08-14,11,0,0,11,1380,762,47,571,MALUKU UTARA
2020-08-15,10,0,38,-28,1390,800,47,543,MALUKU UTARA
2020-08-16,2,0,18,-16,1392,818,47,527,MALUKU UTARA
2020-08-17,2,0,4,-2,1394,822,47,525,MALUKU UTARA
2020-08-18,0,0,0,0,1394,822,47,525,MALUKU UTARA
2020-08-19,6,0,365,-359,1400,1187,47,166,MALUKU UTARA
2020-08-20,5,0,0,5,1405,1187,47,171,MALUKU UTARA
2020-08-21,0,2,0,-2,1405,1187,49,169,MALUKU UTARA
2020-08-22,8,0,0,8,1413,1187,49,177,MALUKU UTARA
2020-08-23,2,0,0,2,1415,1187,49,179,MALUKU UTARA
2020-08-24,4,0,0,4,1419,1187,49,183,MALUKU UTARA
2020-08-25,1,0,13,-12,1420,1200,49,171,MALUKU UTARA
2020-08-26,26,0,0,26,1446,1200,49,197,MALUKU UTARA
2020-08-27,13,2,47,-36,1459,1247,51,161,MALUKU UTARA
2020-08-28,11,1,0,10,1470,1247,52,171,MALUKU UTARA
2020-08-29,0,0,14,-14,1470,1261,52,157,MALUKU UTARA
2020-08-30,15,1,0,14,1485,1261,53,171,MALUKU UTARA
2020-08-31,2,0,0,2,1487,1261,53,173,MALUKU UTARA
2020-09-01,4,0,0,4,1491,1261,53,177,MALUKU UTARA
2020-09-02,3,0,0,3,1494,1261,53,180,MALUKU UTARA
2020-09-03,6,0,0,6,1500,1261,53,186,MALUKU UTARA
2020-09-04,8,0,0,8,1508,1261,53,194,MALUKU UTARA
2020-09-05,0,0,0,0,1508,1261,53,194,MALUKU UTARA
2020-09-06,0,0,0,0,1508,1261,53,194,MALUKU UTARA
2020-09-07,5,1,0,4,1513,1261,54,198,MALUKU UTARA
2020-09-08,4,1,0,3,1517,1261,55,201,MALUKU UTARA
2020-09-09,8,2,0,6,1525,1261,57,207,MALUKU UTARA
2020-09-10,0,1,0,-1,1525,1261,58,206,MALUKU UTARA
2020-09-11,6,0,5,1,1531,1266,58,207,MALUKU UTARA
2020-09-12,2,0,0,2,1533,1266,58,209,MALUKU UTARA
2020-09-13,9,0,8,1,1542,1274,58,210,MALUKU UTARA
2020-09-14,3,0,0,3,1545,1274,58,213,MALUKU UTARA
2020-09-15,12,1,1,10,1557,1275,59,223,MALUKU UTARA
2020-09-16,6,0,12,-6,1563,1287,59,217,MALUKU UTARA
2020-09-17,6,0,131,-125,1569,1418,59,92,MALUKU UTARA
2020-09-18,1,0,9,-8,1570,1427,59,84,MALUKU UTARA
2020-09-19,16,0,0,16,1586,1427,59,100,MALUKU UTARA
2020-09-20,0,0,0,0,1586,1427,59,100,MALUKU UTARA
2020-09-21,15,1,0,14,1601,1427,60,114,MALUKU UTARA
2020-09-22,1,0,0,1,1602,1427,60,115,MALUKU UTARA
2020-09-23,18,0,0,18,1620,1427,60,133,MALUKU UTARA
2020-09-24,4,0,8,-4,1624,1435,60,129,MALUKU UTARA
2020-09-25,5,0,0,5,1629,1435,60,134,MALUKU UTARA
2020-09-26,3,0,0,3,1632,1435,60,137,MALUKU UTARA
2020-09-27,0,0,0,0,1632,1435,60,137,MALUKU UTARA
2020-09-28,2,1,0,1,1634,1435,61,138,MALUKU UTARA
2020-09-29,5,0,0,5,1639,1435,61,143,MALUKU UTARA
2020-09-30,5,0,0,5,1644,1435,61,148,MALUKU UTARA
2020-10-01,2,0,0,2,1646,1435,61,150,MALUKU UTARA
2020-10-02,6,0,0,6,1652,1435,61,156,MALUKU UTARA
2020-10-03,1,0,8,-7,1653,1443,61,149,MALUKU UTARA
2020-10-04,0,0,0,0,1653,1443,61,149,MALUKU UTARA
2020-10-05,1,0,7,-6,1654,1450,61,143,MALUKU UTARA
2020-10-06,0,0,2,-2,1654,1452,61,141,MALUKU UTARA
2020-10-07,0,0,7,-7,1654,1459,61,134,MALUKU UTARA
2020-10-08,5,0,0,5,1659,1459,61,139,MALUKU UTARA
2020-10-09,0,0,24,-24,1659,1483,61,115,MALUKU UTARA
2020-10-10,5,0,0,5,1664,1483,61,120,MALUKU UTARA
2020-10-11,0,0,0,0,1664,1483,61,120,MALUKU UTARA
2020-10-12,13,0,4,9,1677,1487,61,129,MALUKU UTARA
2020-10-13,5,0,17,-12,1682,1504,61,117,MALUKU UTARA
2020-10-14,2,0,4,-2,1684,1508,61,115,MALUKU UTARA
2020-10-15,1,0,0,1,1685,1508,61,116,MALUKU UTARA
2020-10-16,5,0,11,-6,1690,1519,61,110,MALUKU UTARA
2020-10-17,0,0,0,0,1690,1519,61,110,MALUKU UTARA
2020-10-18,0,0,0,0,1690,1519,61,110,MALUKU UTARA
2020-10-19,10,0,2,8,1700,1521,61,118,MALUKU UTARA
2020-10-20,6,0,15,-9,1706,1536,61,109,MALUKU UTARA
2020-10-21,9,0,0,9,1715,1536,61,118,MALUKU UTARA
2020-10-22,23,0,0,23,1738,1536,61,141,MALUKU UTARA
2020-10-23,7,0,0,7,1745,1536,61,148,MALUKU UTARA
2020-10-24,1,0,0,1,1746,1536,61,149,MALUKU UTARA
2020-10-25,0,0,0,0,1746,1536,61,149,MALUKU UTARA
2020-10-26,4,0,0,4,1750,1536,61,153,MALUKU UTARA
2020-10-27,1,0,0,1,1751,1536,61,154,MALUKU UTARA
2020-10-28,3,1,0,2,1754,1536,62,156,MALUKU UTARA
2020-10-29,0,0,0,0,1754,1536,62,156,MALUKU UTARA
2020-10-30,3,0,0,3,1757,1536,62,159,MALUKU UTARA
2020-10-31,0,0,0,0,1757,1536,62,159,MALUKU UTARA
2020-11-01,0,0,0,0,1757,1536,62,159,MALUKU UTARA
2020-11-02,28,0,14,14,1785,1550,62,173,MALUKU UTARA
2020-11-03,0,0,0,0,1785,1550,62,173,MALUKU UTARA
2020-11-04,2,0,0,2,1787,1550,62,175,MALUKU UTARA
2020-11-05,1,0,0,1,1788,1550,62,176,MALUKU UTARA
2020-11-06,3,0,0,3,1791,1550,62,179,MALUKU UTARA
2020-11-07,1,0,0,1,1792,1550,62,180,MALUKU UTARA
2020-11-08,0,0,0,0,1792,1550,62,180,MALUKU UTARA
2020-11-09,4,0,0,4,1796,1550,62,184,MALUKU UTARA
2020-11-10,3,0,0,3,1799,1550,62,187,MALUKU UTARA
2020-11-11,22,0,0,22,1821,1550,62,209,MALUKU UTARA
2020-11-12,0,0,0,0,1821,1550,62,209,MALUKU UTARA
2020-11-13,8,0,0,8,1829,1550,62,217,MALUKU UTARA
2020-11-14,5,0,0,5,1834,1550,62,222,MALUKU UTARA
2020-11-15,4,0,0,4,1838,1550,62,226,MALUKU UTARA
2020-11-16,1,0,0,1,1839,1550,62,227,MALUKU UTARA
2020-11-17,16,0,0,16,1855,1550,62,243,MALUKU UTARA
2020-11-18,3,1,0,2,1858,1550,63,245,MALUKU UTARA
2020-11-19,1,2,13,-14,1859,1563,65,231,MALUKU UTARA
2020-11-20,13,0,0,13,1872,1563,65,244,MALUKU UTARA
2020-11-21,5,0,4,1,1877,1567,65,245,MALUKU UTARA
2020-11-22,1,0,0,1,1878,1567,65,246,MALUKU UTARA
2020-11-23,2,1,0,1,1880,1567,66,247,MALUKU UTARA
2020-11-24,2,1,5,-4,1882,1572,67,243,MALUKU UTARA
2020-11-25,3,0,0,3,1885,1572,67,246,MALUKU UTARA
2020-11-26,1,0,0,1,1886,1572,67,247,MALUKU UTARA
2020-11-27,4,0,0,4,1890,1572,67,251,MALUKU UTARA
2020-11-28,5,0,0,5,1895,1572,67,256,MALUKU UTARA
2020-11-29,1,0,0,1,1896,1572,67,257,MALUKU UTARA
2020-11-30,1,0,0,1,1897,1572,67,258,MALUKU UTARA
2020-12-01,3,0,9,-6,1900,1581,67,252,MALUKU UTARA
2020-12-02,40,0,30,10,1940,1611,67,262,MALUKU UTARA
2020-12-03,20,1,0,19,1960,1611,68,281,MALUKU UTARA
2020-12-04,8,0,0,8,1968,1611,68,289,MALUKU UTARA
2020-12-05,5,0,0,5,1973,1611,68,294,MALUKU UTARA
2020-12-06,5,0,0,5,1978,1611,68,299,MALUKU UTARA
2020-12-07,6,0,5,1,1984,1616,68,300,MALUKU UTARA
2020-12-08,7,1,2,4,1991,1618,69,304,MALUKU UTARA
2020-12-09,0,0,0,0,1991,1618,69,304,MALUKU UTARA
2020-12-10,6,0,0,6,1997,1618,69,310,MALUKU UTARA
2020-12-11,4,0,0,4,2001,1618,69,314,MALUKU UTARA
2020-12-12,10,0,0,10,2011,1618,69,324,MALUKU UTARA
2020-12-13,7,0,0,7,2018,1618,69,331,MALUKU UTARA
2020-12-14,6,0,30,-24,2024,1648,69,307,MALUKU UTARA
2020-12-15,18,0,4,14,2042,1652,69,321,MALUKU UTARA
2020-12-16,9,0,0,9,2051,1652,69,330,MALUKU UTARA
2020-12-17,6,0,0,6,2057,1652,69,336,MALUKU UTARA
2020-12-18,6,0,0,6,2063,1652,69,342,MALUKU UTARA
2020-12-19,12,2,0,10,2075,1652,71,352,MALUKU UTARA
2020-12-20,46,0,0,46,2121,1652,71,398,MALUKU UTARA
2020-12-21,43,0,0,43,2164,1652,71,441,MALUKU UTARA
2020-12-22,5,1,1,3,2169,1653,72,444,MALUKU UTARA
2020-12-23,5,0,10,-5,2174,1663,72,439,MALUKU UTARA
2020-12-24,6,0,1,5,2180,1664,72,444,MALUKU UTARA
2020-12-25,4,0,0,4,2184,1664,72,448,MALUKU UTARA
2020-12-26,1,0,0,1,2185,1664,72,449,MALUKU UTARA
2020-12-27,2,0,19,-17,2187,1683,72,432,MALUKU UTARA
2020-12-28,7,0,1,6,2194,1684,72,438,MALUKU UTARA
2020-12-29,6,2,156,-152,2200,1840,74,286,MALUKU UTARA
2020-12-30,1,0,33,-32,2201,1873,74,254,MALUKU UTARA
2020-12-31,7,0,2,5,2208,1875,74,259,MALUKU UTARA
2021-01-01,2,1,0,1,2210,1875,75,260,MALUKU UTARA
2021-01-02,8,0,7,1,2218,1882,75,261,MALUKU UTARA
2021-01-03,3,0,0,3,2221,1882,75,264,MALUKU UTARA
2021-01-04,8,1,0,7,2229,1882,76,271,MALUKU UTARA
2021-01-05,16,0,2,14,2245,1884,76,285,MALUKU UTARA
2021-01-06,19,0,0,19,2264,1884,76,304,MALUKU UTARA
2021-01-07,17,0,16,1,2281,1900,76,305,MALUKU UTARA
2021-01-08,11,1,14,-4,2292,1914,77,301,MALUKU UTARA
2021-01-09,10,0,34,-24,2302,1948,77,277,MALUKU UTARA
2021-01-10,43,0,38,5,2345,1986,77,282,MALUKU UTARA
2021-01-11,9,0,8,1,2354,1994,77,283,MALUKU UTARA
2021-01-12,18,2,17,-1,2372,2011,79,282,MALUKU UTARA
2021-01-13,49,0,24,25,2421,2035,79,307,MALUKU UTARA
2021-01-14,20,0,16,4,2441,2051,79,311,MALUKU UTARA
2021-01-15,22,0,10,12,2463,2061,79,323,MALUKU UTARA
2021-01-16,11,0,0,11,2474,2061,79,334,MALUKU UTARA
2021-01-17,20,0,0,20,2494,2061,79,354,MALUKU UTARA
2021-01-18,17,0,41,-24,2511,2102,79,330,MALUKU UTARA
2021-01-19,13,1,0,12,2524,2102,80,342,MALUKU UTARA
2021-01-20,70,0,4,66,2594,2106,80,408,MALUKU UTARA
2021-01-21,4,0,0,4,2598,2106,80,412,MALUKU UTARA
2021-01-22,29,2,4,23,2627,2110,82,435,MALUKU UTARA
2021-01-23,21,0,13,8,2648,2123,82,443,MALUKU UTARA
2021-01-24,1,2,2,-3,2649,2125,84,440,MALUKU UTARA
2021-01-25,20,1,20,-1,2669,2145,85,439,MALUKU UTARA
2021-01-26,26,0,8,18,2695,2153,85,457,MALUKU UTARA
2021-01-27,21,0,0,21,2716,2153,85,478,MALUKU UTARA
2021-01-28,10,0,2,8,2726,2155,85,486,MALUKU UTARA
2021-01-29,19,0,58,-39,2745,2213,85,447,MALUKU UTARA
2021-01-30,15,0,0,15,2760,2213,85,462,MALUKU UTARA
2021-01-31,10,0,0,10,2770,2213,85,472,MALUKU UTARA
2021-02-01,27,1,2,24,2797,2215,86,496,MALUKU UTARA
2021-02-02,35,1,57,-23,2832,2272,87,473,MALUKU UTARA
2021-02-03,8,0,0,8,2840,2272,87,481,MALUKU UTARA
2021-02-04,22,1,17,4,2862,2289,88,485,MALUKU UTARA
2021-02-05,23,1,5,17,2885,2294,89,502,MALUKU UTARA
2021-02-06,0,0,0,0,2885,2294,89,502,MALUKU UTARA
2021-02-07,7,0,18,-11,2892,2312,89,491,MALUKU UTARA
2021-02-08,19,1,25,-7,2911,2337,90,484,MALUKU UTARA
2021-02-09,29,1,59,-31,2940,2396,91,453,MALUKU UTARA
2021-02-10,27,1,12,14,2967,2408,92,467,MALUKU UTARA
2021-02-11,43,1,10,32,3010,2418,93,499,MALUKU UTARA
2021-02-12,49,0,8,41,3059,2426,93,540,MALUKU UTARA
2021-02-13,24,0,4,20,3083,2430,93,560,MALUKU UTARA
2021-02-14,17,0,7,10,3100,2437,93,570,MALUKU UTARA
2021-02-15,7,0,41,-34,3107,2478,93,536,MALUKU UTARA
2021-02-16,7,0,0,7,3114,2478,93,543,MALUKU UTARA
2021-02-17,19,0,0,19,3133,2478,93,562,MALUKU UTARA
2021-02-18,3,0,24,-21,3136,2502,93,541,MALUKU UTARA
2021-02-19,1,0,56,-55,3137,2558,93,486,MALUKU UTARA
2021-02-20,16,0,15,1,3153,2573,93,487,MALUKU UTARA
2021-02-21,1,0,4,-3,3154,2577,93,484,MALUKU UTARA
2021-02-22,15,0,40,-25,3169,2617,93,459,MALUKU UTARA
2021-02-23,9,1,47,-39,3178,2664,94,420,MALUKU UTARA
2021-02-24,12,0,0,12,3190,2664,94,432,MALUKU UTARA
2021-02-25,4,0,0,4,3194,2664,94,436,MALUKU UTARA
2021-02-26,3,0,42,-39,3197,2706,94,397,MALUKU UTARA
2021-02-27,1,1,0,0,3198,2706,95,397,MALUKU UTARA
2021-02-28,0,0,0,0,3198,2706,95,397,MALUKU UTARA
2021-03-01,3,0,12,-9,3201,2718,95,388,MALUKU UTARA
2021-03-02,0,0,9,-9,3201,2727,95,379,MALUKU UTARA
2021-03-03,31,0,9,22,3232,2736,95,401,MALUKU UTARA
2021-03-04,6,0,8,-2,3238,2744,95,399,MALUKU UTARA
2021-03-05,4,0,9,-5,3242,2753,95,394,MALUKU UTARA
2021-03-06,8,0,15,-7,3250,2768,95,387,MALUKU UTARA
2021-03-07,8,0,0,8,3258,2768,95,395,MALUKU UTARA
2021-03-08,14,1,0,13,3272,2768,96,408,MALUKU UTARA
2021-03-09,30,0,12,18,3302,2780,96,426,MALUKU UTARA
2021-03-10,27,0,16,11,3329,2796,96,437,MALUKU UTARA
2021-03-11,0,1,2,-3,3329,2798,97,434,MALUKU UTARA
2021-03-12,1,0,0,1,3330,2798,97,435,MALUKU UTARA
2021-03-13,11,0,0,11,3341,2798,97,446,MALUKU UTARA
2021-03-14,8,0,6,2,3349,2804,97,448,MALUKU UTARA
2021-03-15,15,1,11,3,3364,2815,98,451,MALUKU UTARA
2021-03-16,19,0,13,6,3383,2828,98,457,MALUKU UTARA
2021-03-17,6,0,3,3,3389,2831,98,460,MALUKU UTARA
2021-03-18,8,0,5,3,3397,2836,98,463,MALUKU UTARA
2021-03-19,13,1,1,11,3410,2837,99,474,MALUKU UTARA
2021-03-20,9,0,6,3,3419,2843,99,477,MALUKU UTARA
2021-03-21,0,0,6,-6,3419,2849,99,471,MALUKU UTARA
2021-03-22,5,0,21,-16,3424,2870,99,455,MALUKU UTARA
2021-03-23,1,0,2,-1,3425,2872,99,454,MALUKU UTARA
2021-03-24,7,0,9,-2,3432,2881,99,452,MALUKU UTARA
2021-03-25,0,1,20,-21,3432,2901,100,431,MALUKU UTARA
2021-03-26,9,0,1,8,3441,2902,100,439,MALUKU UTARA
2021-03-27,6,0,5,1,3447,2907,100,440,MALUKU UTARA
2021-03-28,4,0,0,4,3451,2907,100,444,MALUKU UTARA
2021-03-29,5,0,26,-21,3456,2933,100,423,MALUKU UTARA
2021-03-30,11,0,0,11,3467,2933,100,434,MALUKU UTARA
2021-03-31,5,0,4,1,3472,2937,100,435,MALUKU UTARA
2021-04-01,2,0,0,2,3474,2937,100,437,MALUKU UTARA
2021-04-02,0,0,0,0,3474,2937,100,437,MALUKU UTARA
2021-04-03,0,0,0,0,3474,2937,100,437,MALUKU UTARA
2021-04-04,0,0,0,0,3474,2937,100,437,MALUKU UTARA
2021-04-05,0,0,12,-12,3474,2949,100,425,MALUKU UTARA
2021-04-06,6,0,0,6,3480,2949,100,431,MALUKU UTARA
2021-04-07,11,0,3,8,3491,2952,100,439,MALUKU UTARA
2021-04-08,2,0,22,-20,3493,2974,100,419,MALUKU UTARA
2021-04-09,0,0,5,-5,3493,2979,100,414,MALUKU UTARA
2021-04-10,4,0,3,1,3497,2982,100,415,MALUKU UTARA
2021-04-11,0,0,73,-73,3497,3055,100,342,MALUKU UTARA
2021-04-12,0,0,18,-18,3497,3073,100,324,MALUKU UTARA
2021-04-13,3,0,10,-7,3500,3083,100,317,MALUKU UTARA
2021-04-14,4,0,13,-9,3504,3096,100,308,MALUKU UTARA
2021-04-15,2,0,41,-39,3506,3137,100,269,MALUKU UTARA
2021-04-16,2,0,0,2,3508,3137,100,271,MALUKU UTARA
2021-04-17,5,0,36,-31,3513,3173,100,240,MALUKU UTARA
2021-04-18,3,0,0,3,3516,3173,100,243,MALUKU UTARA
2021-04-19,1,0,37,-36,3517,3210,100,207,MALUKU UTARA
2021-04-20,4,0,13,-9,3521,3223,100,198,MALUKU UTARA
2021-04-21,8,0,51,-43,3529,3274,100,155,MALUKU UTARA
2021-04-22,0,0,9,-9,3529,3283,100,146,MALUKU UTARA
2021-04-23,3,0,4,-1,3532,3287,100,145,MALUKU UTARA
2021-04-24,4,0,1,3,3536,3288,100,148,MALUKU UTARA
2021-04-25,4,0,0,4,3540,3288,100,152,MALUKU UTARA
2021-04-26,0,0,16,-16,3540,3304,100,136,MALUKU UTARA
2021-04-27,1,0,4,-3,3541,3308,100,133,MALUKU UTARA
2021-04-28,0,0,20,-20,3541,3328,100,113,MALUKU UTARA
2021-04-29,0,0,0,0,3541,3328,100,113,MALUKU UTARA
2021-04-30,1,0,3,-2,3542,3331,100,111,MALUKU UTARA
2021-05-01,0,0,0,0,3542,3331,100,111,MALUKU UTARA
2021-05-02,0,0,0,0,3542,3331,100,111,MALUKU UTARA
2021-05-03,3,0,23,-20,3545,3354,100,91,MALUKU UTARA
2021-05-04,1,0,4,-3,3546,3358,100,88,MALUKU UTARA
2021-05-05,3,0,13,-10,3549,3371,100,78,MALUKU UTARA
2021-05-06,2,0,9,-7,3551,3380,100,71,MALUKU UTARA
2021-05-07,2,0,0,2,3553,3380,100,73,MALUKU UTARA
2021-05-08,0,0,0,0,3553,3380,100,73,MALUKU UTARA
2021-05-09,1,0,0,1,3554,3380,100,74,MALUKU UTARA
2021-05-10,0,0,1,-1,3554,3381,100,73,MALUKU UTARA
2021-05-11,2,0,0,2,3556,3381,100,75,MALUKU UTARA
2021-05-12,0,0,0,0,3556,3381,100,75,MALUKU UTARA
2021-05-13,4,0,0,4,3560,3381,100,79,MALUKU UTARA
2021-05-14,0,0,0,0,3560,3381,100,79,MALUKU UTARA
2021-05-15,7,0,0,7,3567,3381,100,86,MALUKU UTARA
2021-05-16,1,0,1,0,3568,3382,100,86,MALUKU UTARA
2021-05-17,0,0,4,-4,3568,3386,100,82,MALUKU UTARA
2021-05-18,4,0,0,4,3572,3386,100,86,MALUKU UTARA
2021-05-19,2,0,0,2,3574,3386,100,88,MALUKU UTARA
2021-05-20,8,0,0,8,3582,3386,100,96,MALUKU UTARA
2021-05-21,2,0,0,2,3584,3386,100,98,MALUKU UTARA
2021-05-22,5,0,0,5,3589,3386,100,103,MALUKU UTARA
2021-05-23,8,0,0,8,3597,3386,100,111,MALUKU UTARA
2021-05-24,3,0,18,-15,3600,3404,100,96,MALUKU UTARA
2021-05-25,4,0,0,4,3604,3404,100,100,MALUKU UTARA
2021-05-26,1,0,0,1,3605,3404,100,101,MALUKU UTARA
2021-05-27,0,0,0,0,3605,3404,100,101,MALUKU UTARA
2021-05-28,2,0,0,2,3607,3404,100,103,MALUKU UTARA
2021-05-29,2,1,0,1,3609,3404,101,104,MALUKU UTARA
2021-05-30,13,0,18,-5,3622,3422,101,99,MALUKU UTARA
2021-05-31,4,0,1,3,3626,3423,101,102,MALUKU UTARA
2021-06-01,1,0,0,1,3627,3423,101,103,MALUKU UTARA
2021-06-02,3,0,10,-7,3630,3433,101,96,MALUKU UTARA
2021-06-03,3,0,5,-2,3633,3438,101,94,MALUKU UTARA
2021-06-04,2,0,0,2,3635,3438,101,96,MALUKU UTARA
2021-06-05,8,0,0,8,3643,3438,101,104,MALUKU UTARA
2021-06-06,9,0,0,9,3652,3438,101,113,MALUKU UTARA
2021-06-07,6,0,1,5,3658,3439,101,118,MALUKU UTARA
2021-06-08,10,0,16,-6,3668,3455,101,112,MALUKU UTARA
2021-06-09,4,0,8,-4,3672,3463,101,108,MALUKU UTARA
2021-06-10,8,0,0,8,3680,3463,101,116,MALUKU UTARA
2021-06-11,6,0,0,6,3686,3463,101,122,MALUKU UTARA
2021-06-12,8,0,18,-10,3694,3481,101,112,MALUKU UTARA
2021-06-13,12,0,0,12,3706,3481,101,124,MALUKU UTARA
2021-06-14,5,0,24,-19,3711,3505,101,105,MALUKU UTARA
2021-06-15,19,0,28,-9,3730,3533,101,96,MALUKU UTARA
2021-06-16,8,0,9,-1,3738,3542,101,95,MALUKU UTARA
2021-06-17,6,0,2,4,3744,3544,101,99,MALUKU UTARA
2021-06-18,21,2,27,-8,3765,3571,103,91,MALUKU UTARA
2021-06-19,14,0,6,8,3779,3577,103,99,MALUKU UTARA
2021-06-20,0,0,0,0,3779,3577,103,99,MALUKU UTARA
2021-06-21,4,0,8,-4,3783,3585,103,95,MALUKU UTARA
2021-06-22,32,0,2,30,3815,3587,103,125,MALUKU UTARA
2021-06-23,17,1,1,15,3832,3588,104,140,MALUKU UTARA
2021-06-24,93,0,0,93,3925,3588,104,233,MALUKU UTARA
2021-06-25,70,0,5,65,3995,3593,104,298,MALUKU UTARA
2021-06-26,42,1,0,41,4037,3593,105,339,MALUKU UTARA
2021-06-27,22,2,4,16,4059,3597,107,355,MALUKU UTARA
2021-06-28,19,0,0,19,4078,3597,107,374,MALUKU UTARA
2021-06-29,30,0,1,29,4108,3598,107,403,MALUKU UTARA
2021-06-30,82,0,6,76,4190,3604,107,479,MALUKU UTARA
2021-07-01,111,1,3,107,4301,3607,108,586,MALUKU UTARA
2021-07-02,161,1,2,158,4462,3609,109,744,MALUKU UTARA
2021-07-03,100,0,0,100,4562,3609,109,844,MALUKU UTARA
2021-07-04,113,4,20,89,4675,3629,113,933,MALUKU UTARA
2021-07-05,57,0,0,57,4732,3629,113,990,MALUKU UTARA
2021-07-06,83,4,36,43,4815,3665,117,1033,MALUKU UTARA
2021-07-07,179,1,21,157,4994,3686,118,1190,MALUKU UTARA
2021-07-08,101,1,16,84,5095,3702,119,1274,MALUKU UTARA
2021-07-09,134,1,25,108,5229,3727,120,1382,MALUKU UTARA
2021-07-10,189,5,14,170,5418,3741,125,1552,MALUKU UTARA
2021-07-11,153,3,15,135,5571,3756,128,1687,MALUKU UTARA
2021-07-12,103,6,45,52,5674,3801,134,1739,MALUKU UTARA
2021-07-13,129,1,95,33,5803,3896,135,1772,MALUKU UTARA
2021-07-14,127,4,44,79,5930,3940,139,1851,MALUKU UTARA
2021-07-15,165,4,60,101,6095,4000,143,1952,MALUKU UTARA
2021-07-16,125,0,55,70,6220,4055,143,2022,MALUKU UTARA
2021-07-17,283,2,101,180,6503,4156,145,2202,MALUKU UTARA
2021-07-18,67,5,67,-5,6570,4223,150,2197,MALUKU UTARA
2021-07-19,70,3,56,11,6640,4279,153,2208,MALUKU UTARA
2021-07-20,70,1,58,11,6710,4337,154,2219,MALUKU UTARA
2021-07-21,138,5,90,43,6848,4427,159,2262,MALUKU UTARA
2021-07-22,127,0,52,75,6975,4479,159,2337,MALUKU UTARA
2021-07-23,146,5,278,-137,7121,4757,164,2200,MALUKU UTARA
2021-07-24,72,0,55,17,7193,4812,164,2217,MALUKU UTARA
2021-07-25,221,9,63,149,7414,4875,173,2366,MALUKU UTARA
2021-07-26,134,5,115,14,7548,4990,178,2380,MALUKU UTARA
2021-07-27,116,3,122,-9,7664,5112,181,2371,MALUKU UTARA
2021-07-28,161,2,108,51,7825,5220,183,2422,MALUKU UTARA
2021-07-29,89,9,294,-214,7914,5514,192,2208,MALUKU UTARA
2021-07-30,127,3,201,-77,8041,5715,195,2131,MALUKU UTARA
2021-07-31,17,4,133,-120,8058,5848,199,2011,MALUKU UTARA
2021-08-01,19,2,24,-7,8077,5872,201,2004,MALUKU UTARA
2021-08-02,30,0,40,-10,8107,5912,201,1994,MALUKU UTARA
2021-08-03,40,2,124,-86,8147,6036,203,1908,MALUKU UTARA
2021-08-04,34,1,82,-49,8181,6118,204,1859,MALUKU UTARA
2021-08-05,83,2,24,57,8264,6142,206,1916,MALUKU UTARA
2021-08-06,141,0,241,-100,8405,6383,206,1816,MALUKU UTARA
2021-08-07,134,2,266,-134,8539,6649,208,1682,MALUKU UTARA
2021-08-08,110,0,292,-182,8649,6941,208,1500,MALUKU UTARA
2021-08-09,40,2,86,-48,8689,7027,210,1452,MALUKU UTARA
2021-08-10,83,0,92,-9,8772,7119,210,1443,MALUKU UTARA
2021-08-11,29,5,143,-119,8801,7262,215,1324,MALUKU UTARA
2021-08-12,46,1,43,2,8847,7305,216,1326,MALUKU UTARA
2021-08-13,61,3,246,-188,8908,7551,219,1138,MALUKU UTARA
2021-08-14,36,0,25,11,8944,7576,219,1149,MALUKU UTARA
2021-08-15,12,1,46,-35,8956,7622,220,1114,MALUKU UTARA
2021-08-16,40,0,43,-3,8996,7665,220,1111,MALUKU UTARA
2021-08-17,31,4,93,-66,9027,7758,224,1045,MALUKU UTARA
2021-08-18,16,0,28,-12,9043,7786,224,1033,MALUKU UTARA
2021-08-19,31,6,135,-110,9074,7921,230,923,MALUKU UTARA
2021-08-20,16,0,50,-34,9090,7971,230,889,MALUKU UTARA
2021-08-21,28,3,54,-29,9118,8025,233,860,MALUKU UTARA
2021-08-22,14,2,110,-98,9132,8135,235,762,MALUKU UTARA
2021-08-23,61,5,117,-61,9193,8252,240,701,MALUKU UTARA
2021-08-24,39,0,42,-3,9232,8294,240,698,MALUKU UTARA
2021-08-25,34,1,71,-38,9266,8365,241,660,MALUKU UTARA
2021-08-26,46,3,146,-103,9312,8511,244,557,MALUKU UTARA
2021-08-27,51,1,18,32,9363,8529,245,589,MALUKU UTARA
2021-08-28,24,0,186,-162,9387,8715,245,427,MALUKU UTARA
2021-08-29,29,0,64,-35,9416,8779,245,392,MALUKU UTARA
2021-08-30,9,2,35,-28,9425,8814,247,364,MALUKU UTARA
2021-08-31,30,0,42,-12,9455,8856,247,352,MALUKU UTARA
2021-09-01,6,0,2,4,9461,8858,247,356,MALUKU UTARA
2021-09-02,11,0,57,-46,9472,8915,247,310,MALUKU UTARA
2021-09-03,6,0,25,-19,9478,8940,247,291,MALUKU UTARA
2021-09-04,3,0,28,-25,9481,8968,247,266,MALUKU UTARA
2021-09-05,6,1,2,3,9487,8970,248,269,MALUKU UTARA
2021-09-06,6,0,3,3,9493,8973,248,272,MALUKU UTARA
2021-09-07,7,1,29,-23,9500,9002,249,249,MALUKU UTARA
2021-09-08,2,0,14,-12,9502,9016,249,237,MALUKU UTARA
2021-09-09,7,0,94,-87,9509,9110,249,150,MALUKU UTARA
2021-09-10,6,0,11,-5,9515,9121,249,145,MALUKU UTARA
2021-09-11,5,0,1,4,9520,9122,249,149,MALUKU UTARA
2021-09-12,6,0,10,-4,9526,9132,249,145,MALUKU UTARA
2021-09-13,3,0,8,-5,9529,9140,249,140,MALUKU UTARA
2021-09-14,3,1,6,-4,9532,9146,250,136,MALUKU UTARA
2021-09-15,6,0,4,2,9538,9150,250,138,MALUKU UTARA
2021-09-16,5,0,5,0,9543,9155,250,138,MALUKU UTARA
2021-09-17,7,0,45,-38,9550,9200,250,100,MALUKU UTARA
2021-09-18,3,0,0,3,9553,9200,250,103,MALUKU UTARA
2021-09-19,0,0,4,-4,9553,9204,250,99,MALUKU UTARA
2021-09-20,1,0,0,1,9554,9204,250,100,MALUKU UTARA
2021-09-21,11,0,14,-3,9565,9218,250,97,MALUKU UTARA
2021-09-22,3,0,3,0,9568,9221,250,97,MALUKU UTARA
2021-09-23,1,0,3,-2,9569,9224,250,95,MALUKU UTARA
2021-09-24,2,0,9,-7,9571,9233,250,88,MALUKU UTARA
2021-09-25,4,0,3,1,9575,9236,250,89,MALUKU UTARA
2021-09-26,2,0,2,0,9577,9238,250,89,MALUKU UTARA
2021-09-27,1,0,5,-4,9578,9243,250,85,MALUKU UTARA
2021-09-28,6,0,5,1,9584,9248,250,86,MALUKU UTARA
2021-09-29,1,0,9,-8,9585,9257,250,78,MALUKU UTARA
2021-09-30,2,0,11,-9,9587,9268,250,69,MALUKU UTARA
2021-10-01,7,0,2,5,9594,9270,250,74,MALUKU UTARA
2021-10-02,25,0,2,23,9619,9272,250,97,MALUKU UTARA
2021-10-03,2,0,0,2,9621,9272,250,99,MALUKU UTARA
2021-10-04,0,0,3,-3,9621,9275,250,96,MALUKU UTARA
2021-10-05,2,0,14,-12,9623,9289,250,84,MALUKU UTARA
2021-10-06,3,0,14,-11,9626,9303,250,73,MALUKU UTARA
2021-10-07,4,0,4,0,9630,9307,250,73,MALUKU UTARA
2021-10-08,6,0,2,4,9636,9309,250,77,MALUKU UTARA
2021-10-09,5,0,2,3,9641,9311,250,80,MALUKU UTARA
2021-10-10,5,0,1,4,9646,9312,250,84,MALUKU UTARA
2021-10-11,0,0,20,-20,9646,9332,250,64,MALUKU UTARA
2021-10-12,6,0,14,-8,9652,9346,250,56,MALUKU UTARA
2021-10-13,4,0,0,4,9656,9346,250,60,MALUKU UTARA
2021-10-14,0,0,10,-10,9656,9356,250,50,MALUKU UTARA
2021-10-15,1,0,0,1,9657,9356,250,51,MALUKU UTARA
2021-10-16,3,1,2,0,9660,9358,251,51,MALUKU UTARA
2021-10-17,0,0,3,-3,9660,9361,251,48,MALUKU UTARA
2021-10-18,0,0,3,-3,9660,9364,251,45,MALUKU UTARA
2021-10-19,1,0,4,-3,9661,9368,251,42,MALUKU UTARA
2021-10-20,5,0,0,5,9666,9368,251,47,MALUKU UTARA
2021-10-21,4,0,0,4,9670,9368,251,51,MALUKU UTARA
2021-10-22,0,0,5,-5,9670,9373,251,46,MALUKU UTARA
2021-10-23,1,0,0,1,9671,9373,251,47,MALUKU UTARA
2021-10-24,0,0,0,0,9671,9373,251,47,MALUKU UTARA
2021-10-25,2,0,1,1,9673,9374,251,48,MALUKU UTARA
2021-10-26,5,0,8,-3,9678,9382,251,45,MALUKU UTARA
2021-10-27,1,0,4,-3,9679,9386,251,42,MALUKU UTARA
2021-10-28,0,0,6,-6,9679,9392,251,36,MALUKU UTARA
2021-10-29,4,0,5,-1,9683,9397,251,35,MALUKU UTARA
2021-10-30,4,0,0,4,9687,9397,251,39,MALUKU UTARA
2021-10-31,1,0,0,1,9688,9397,251,40,MALUKU UTARA
2021-11-01,0,0,1,-1,9688,9398,251,39,MALUKU UTARA
2021-11-02,4,0,0,4,9692,9398,251,43,MALUKU UTARA
2021-11-03,0,0,0,0,9692,9398,251,43,MALUKU UTARA
2021-11-04,0,0,1,-1,9692,9399,251,42,MALUKU UTARA
2021-11-05,1,0,1,0,9693,9400,251,42,MALUKU UTARA
2021-11-06,2,0,0,2,9695,9400,251,44,MALUKU UTARA
2021-11-07,0,0,1,-1,9695,9401,251,43,MALUKU UTARA
2021-11-08,0,0,0,0,9695,9401,251,43,MALUKU UTARA
2021-11-09,1,0,10,-9,9696,9411,251,34,MALUKU UTARA
2021-11-10,1,0,0,1,9697,9411,251,35,MALUKU UTARA
2021-11-11,0,0,0,0,9697,9411,251,35,MALUKU UTARA
2021-11-12,1,0,0,1,9698,9411,251,36,MALUKU UTARA
2021-11-13,1,0,2,-1,9699,9413,251,35,MALUKU UTARA
2021-11-14,0,0,0,0,9699,9413,251,35,MALUKU UTARA
2021-11-15,0,0,4,-4,9699,9417,251,31,MALUKU UTARA
2021-11-16,1,0,0,1,9700,9417,251,32,MALUKU UTARA
2021-11-17,0,0,0,0,9700,9417,251,32,MALUKU UTARA
2021-11-18,0,0,0,0,9700,9417,251,32,MALUKU UTARA
2021-11-19,1,0,1,0,9701,9418,251,32,MALUKU UTARA
2021-11-20,1,0,0,1,9702,9418,251,33,MALUKU UTARA
2021-11-21,0,0,0,0,9702,9418,251,33,MALUKU UTARA
2021-11-22,0,0,0,0,9702,9418,251,33,MALUKU UTARA
2021-11-23,0,0,0,0,9702,9418,251,33,MALUKU UTARA
2021-11-24,0,0,1,-1,9702,9419,251,32,MALUKU UTARA
2021-11-25,0,0,0,0,9702,9419,251,32,MALUKU UTARA
2021-11-26,0,0,0,0,9702,9419,251,32,MALUKU UTARA
2021-11-27,2,0,0,2,9704,9419,251,34,MALUKU UTARA
2021-11-28,2,0,3,-1,9706,9422,251,33,MALUKU UTARA
2021-11-29,0,0,0,0,9706,9422,251,33,MALUKU UTARA
2021-11-30,0,0,0,0,9706,9422,251,33,MALUKU UTARA
2021-12-01,0,0,0,0,9706,9422,251,33,MALUKU UTARA
2021-12-02,0,0,21,-21,9706,9443,251,12,MALUKU UTARA
2021-12-03,0,0,0,0,9706,9443,251,12,MALUKU UTARA
2021-12-04,0,0,0,0,9706,9443,251,12,MALUKU UTARA
2021-12-05,0,0,0,0,9706,9443,251,12,MALUKU UTARA
2021-12-06,0,0,0,0,9706,9443,251,12,MALUKU UTARA
2021-12-07,0,0,0,0,9706,9443,251,12,MALUKU UTARA
2021-12-08,0,0,0,0,9706,9443,251,12,MALUKU UTARA
2021-12-09,1,0,9,-8,9707,9452,251,4,MALUKU UTARA
2021-12-10,0,0,0,0,9707,9452,251,4,MALUKU UTARA
2021-12-11,0,0,0,0,9707,9452,251,4,MALUKU UTARA
2021-12-12,0,0,0,0,9707,9452,251,4,MALUKU UTARA
2021-12-13,0,0,0,0,9707,9452,251,4,MALUKU UTARA
2021-12-14,0,0,0,0,9707,9452,251,4,MALUKU UTARA
2021-12-15,0,0,0,0,9707,9452,251,4,MALUKU UTARA
2021-12-16,0,0,0,0,9707,9452,251,4,MALUKU UTARA
2021-12-17,0,0,0,0,9707,9452,251,4,MALUKU UTARA
2021-12-18,0,0,0,0,9707,9452,251,4,MALUKU UTARA
2021-12-19,0,0,0,0,9707,9452,251,4,MALUKU UTARA
2021-12-20,0,0,1,-1,9707,9453,251,3,MALUKU UTARA
2021-12-21,0,0,0,0,9707,9453,251,3,MALUKU UTARA
2021-12-22,0,0,0,0,9707,9453,251,3,MALUKU UTARA
2021-12-23,0,0,0,0,9707,9453,251,3,MALUKU UTARA
2021-12-24,0,0,2,-2,9707,9455,251,1,MALUKU UTARA
2021-12-25,0,0,0,0,9707,9455,251,1,MALUKU UTARA
2021-12-26,0,0,0,0,9707,9455,251,1,MALUKU UTARA
2021-12-27,0,0,0,0,9707,9455,251,1,MALUKU UTARA
2021-12-28,0,0,1,-1,9707,9456,251,0,MALUKU UTARA
2021-12-29,0,0,0,0,9707,9456,251,0,MALUKU UTARA
2021-12-30,0,0,0,0,9707,9456,251,0,MALUKU UTARA
2021-12-31,0,0,0,0,9707,9456,251,0,MALUKU UTARA
2022-01-01,0,0,0,0,9707,9456,251,0,MALUKU UTARA
2022-01-02,0,0,0,0,9707,9456,251,0,MALUKU UTARA
2022-01-03,0,0,0,0,9707,9456,251,0,MALUKU UTARA
2022-01-04,0,0,0,0,9707,9456,251,0,MALUKU UTARA
2022-01-05,0,0,0,0,9707,9456,251,0,MALUKU UTARA
2022-01-06,0,0,0,0,9707,9456,251,0,MALUKU UTARA
2022-01-07,0,0,0,0,9707,9456,251,0,MALUKU UTARA
2022-01-08,0,0,0,0,9707,9456,251,0,MALUKU UTARA
2022-01-09,0,0,0,0,9707,9456,251,0,MALUKU UTARA
2022-01-10,2,0,0,2,9709,9456,251,2,MALUKU UTARA
2022-01-11,1,0,0,1,9710,9456,251,3,MALUKU UTARA
2022-01-12,0,0,0,0,9710,9456,251,3,MALUKU UTARA
2022-01-13,0,0,0,0,9710,9456,251,3,MALUKU UTARA
2022-01-14,0,0,0,0,9710,9456,251,3,MALUKU UTARA
2022-01-15,2,0,0,2,9712,9456,251,5,MALUKU UTARA
2022-01-16,2,0,0,2,9714,9456,251,7,MALUKU UTARA
2022-01-17,1,0,0,1,9715,9456,251,8,MALUKU UTARA
2022-01-18,1,0,0,1,9716,9456,251,9,MALUKU UTARA
2022-01-19,0,0,2,-2,9716,9458,251,7,MALUKU UTARA
2022-01-20,0,0,0,0,9716,9458,251,7,MALUKU UTARA
2022-01-21,0,0,0,0,9716,9458,251,7,MALUKU UTARA
2022-01-22,0,0,0,0,9716,9458,251,7,MALUKU UTARA
2022-01-23,0,0,0,0,9716,9458,251,7,MALUKU UTARA
2022-01-24,0,0,0,0,9716,9458,251,7,MALUKU UTARA
2022-01-25,0,0,2,-2,9716,9460,251,5,MALUKU UTARA
2022-01-26,0,0,0,0,9716,9460,251,5,MALUKU UTARA
2022-01-27,0,0,0,0,9716,9460,251,5,MALUKU UTARA
2022-01-28,1,0,3,-2,9717,9463,251,3,MALUKU UTARA
2022-01-29,0,0,0,0,9717,9463,251,3,MALUKU UTARA
2022-01-30,0,0,0,0,9717,9463,251,3,MALUKU UTARA
2022-01-31,1,0,1,0,9718,9464,251,3,MALUKU UTARA
2022-02-01,3,0,0,3,9721,9464,251,6,MALUKU UTARA
2022-02-02,3,0,0,3,9724,9464,251,9,MALUKU UTARA
2022-02-03,2,0,0,2,9726,9464,251,11,MALUKU UTARA
2022-02-04,4,0,0,4,9730,9464,251,15,MALUKU UTARA
2022-02-05,3,0,0,3,9733,9464,251,18,MALUKU UTARA
2022-02-06,6,0,0,6,9739,9464,251,24,MALUKU UTARA
2022-02-07,3,0,0,3,9742,9464,251,27,MALUKU UTARA
2022-02-08,14,0,0,14,9756,9464,251,41,MALUKU UTARA
2022-02-09,6,0,0,6,9762,9464,251,47,MALUKU UTARA
2022-02-10,15,0,2,13,9777,9466,251,60,MALUKU UTARA
2022-02-11,8,0,1,7,9785,9467,251,67,MALUKU UTARA
2022-02-12,18,0,0,18,9803,9467,251,85,MALUKU UTARA
2022-02-13,25,0,3,22,9828,9470,251,107,MALUKU UTARA
2022-02-14,33,2,0,31,9861,9470,253,138,MALUKU UTARA
2022-02-15,34,0,5,29,9895,9475,253,167,MALUKU UTARA
2022-02-16,90,0,5,85,9985,9480,253,252,MALUKU UTARA
2022-02-17,74,0,11,63,10059,9491,253,315,MALUKU UTARA
2022-02-18,56,1,2,53,10115,9493,254,368,MALUKU UTARA
2022-02-19,95,0,6,89,10210,9499,254,457,MALUKU UTARA
2022-02-20,39,0,3,36,10249,9502,254,493,MALUKU UTARA
2022-02-21,60,0,11,49,10309,9513,254,542,MALUKU UTARA
2022-02-22,84,0,16,68,10393,9529,254,610,MALUKU UTARA
2022-02-23,112,0,37,75,10505,9566,254,685,MALUKU UTARA
2022-02-24,92,0,55,37,10597,9621,254,722,MALUKU UTARA
2022-02-25,110,2,39,69,10707,9660,256,791,MALUKU UTARA
2022-02-26,72,0,32,40,10779,9692,256,831,MALUKU UTARA
2022-02-27,41,0,43,-2,10820,9735,256,829,MALUKU UTARA
2022-02-28,43,0,104,-61,10863,9839,256,768,MALUKU UTARA
2022-03-01,45,2,87,-44,10908,9926,258,724,MALUKU UTARA
2022-03-02,47,0,12,35,10955,9938,258,759,MALUKU UTARA
2022-03-03,62,0,53,9,11017,9991,258,768,MALUKU UTARA
2022-03-04,85,1,21,63,11102,10012,259,831,MALUKU UTARA
2022-03-05,55,0,35,20,11157,10047,259,851,MALUKU UTARA
2022-03-06,41,1,25,15,11198,10072,260,866,MALUKU UTARA
2022-03-07,17,3,181,-167,11215,10253,263,699,MALUKU UTARA
2022-03-08,71,0,40,31,11286,10293,263,730,MALUKU UTARA
2022-03-09,25,0,94,-69,11311,10387,263,661,MALUKU UTARA
2022-03-10,10,0,18,-8,11321,10405,263,653,MALUKU UTARA
2022-03-11,16,1,32,-17,11337,10437,264,636,MALUKU UTARA
2022-03-12,31,1,8,22,11368,10445,265,658,MALUKU UTARA
2022-03-13,13,0,20,-7,11381,10465,265,651,MALUKU UTARA
2022-03-14,15,0,13,2,11396,10478,265,653,MALUKU UTARA
2022-03-15,19,0,27,-8,11415,10505,265,645,MALUKU UTARA
2022-03-16,18,1,25,-8,11433,10530,266,637,MALUKU UTARA
2022-03-17,8,3,35,-30,11441,10565,269,607,MALUKU UTARA
2022-03-18,13,0,4,9,11454,10569,269,616,MALUKU UTARA
2022-03-19,25,0,1,24,11479,10570,269,640,MALUKU UTARA
2022-03-20,0,0,36,-36,11479,10606,269,604,MALUKU UTARA
2022-03-21,9,0,1,8,11488,10607,269,612,MALUKU UTARA
2022-03-22,13,1,57,-45,11501,10664,270,567,MALUKU UTARA
2022-03-23,7,0,16,-9,11508,10680,270,558,MALUKU UTARA
2022-03-24,2,0,143,-141,11510,10823,270,417,MALUKU UTARA
2022-03-25,10,0,0,10,11520,10823,270,427,MALUKU UTARA
2022-03-26,19,0,5,14,11539,10828,270,441,MALUKU UTARA
2022-03-27,6,0,71,-65,11545,10899,270,376,MALUKU UTARA
2022-03-28,15,0,10,5,11560,10909,270,381,MALUKU UTARA
2022-03-29,7,0,0,7,11567,10909,270,388,MALUKU UTARA
2022-03-30,0,0,73,-73,11567,10982,270,315,MALUKU UTARA
2022-03-31,2,0,31,-29,11569,11013,270,286,MALUKU UTARA
2022-04-01,2,0,0,2,11571,11013,270,288,MALUKU UTARA
2022-04-02,3,0,2,1,11574,11015,270,289,MALUKU UTARA
2022-04-03,1,0,1,0,11575,11016,270,289,MALUKU UTARA
2022-04-04,6,0,2,4,11581,11018,270,293,MALUKU UTARA
2022-04-05,4,2,2,0,11585,11020,272,293,MALUKU UTARA
2022-04-06,1,1,1,-1,11586,11021,273,292,MALUKU UTARA
2022-04-07,3,0,0,3,11589,11021,273,295,MALUKU UTARA
2022-04-08,1,0,0,1,11590,11021,273,296,MALUKU UTARA
2022-04-09,1,1,212,-212,11591,11233,274,84,MALUKU UTARA
2022-04-10,4,0,0,4,11595,11233,274,88,MALUKU UTARA
2022-04-11,4,0,11,-7,11599,11244,274,81,MALUKU UTARA
2022-04-12,1,0,0,1,11600,11244,274,82,MALUKU UTARA
2022-04-13,2,0,39,-37,11602,11283,274,45,MALUKU UTARA
2022-04-14,2,0,2,0,11604,11285,274,45,MALUKU UTARA
2022-04-15,0,0,0,0,11604,11285,274,45,MALUKU UTARA
2022-04-16,1,0,3,-2,11605,11288,274,43,MALUKU UTARA
2022-04-17,0,0,0,0,11605,11288,274,43,MALUKU UTARA
2022-04-18,1,0,2,-1,11606,11290,274,42,MALUKU UTARA
2022-04-19,0,0,0,0,11606,11290,274,42,MALUKU UTARA
2022-04-20,2,0,1,1,11608,11291,274,43,MALUKU UTARA
2022-04-21,0,0,0,0,11608,11291,274,43,MALUKU UTARA
2022-04-22,0,0,0,0,11608,11291,274,43,MALUKU UTARA
2022-04-23,7,0,1,6,11615,11292,274,49,MALUKU UTARA
2022-04-24,0,0,2,-2,11615,11294,274,47,MALUKU UTARA
2022-04-25,1,1,2,-2,11616,11296,275,45,MALUKU UTARA
2022-04-26,1,0,0,1,11617,11296,275,46,MALUKU UTARA
2022-04-27,1,0,0,1,11618,11296,275,47,MALUKU UTARA
2022-04-28,1,0,27,-26,11619,11323,275,21,MALUKU UTARA
2022-04-29,1,0,0,1,11620,11323,275,22,MALUKU UTARA
2022-04-30,0,0,0,0,11620,11323,275,22,MALUKU UTARA
2022-05-01,0,0,0,0,11620,11323,275,22,MALUKU UTARA
2022-05-02,0,0,0,0,11620,11323,275,22,MALUKU UTARA
2022-05-03,0,0,0,0,11620,11323,275,22,MALUKU UTARA
2022-05-04,0,0,1,-1,11620,11324,275,21,MALUKU UTARA
2022-05-05,0,0,1,-1,11620,11325,275,20,MALUKU UTARA
2022-05-06,0,0,0,0,11620,11325,275,20,MALUKU UTARA
2022-05-07,1,0,0,1,11621,11325,275,21,MALUKU UTARA
2022-05-08,0,0,0,0,11621,11325,275,21,MALUKU UTARA
2022-05-09,4,0,7,-3,11625,11332,275,18,MALUKU UTARA
2022-05-10,4,0,0,4,11629,11332,275,22,MALUKU UTARA
2022-05-11,6,0,1,5,11635,11333,275,27,MALUKU UTARA
2022-05-12,2,0,0,2,11637,11333,275,29,MALUKU UTARA
2022-05-13,2,0,0,2,11639,11333,275,31,MALUKU UTARA
2022-05-14,0,1,1,-2,11639,11334,276,29,MALUKU UTARA
2022-05-15,0,0,0,0,11639,11334,276,29,MALUKU UTARA
2022-05-16,0,0,4,-4,11639,11338,276,25,MALUKU UTARA
2022-05-17,2,0,0,2,11641,11338,276,27,MALUKU UTARA
2022-05-18,0,0,2,-2,11641,11340,276,25,MALUKU UTARA
2022-05-19,2,0,0,2,11643,11340,276,27,MALUKU UTARA
2022-05-20,0,1,2,-3,11643,11342,277,24,MALUKU UTARA
2022-05-21,1,0,0,1,11644,11342,277,25,MALUKU UTARA
2022-05-22,0,0,0,0,11644,11342,277,25,MALUKU UTARA
2022-05-23,0,0,4,-4,11644,11346,277,21,MALUKU UTARA
2022-05-24,3,0,4,-1,11647,11350,277,20,MALUKU UTARA
2022-05-25,0,0,0,0,11647,11350,277,20,MALUKU UTARA
2022-05-26,0,0,1,-1,11647,11351,277,19,MALUKU UTARA
2022-05-27,1,0,0,1,11648,11351,277,20,MALUKU UTARA
2022-05-28,1,0,0,1,11649,11351,277,21,MALUKU UTARA
2022-05-29,0,0,0,0,11649,11351,277,21,MALUKU UTARA
2022-05-30,2,0,3,-1,11651,11354,277,20,MALUKU UTARA
2022-05-31,1,0,1,0,11652,11355,277,20,MALUKU UTARA
2022-06-01,0,0,0,0,11652,11355,277,20,MALUKU UTARA
2022-06-02,0,0,0,0,11652,11355,277,20,MALUKU UTARA
2022-06-03,0,0,0,0,11652,11355,277,20,MALUKU UTARA
2022-06-04,0,0,1,-1,11652,11356,277,19,MALUKU UTARA
2022-06-05,0,0,0,0,11652,11356,277,19,MALUKU UTARA
2022-06-06,0,0,0,0,11652,11356,277,19,MALUKU UTARA
2022-06-07,1,0,0,1,11653,11356,277,20,MALUKU UTARA
2022-06-08,1,0,0,1,11654,11356,277,21,MALUKU UTARA
2022-06-09,1,0,1,0,11655,11357,277,21,MALUKU UTARA
2022-06-10,0,0,0,0,11655,11357,277,21,MALUKU UTARA
2022-06-11,0,0,0,0,11655,11357,277,21,MALUKU UTARA
2022-06-12,0,0,0,0,11655,11357,277,21,MALUKU UTARA
2022-06-13,0,0,0,0,11655,11357,277,21,MALUKU UTARA
2022-06-14,0,0,13,-13,11655,11370,277,8,MALUKU UTARA
2022-06-15,0,0,0,0,11655,11370,277,8,MALUKU UTARA
2022-06-16,0,0,0,0,11655,11370,277,8,MALUKU UTARA
2022-06-17,0,0,0,0,11655,11370,277,8,MALUKU UTARA
2022-06-18,1,0,0,1,11656,11370,277,9,MALUKU UTARA
2022-06-19,0,0,0,0,11656,11370,277,9,MALUKU UTARA
2022-06-20,0,0,0,0,11656,11370,277,9,MALUKU UTARA
2022-06-21,0,0,0,0,11656,11370,277,9,MALUKU UTARA
2022-06-22,0,0,2,-2,11656,11372,277,7,MALUKU UTARA
2022-06-23,1,0,0,1,11657,11372,277,8,MALUKU UTARA
2022-06-24,0,0,0,0,11657,11372,277,8,MALUKU UTARA
2022-06-25,0,0,0,0,11657,11372,277,8,MALUKU UTARA
2022-06-26,0,0,0,0,11657,11372,277,8,MALUKU UTARA
2022-06-27,0,0,0,0,11657,11372,277,8,MALUKU UTARA
2022-06-28,0,0,0,0,11657,11372,277,8,MALUKU UTARA
2022-06-29,0,0,0,0,11657,11372,277,8,MALUKU UTARA
2022-06-30,0,0,0,0,11657,11372,277,8,MALUKU UTARA
2022-07-01,0,0,0,0,11657,11372,277,8,MALUKU UTARA
2022-07-02,0,0,0,0,11657,11372,277,8,MALUKU UTARA
2022-07-03,0,0,0,0,11657,11372,277,8,MALUKU UTARA
2022-07-04,0,0,0,0,11657,11372,277,8,MALUKU UTARA
2022-07-05,0,0,1,-1,11657,11373,277,7,MALUKU UTARA
2022-07-06,0,0,7,-7,11657,11380,277,0,MALUKU UTARA
2022-07-07,1,0,0,1,11658,11380,277,1,MALUKU UTARA
2022-07-08,0,0,0,0,11658,11380,277,1,MALUKU UTARA
2022-07-09,0,0,0,0,11658,11380,277,1,MALUKU UTARA
2022-07-10,0,0,0,0,11658,11380,277,1,MALUKU UTARA
2022-07-11,0,0,0,0,11658,11380,277,1,MALUKU UTARA
2022-07-12,0,0,0,0,11658,11380,277,1,MALUKU UTARA
2022-07-13,0,0,0,0,11658,11380,277,1,MALUKU UTARA
2022-07-14,0,0,0,0,11658,11380,277,1,MALUKU UTARA
2022-07-15,0,0,0,0,11658,11380,277,1,MALUKU UTARA
2022-07-16,0,0,0,0,11658,11380,277,1,MALUKU UTARA
2022-07-17,0,0,0,0,11658,11380,277,1,MALUKU UTARA
2022-07-18,0,0,0,0,11658,11380,277,1,MALUKU UTARA
2022-07-19,0,0,0,0,11658,11380,277,1,MALUKU UTARA
2022-07-20,0,0,1,-1,11658,11381,277,0,MALUKU UTARA
2022-07-21,0,0,0,0,11658,11381,277,0,MALUKU UTARA
2022-07-22,0,0,0,0,11658,11381,277,0,MALUKU UTARA
2022-07-23,0,0,0,0,11658,11381,277,0,MALUKU UTARA
2022-07-24,0,0,0,0,11658,11381,277,0,MALUKU UTARA
2022-07-25,0,0,0,0,11658,11381,277,0,MALUKU UTARA
2022-07-26,0,0,0,0,11658,11381,277,0,MALUKU UTARA
2022-07-27,0,0,0,0,11658,11381,277,0,MALUKU UTARA
2022-07-28,2,0,0,2,11660,11381,277,2,MALUKU UTARA
2022-07-29,0,0,0,0,11660,11381,277,2,MALUKU UTARA
2022-07-30,1,0,0,1,11661,11381,277,3,MALUKU UTARA
2022-07-31,0,0,0,0,11661,11381,277,3,MALUKU UTARA
2022-08-01,0,0,0,0,11661,11381,277,3,MALUKU UTARA
2022-08-02,1,0,0,1,11662,11381,277,4,MALUKU UTARA
2022-08-03,0,0,0,0,11662,11381,277,4,MALUKU UTARA
2022-08-04,1,0,1,0,11663,11382,277,4,MALUKU UTARA
2022-08-05,0,0,0,0,11663,11382,277,4,MALUKU UTARA
2022-08-06,4,0,0,4,11667,11382,277,8,MALUKU UTARA
2022-08-07,0,0,0,0,11667,11382,277,8,MALUKU UTARA
2022-08-08,0,0,0,0,11667,11382,277,8,MALUKU UTARA
2022-08-09,0,0,0,0,11667,11382,277,8,MALUKU UTARA
2022-08-10,4,0,0,4,11671,11382,277,12,MALUKU UTARA
2022-08-11,3,0,1,2,11674,11383,277,14,MALUKU UTARA
2022-08-12,0,0,0,0,11674,11383,277,14,MALUKU UTARA
2022-08-13,0,0,0,0,11674,11383,277,14,MALUKU UTARA
2022-08-14,0,0,0,0,11674,11383,277,14,MALUKU UTARA
2022-08-15,2,0,1,1,11676,11384,277,15,MALUKU UTARA
2022-08-16,8,0,1,7,11684,11385,277,22,MALUKU UTARA
2022-08-17,2,0,0,2,11686,11385,277,24,MALUKU UTARA
2022-08-18,0,0,6,-6,11686,11391,277,18,MALUKU UTARA
2022-08-19,2,0,0,2,11688,11391,277,20,MALUKU UTARA
2022-08-20,4,1,0,3,11692,11391,278,23,MALUKU UTARA
2022-08-21,0,0,1,-1,11692,11392,278,22,MALUKU UTARA
2022-08-22,3,2,2,-1,11695,11394,280,21,MALUKU UTARA
2022-08-23,0,1,1,-2,11695,11395,281,19,MALUKU UTARA
2022-08-24,0,0,0,0,11695,11395,281,19,MALUKU UTARA
2022-08-25,0,0,0,0,11695,11395,281,19,MALUKU UTARA
2022-08-26,0,0,0,0,11695,11395,281,19,MALUKU UTARA
2022-08-27,0,0,0,0,11695,11395,281,19,MALUKU UTARA
2022-08-28,0,0,2,-2,11695,11397,281,17,MALUKU UTARA
2022-08-29,1,0,0,1,11696,11397,281,18,MALUKU UTARA
2022-08-30,0,0,3,-3,11696,11400,281,15,MALUKU UTARA
2022-08-31,0,0,4,-4,11696,11404,281,11,MALUKU UTARA
2022-09-01,0,0,0,0,11696,11404,281,11,MALUKU UTARA
2022-09-02,0,0,1,-1,11696,11405,281,10,MALUKU UTARA
2022-09-03,0,0,0,0,11696,11405,281,10,MALUKU UTARA
2022-09-04,0,0,6,-6,11696,11411,281,4,MALUKU UTARA
2022-09-05,2,0,1,1,11698,11412,281,5,MALUKU UTARA
2022-09-06,0,0,0,0,11698,11412,281,5,MALUKU UTARA
2022-09-07,0,0,0,0,11698,11412,281,5,MALUKU UTARA
2022-09-08,3,0,0,3,11701,11412,281,8,MALUKU UTARA
2022-09-09,2,0,0,2,11703,11412,281,10,MALUKU UTARA
2022-09-10,0,0,3,-3,11703,11415,281,7,MALUKU UTARA
2022-09-11,1,0,0,1,11704,11415,281,8,MALUKU UTARA
2022-09-12,1,0,0,1,11705,11415,281,9,MALUKU UTARA
2022-09-13,0,0,0,0,11705,11415,281,9,MALUKU UTARA
2022-09-14,0,0,0,0,11705,11415,281,9,MALUKU UTARA
2022-09-15,1,0,0,1,11706,11415,281,10,MALUKU UTARA
2022-09-16,0,0,0,0,11706,11415,281,10,MALUKU UTARA
2022-09-17,0,0,0,0,11706,11415,281,10,MALUKU UTARA
2022-09-18,0,0,0,0,11706,11415,281,10,MALUKU UTARA
2022-09-19,0,0,0,0,11706,11415,281,10,MALUKU UTARA
2022-09-20,0,0,1,-1,11706,11416,281,9,MALUKU UTARA
2022-09-21,0,0,0,0,11706,11416,281,9,MALUKU UTARA
2022-09-22,2,0,0,2,11708,11416,281,11,MALUKU UTARA
2022-09-23,0,0,0,0,11708,11416,281,11,MALUKU UTARA
2022-09-24,1,0,3,-2,11709,11419,281,9,MALUKU UTARA
2022-09-25,0,0,0,0,11709,11419,281,9,MALUKU UTARA
2022-09-26,2,0,0,2,11711,11419,281,11,MALUKU UTARA
2022-09-27,1,0,0,1,11712,11419,281,12,MALUKU UTARA
2022-09-28,0,0,0,0,11712,11419,281,12,MALUKU UTARA
2022-09-29,1,0,0,1,11713,11419,281,13,MALUKU UTARA
2020-03-02,1,0,0,1,1,0,0,1,RIAU
2020-03-03,0,0,0,0,1,0,0,1,RIAU
2020-03-04,0,0,0,0,1,0,0,1,RIAU
2020-03-05,0,0,0,0,1,0,0,1,RIAU
2020-03-06,0,0,0,0,1,0,0,1,RIAU
2020-03-07,0,0,0,0,1,0,0,1,RIAU
2020-03-08,0,0,0,0,1,0,0,1,RIAU
2020-03-09,0,0,0,0,1,0,0,1,RIAU
2020-03-10,0,0,0,0,1,0,0,1,RIAU
2020-03-11,0,0,0,0,1,0,0,1,RIAU
2020-03-12,0,0,0,0,1,0,0,1,RIAU
2020-03-13,0,0,0,0,1,0,0,1,RIAU
2020-03-14,0,0,0,0,1,0,0,1,RIAU
2020-03-15,0,0,0,0,1,0,0,1,RIAU
2020-03-16,0,0,0,0,1,0,0,1,RIAU
2020-03-17,0,0,0,0,1,0,0,1,RIAU
2020-03-18,0,0,0,0,1,0,0,1,RIAU
2020-03-19,0,0,0,0,1,0,0,1,RIAU
2020-03-20,0,0,0,0,1,0,0,1,RIAU
2020-03-21,0,0,0,0,1,0,0,1,RIAU
2020-03-22,0,0,0,0,1,0,0,1,RIAU
2020-03-23,0,0,0,0,1,0,0,1,RIAU
2020-03-24,0,0,0,0,1,0,0,1,RIAU
2020-03-25,0,0,0,0,1,0,0,1,RIAU
2020-03-26,0,0,0,0,1,0,0,1,RIAU
2020-03-27,0,0,0,0,1,0,0,1,RIAU
2020-03-28,0,0,0,0,1,0,0,1,RIAU
2020-03-29,1,0,0,1,2,0,0,2,RIAU
2020-03-30,1,0,0,1,3,0,0,3,RIAU
2020-03-31,0,0,0,0,3,0,0,3,RIAU
2020-04-01,0,1,0,-1,3,0,1,2,RIAU
2020-04-02,3,0,0,3,6,0,1,5,RIAU
2020-04-03,2,0,0,2,8,0,1,7,RIAU
2020-04-04,0,0,1,-1,8,1,1,6,RIAU
2020-04-05,1,1,0,0,9,1,2,6,RIAU
2020-04-06,1,0,0,1,10,1,2,7,RIAU
2020-04-07,0,0,0,0,10,1,2,7,RIAU
2020-04-08,0,0,0,0,10,1,2,7,RIAU
2020-04-09,1,1,0,0,11,1,3,7,RIAU
2020-04-10,1,0,1,0,12,2,3,7,RIAU
2020-04-11,3,0,1,2,15,3,3,9,RIAU
2020-04-12,0,0,0,0,15,3,3,9,RIAU
2020-04-13,1,0,0,1,16,3,3,10,RIAU
2020-04-14,0,0,0,0,16,3,3,10,RIAU
2020-04-15,0,2,3,-5,16,6,5,5,RIAU
2020-04-16,4,0,3,1,20,9,5,6,RIAU
2020-04-17,1,0,0,1,21,9,5,7,RIAU
2020-04-18,4,0,0,4,25,9,5,11,RIAU
2020-04-19,0,0,0,0,25,9,5,11,RIAU
2020-04-20,2,0,0,2,27,9,5,13,RIAU
2020-04-21,1,0,0,1,28,9,5,14,RIAU
2020-04-22,0,0,0,0,28,9,5,14,RIAU
2020-04-23,1,0,3,-2,29,12,5,12,RIAU
2020-04-24,0,0,1,-1,29,13,5,11,RIAU
2020-04-25,2,0,1,1,31,14,5,12,RIAU
2020-04-26,1,0,0,1,32,14,5,13,RIAU
2020-04-27,0,0,0,0,32,14,5,13,RIAU
2020-04-28,1,0,0,1,33,14,5,14,RIAU
2020-04-29,1,0,1,0,34,15,5,14,RIAU
2020-04-30,1,0,5,-4,35,20,5,10,RIAU
2020-05-01,1,0,1,0,36,21,5,10,RIAU
2020-05-02,2,0,2,0,38,23,5,10,RIAU
2020-05-03,6,0,0,6,44,23,5,16,RIAU
2020-05-04,4,0,0,4,48,23,5,20,RIAU
2020-05-05,2,0,1,1,50,24,5,21,RIAU
2020-05-06,0,0,0,0,50,24,5,21,RIAU
2020-05-07,5,0,0,5,55,24,5,26,RIAU
2020-05-08,3,0,8,-5,58,32,5,21,RIAU
2020-05-09,3,0,0,3,61,32,5,24,RIAU
2020-05-10,1,0,6,-5,62,38,5,19,RIAU
2020-05-11,1,0,2,-1,63,40,5,18,RIAU
2020-05-12,7,0,0,7,70,40,5,25,RIAU
2020-05-13,5,0,0,5,75,40,5,30,RIAU
2020-05-14,3,0,0,3,78,40,5,33,RIAU
2020-05-15,1,0,3,-2,79,43,5,31,RIAU
2020-05-16,0,0,7,-7,79,50,5,24,RIAU
2020-05-17,1,0,0,1,80,50,5,25,RIAU
2020-05-18,2,0,2,0,82,52,5,25,RIAU
2020-05-19,4,0,0,4,86,52,5,29,RIAU
2020-05-20,0,0,0,0,86,52,5,29,RIAU
2020-05-21,1,0,3,-2,87,55,5,27,RIAU
2020-05-22,1,0,0,1,88,55,5,28,RIAU
2020-05-23,1,0,0,1,89,55,5,29,RIAU
2020-05-24,1,0,1,0,90,56,5,29,RIAU
2020-05-25,0,0,1,-1,90,57,5,28,RIAU
2020-05-26,0,0,8,-8,90,65,5,20,RIAU
2020-05-27,0,0,0,0,90,65,5,20,RIAU
2020-05-28,0,0,3,-3,90,68,5,17,RIAU
2020-05-29,3,0,3,0,93,71,5,17,RIAU
2020-05-30,0,0,0,0,93,71,5,17,RIAU
2020-05-31,0,0,3,-3,93,74,5,14,RIAU
2020-06-01,0,0,0,0,93,74,5,14,RIAU
2020-06-02,0,0,2,-2,93,76,5,12,RIAU
2020-06-03,0,0,3,-3,93,79,5,9,RIAU
2020-06-04,0,0,2,-2,93,81,5,7,RIAU
2020-06-05,0,0,0,0,93,81,5,7,RIAU
2020-06-06,1,0,0,1,94,81,5,8,RIAU
2020-06-07,0,0,0,0,94,81,5,8,RIAU
2020-06-08,0,0,2,-2,94,83,5,6,RIAU
2020-06-09,1,0,0,1,95,83,5,7,RIAU
2020-06-10,0,0,0,0,95,83,5,7,RIAU
2020-06-11,0,0,1,-1,95,84,5,6,RIAU
2020-06-12,0,0,1,-1,95,85,5,5,RIAU
2020-06-13,5,0,0,5,100,85,5,10,RIAU
2020-06-14,0,0,0,0,100,85,5,10,RIAU
2020-06-15,0,1,2,-3,100,87,6,7,RIAU
2020-06-16,0,0,1,-1,100,88,6,6,RIAU
2020-06-17,1,1,1,-1,101,89,7,5,RIAU
2020-06-18,4,0,0,4,105,89,7,9,RIAU
2020-06-19,6,0,0,6,111,89,7,15,RIAU
2020-06-20,0,0,2,-2,111,91,7,13,RIAU
2020-06-21,0,0,0,0,111,91,7,13,RIAU
2020-06-22,20,0,0,20,131,91,7,33,RIAU
2020-06-23,19,1,0,18,150,91,8,51,RIAU
2020-06-24,21,0,2,19,171,93,8,70,RIAU
2020-06-25,2,0,1,1,173,94,8,71,RIAU
2020-06-26,3,0,0,3,176,94,8,74,RIAU
2020-06-27,0,0,0,0,176,94,8,74,RIAU
2020-06-28,1,0,11,-10,177,105,8,64,RIAU
2020-06-29,2,0,21,-19,179,126,8,45,RIAU
2020-06-30,0,0,9,-9,179,135,8,36,RIAU
2020-07-01,1,0,2,-1,180,137,8,35,RIAU
2020-07-02,1,0,9,-8,181,146,8,27,RIAU
2020-07-03,3,0,11,-8,184,157,8,19,RIAU
2020-07-04,0,0,3,-3,184,160,8,16,RIAU
2020-07-05,0,0,2,-2,184,162,8,14,RIAU
2020-07-06,1,1,3,-3,185,165,9,11,RIAU
2020-07-07,1,0,1,0,186,166,9,11,RIAU
2020-07-08,0,0,1,-1,186,167,9,10,RIAU
2020-07-09,1,0,1,0,187,168,9,10,RIAU
2020-07-10,0,0,1,-1,187,169,9,9,RIAU
2020-07-11,1,0,0,1,188,169,9,10,RIAU
2020-07-12,1,0,1,0,189,170,9,10,RIAU
2020-07-13,2,0,2,0,191,172,9,10,RIAU
2020-07-14,2,0,0,2,193,172,9,12,RIAU
2020-07-15,0,0,1,-1,193,173,9,11,RIAU
2020-07-16,4,0,2,2,197,175,9,13,RIAU
2020-07-17,4,0,0,4,201,175,9,17,RIAU
2020-07-18,4,0,0,4,205,175,9,21,RIAU
2020-07-19,10,0,1,9,215,176,9,30,RIAU
2020-07-20,11,0,2,9,226,178,9,39,RIAU
2020-07-21,20,0,1,19,246,179,9,58,RIAU
2020-07-22,27,0,0,27,273,179,9,85,RIAU
2020-07-23,4,0,2,2,277,181,9,87,RIAU
2020-07-24,12,0,1,11,289,182,9,98,RIAU
2020-07-25,4,0,6,-2,293,188,9,96,RIAU
2020-07-26,9,0,12,-3,302,200,9,93,RIAU
2020-07-27,4,0,8,-4,306,208,9,89,RIAU
2020-07-28,17,1,5,11,323,213,10,100,RIAU
2020-07-29,4,0,14,-10,327,227,10,90,RIAU
2020-07-30,7,0,17,-10,334,244,10,80,RIAU
2020-07-31,12,0,2,10,346,246,10,90,RIAU
2020-08-01,2,0,13,-11,348,259,10,79,RIAU
2020-08-02,7,0,1,6,355,260,10,85,RIAU
2020-08-03,43,1,5,37,398,265,11,122,RIAU
2020-08-04,53,0,11,42,451,276,11,164,RIAU
2020-08-05,24,0,2,22,475,278,11,186,RIAU
2020-08-06,8,0,9,-1,483,287,11,185,RIAU
2020-08-07,28,0,6,22,511,293,11,207,RIAU
2020-08-08,39,0,3,36,550,296,11,243,RIAU
2020-08-09,22,1,6,15,572,302,12,258,RIAU
2020-08-10,35,0,12,23,607,314,12,281,RIAU
2020-08-11,13,0,17,-4,620,331,12,277,RIAU
2020-08-12,27,0,9,18,647,340,12,295,RIAU
2020-08-13,51,0,37,14,698,377,12,309,RIAU
2020-08-14,22,0,40,-18,720,417,12,291,RIAU
2020-08-15,33,0,32,1,753,449,12,292,RIAU
2020-08-16,17,1,14,2,770,463,13,294,RIAU
2020-08-17,29,1,14,14,799,477,14,308,RIAU
2020-08-18,21,0,17,4,820,494,14,312,RIAU
2020-08-19,8,0,16,-8,828,510,14,304,RIAU
2020-08-20,35,1,30,4,863,540,15,308,RIAU
2020-08-21,30,0,22,8,893,562,15,316,RIAU
2020-08-22,48,0,23,25,941,585,15,341,RIAU
2020-08-23,35,1,14,20,976,599,16,361,RIAU
2020-08-24,36,2,43,-9,1012,642,18,352,RIAU
2020-08-25,34,0,10,24,1046,652,18,376,RIAU
2020-08-26,35,0,20,15,1081,672,18,391,RIAU
2020-08-27,84,3,12,69,1165,684,21,460,RIAU
2020-08-28,58,4,36,18,1223,720,25,478,RIAU
2020-08-29,62,0,17,45,1285,737,25,523,RIAU
2020-08-30,111,0,24,87,1396,761,25,610,RIAU
2020-08-31,72,4,37,31,1468,798,29,641,RIAU
2020-09-01,66,1,17,48,1534,815,30,689,RIAU
2020-09-02,89,1,7,81,1623,822,31,770,RIAU
2020-09-03,88,1,23,64,1711,845,32,834,RIAU
2020-09-04,102,4,41,57,1813,886,36,891,RIAU
2020-09-05,149,0,85,64,1962,971,36,955,RIAU
2020-09-06,122,5,25,92,2084,996,41,1047,RIAU
2020-09-07,110,1,41,68,2194,1037,42,1115,RIAU
2020-09-08,86,3,32,51,2280,1069,45,1166,RIAU
2020-09-09,114,1,70,43,2394,1139,46,1209,RIAU
2020-09-10,156,3,47,106,2550,1186,49,1315,RIAU
2020-09-11,141,0,58,83,2691,1244,49,1398,RIAU
2020-09-12,192,5,25,162,2883,1269,54,1560,RIAU
2020-09-13,164,7,26,131,3047,1295,61,1691,RIAU
2020-09-14,115,4,68,43,3162,1363,65,1734,RIAU
2020-09-15,132,5,58,69,3294,1421,70,1803,RIAU
2020-09-16,162,4,19,139,3456,1440,74,1942,RIAU
2020-09-17,189,8,28,153,3645,1468,82,2095,RIAU
2020-09-18,186,2,173,11,3831,1641,84,2106,RIAU
2020-09-19,242,1,63,178,4073,1704,85,2284,RIAU
2020-09-20,216,2,61,153,4289,1765,87,2437,RIAU
2020-09-21,125,4,29,92,4414,1794,91,2529,RIAU
2020-09-22,193,0,115,78,4607,1909,91,2607,RIAU
2020-09-23,151,8,269,-126,4758,2178,99,2481,RIAU
2020-09-24,185,8,91,86,4943,2269,107,2567,RIAU
2020-09-25,166,5,145,16,5109,2414,112,2583,RIAU
2020-09-26,208,5,155,48,5317,2569,117,2631,RIAU
2020-09-27,153,6,173,-26,5470,2742,123,2605,RIAU
2020-09-28,181,4,91,86,5651,2833,127,2691,RIAU
2020-09-29,166,4,131,31,5817,2964,131,2722,RIAU
2020-09-30,283,6,201,76,6100,3165,137,2798,RIAU
2020-10-01,211,6,208,-3,6311,3373,143,2795,RIAU
2020-10-02,136,6,128,2,6447,3501,149,2797,RIAU
2020-10-03,136,4,346,-214,6583,3847,153,2583,RIAU
2020-10-04,133,5,175,-47,6716,4022,158,2536,RIAU
2020-10-05,234,5,219,10,6950,4241,163,2546,RIAU
2020-10-06,102,5,144,-47,7052,4385,168,2499,RIAU
2020-10-07,118,2,217,-101,7170,4602,170,2398,RIAU
2020-10-08,195,3,75,117,7365,4677,173,2515,RIAU
2020-10-09,171,5,55,111,7536,4732,178,2626,RIAU
2020-10-10,186,6,129,51,7722,4861,184,2677,RIAU
2020-10-11,245,3,80,162,7967,4941,187,2839,RIAU
2020-10-12,168,1,99,68,8135,5040,188,2907,RIAU
2020-10-13,129,2,93,34,8264,5133,190,2941,RIAU
2020-10-14,238,10,91,137,8502,5224,200,3078,RIAU
2020-10-15,146,5,93,48,8648,5317,205,3126,RIAU
2020-10-16,226,2,84,140,8874,5401,207,3266,RIAU
2020-10-17,204,6,105,93,9078,5506,213,3359,RIAU
2020-10-18,225,4,87,134,9303,5593,217,3493,RIAU
2020-10-19,164,4,395,-235,9467,5988,221,3258,RIAU
2020-10-20,131,2,487,-358,9598,6475,223,2900,RIAU
2020-10-21,253,7,252,-6,9851,6727,230,2894,RIAU
2020-10-22,229,4,142,83,10080,6869,234,2977,RIAU
2020-10-23,233,6,200,27,10313,7069,240,3004,RIAU
2020-10-24,303,9,218,76,10616,7287,249,3080,RIAU
2020-10-25,242,3,443,-204,10858,7730,252,2876,RIAU
2020-10-26,167,4,218,-55,11025,7948,256,2821,RIAU
2020-10-27,196,5,236,-45,11221,8184,261,2776,RIAU
2020-10-28,190,6,215,-31,11411,8399,267,2745,RIAU
2020-10-29,204,2,179,23,11615,8578,269,2768,RIAU
2020-10-30,133,4,198,-69,11748,8776,273,2699,RIAU
2020-10-31,104,5,183,-84,11852,8959,278,2615,RIAU
2020-11-01,18,2,124,-108,11870,9083,280,2507,RIAU
2020-11-02,4,2,126,-124,11874,9209,282,2383,RIAU
2020-11-03,79,2,289,-212,11953,9498,284,2171,RIAU
2020-11-04,128,3,201,-76,12081,9699,287,2095,RIAU
2020-11-05,138,1,267,-130,12219,9966,288,1965,RIAU
2020-11-06,116,6,173,-63,12335,10139,294,1902,RIAU
2020-11-07,140,3,273,-136,12475,10412,297,1766,RIAU
2020-11-08,128,1,130,-3,12603,10542,298,1763,RIAU
2020-11-09,10,2,96,-88,12613,10638,300,1675,RIAU
2020-11-10,114,0,6,108,12727,10644,300,1783,RIAU
2020-11-11,121,8,385,-272,12848,11029,308,1511,RIAU
2020-11-12,96,3,64,29,12944,11093,311,1540,RIAU
2020-11-13,120,3,72,45,13064,11165,314,1585,RIAU
2020-11-14,110,1,42,67,13174,11207,315,1652,RIAU
2020-11-15,121,2,163,-44,13295,11370,317,1608,RIAU
2020-11-16,117,7,104,6,13412,11474,324,1614,RIAU
2020-11-17,211,1,33,177,13623,11507,325,1791,RIAU
2020-11-18,228,2,197,29,13851,11704,327,1820,RIAU
2020-11-19,551,2,804,-255,14402,12508,329,1565,RIAU
2020-11-20,142,2,156,-16,14544,12664,331,1549,RIAU
2020-11-21,237,3,98,136,14781,12762,334,1685,RIAU
2020-11-22,134,4,136,-6,14915,12898,338,1679,RIAU
2020-11-23,100,2,106,-8,15015,13004,340,1671,RIAU
2020-11-24,117,1,98,18,15132,13102,341,1689,RIAU
2020-11-25,179,3,148,28,15311,13250,344,1717,RIAU
2020-11-26,167,4,160,3,15478,13410,348,1720,RIAU
2020-11-27,207,6,161,40,15685,13571,354,1760,RIAU
2020-11-28,125,7,212,-94,15810,13783,361,1666,RIAU
2020-11-29,146,5,159,-18,15956,13942,366,1648,RIAU
2020-11-30,109,4,132,-27,16065,14074,370,1621,RIAU
2020-12-01,127,1,222,-96,16192,14296,371,1525,RIAU
2020-12-02,169,3,134,32,16361,14430,374,1557,RIAU
2020-12-03,135,4,134,-3,16496,14564,378,1554,RIAU
2020-12-04,125,2,136,-13,16621,14700,380,1541,RIAU
2020-12-05,90,3,157,-70,16711,14857,383,1471,RIAU
2020-12-06,176,2,157,17,16887,15014,385,1488,RIAU
2020-12-07,137,5,141,-9,17024,15155,390,1479,RIAU
2020-12-08,133,6,103,24,17157,15258,396,1503,RIAU
2020-12-09,187,6,158,23,17344,15416,402,1526,RIAU
2020-12-10,113,5,89,19,17457,15505,407,1545,RIAU
2020-12-11,116,3,142,-29,17573,15647,410,1516,RIAU
2020-12-12,139,1,165,-27,17712,15812,411,1489,RIAU
2020-12-13,143,2,115,26,17855,15927,413,1515,RIAU
2020-12-14,67,3,139,-75,17922,16066,416,1440,RIAU
2020-12-15,140,3,99,38,18062,16165,419,1478,RIAU
2020-12-16,127,3,173,-49,18189,16338,422,1429,RIAU
2020-12-17,236,4,163,69,18425,16501,426,1498,RIAU
2020-12-18,135,8,157,-30,18560,16658,434,1468,RIAU
2020-12-19,299,2,142,155,18859,16800,436,1623,RIAU
2020-12-20,103,1,106,-4,18962,16906,437,1619,RIAU
2020-12-21,56,4,75,-23,19018,16981,441,1596,RIAU
2020-12-22,97,1,125,-29,19115,17106,442,1567,RIAU
2020-12-23,74,2,161,-89,19189,17267,444,1478,RIAU
2020-12-24,169,4,94,71,19358,17361,448,1549,RIAU
2020-12-25,65,6,228,-169,19423,17589,454,1380,RIAU
2020-12-26,80,8,159,-87,19503,17748,462,1293,RIAU
2020-12-27,97,2,156,-61,19600,17904,464,1232,RIAU
2020-12-28,63,4,126,-67,19663,18030,468,1165,RIAU
2020-12-29,100,3,253,-156,19763,18283,471,1009,RIAU
2020-12-30,114,2,97,15,19877,18380,473,1024,RIAU
2020-12-31,87,2,56,29,19964,18436,475,1053,RIAU
2021-01-01,111,3,108,0,20075,18544,478,1053,RIAU
2021-01-02,56,5,98,-47,20131,18642,483,1006,RIAU
2021-01-03,62,4,119,-61,20193,18761,487,945,RIAU
2021-01-04,93,2,80,11,20286,18841,489,956,RIAU
2021-01-05,128,2,80,46,20414,18921,491,1002,RIAU
2021-01-06,128,1,94,33,20542,19015,492,1035,RIAU
2021-01-07,116,1,74,41,20658,19089,493,1076,RIAU
2021-01-08,154,4,97,53,20812,19186,497,1129,RIAU
2021-01-09,104,5,124,-25,20916,19310,502,1104,RIAU
2021-01-10,134,3,82,49,21050,19392,505,1153,RIAU
2021-01-11,76,1,78,-3,21126,19470,506,1150,RIAU
2021-01-12,215,1,59,155,21341,19529,507,1305,RIAU
2021-01-13,115,4,70,41,21456,19599,511,1346,RIAU
2021-01-14,72,1,101,-30,21528,19700,512,1316,RIAU
2021-01-15,139,0,151,-12,21667,19851,512,1304,RIAU
2021-01-16,79,5,131,-57,21746,19982,517,1247,RIAU
2021-01-17,147,1,118,28,21893,20100,518,1275,RIAU
2021-01-18,72,5,108,-41,21965,20208,523,1234,RIAU
2021-01-19,128,3,106,19,22093,20314,526,1253,RIAU
2021-01-20,95,4,122,-31,22188,20436,530,1222,RIAU
2021-01-21,112,4,82,26,22300,20518,534,1248,RIAU
2021-01-22,100,1,169,-70,22400,20687,535,1178,RIAU
2021-01-23,87,6,111,-30,22487,20798,541,1148,RIAU
2021-01-24,124,4,80,40,22611,20878,545,1188,RIAU
2021-01-25,29,1,137,-109,22640,21015,546,1079,RIAU
2021-01-26,106,9,82,15,22746,21097,555,1094,RIAU
2021-01-27,107,2,126,-21,22853,21223,557,1073,RIAU
2021-01-28,97,1,89,7,22950,21312,558,1080,RIAU
2021-01-29,77,1,120,-44,23027,21432,559,1036,RIAU
2021-01-30,68,0,97,-29,23095,21529,559,1007,RIAU
2021-01-31,103,0,114,-11,23198,21643,559,996,RIAU
2021-02-01,18,3,99,-84,23216,21742,562,912,RIAU
2021-02-02,64,1,81,-18,23280,21823,563,894,RIAU
2021-02-03,86,1,112,-27,23366,21935,564,867,RIAU
2021-02-04,62,4,43,15,23428,21978,568,882,RIAU
2021-02-05,52,3,85,-36,23480,22063,571,846,RIAU
2021-02-06,57,2,110,-55,23537,22173,573,791,RIAU
2021-02-07,66,3,62,1,23603,22235,576,792,RIAU
2021-02-08,47,1,60,-14,23650,22295,577,778,RIAU
2021-02-09,54,2,59,-7,23704,22354,579,771,RIAU
2021-02-10,131,4,105,22,23835,22459,583,793,RIAU
2021-02-11,73,3,38,32,23908,22497,586,825,RIAU
2021-02-12,72,3,73,-4,23980,22570,589,821,RIAU
2021-02-13,36,0,86,-50,24016,22656,589,771,RIAU
2021-02-14,54,1,65,-12,24070,22721,590,759,RIAU
2021-02-15,46,1,34,11,24116,22755,591,770,RIAU
2021-02-16,59,3,57,-1,24175,22812,594,769,RIAU
2021-02-17,18,1,43,-26,24193,22855,595,743,RIAU
2021-02-18,90,2,84,4,24283,22939,597,747,RIAU
2021-02-19,53,3,56,-6,24336,22995,600,741,RIAU
2021-02-20,108,3,130,-25,24444,23125,603,716,RIAU
2021-02-21,164,1,71,92,24608,23196,604,808,RIAU
2021-02-22,43,2,74,-33,24651,23270,606,775,RIAU
2021-02-23,94,3,44,47,24745,23314,609,822,RIAU
2021-02-24,87,2,42,43,24832,23356,611,865,RIAU
2021-02-25,110,1,52,57,24942,23408,612,922,RIAU
2021-02-26,55,4,65,-14,24997,23473,616,908,RIAU
2021-02-27,36,2,44,-10,25033,23517,618,898,RIAU
2021-02-28,55,1,75,-21,25088,23592,619,877,RIAU
2021-03-01,44,2,59,-17,25132,23651,621,860,RIAU
2021-03-02,76,1,91,-16,25208,23742,622,844,RIAU
2021-03-03,68,3,140,-75,25276,23882,625,769,RIAU
2021-03-04,70,3,58,9,25346,23940,628,778,RIAU
2021-03-05,105,1,79,25,25451,24019,629,803,RIAU
2021-03-06,52,3,71,-22,25503,24090,632,781,RIAU
2021-03-07,114,3,84,27,25617,24174,635,808,RIAU
2021-03-08,51,2,54,-5,25668,24228,637,803,RIAU
2021-03-09,77,2,59,16,25745,24287,639,819,RIAU
2021-03-10,83,1,53,29,25828,24340,640,848,RIAU
2021-03-11,85,1,41,43,25913,24381,641,891,RIAU
2021-03-12,45,4,44,-3,25958,24425,645,888,RIAU
2021-03-13,57,2,87,-32,26015,24512,647,856,RIAU
2021-03-14,142,4,96,42,26157,24608,651,898,RIAU
2021-03-15,54,1,83,-30,26211,24691,652,868,RIAU
2021-03-16,97,3,41,53,26308,24732,655,921,RIAU
2021-03-17,70,1,101,-32,26378,24833,656,889,RIAU
2021-03-18,92,0,45,47,26470,24878,656,936,RIAU
2021-03-19,110,5,158,-53,26580,25036,661,883,RIAU
2021-03-20,174,3,92,79,26754,25128,664,962,RIAU
2021-03-21,39,0,86,-47,26793,25214,664,915,RIAU
2021-03-22,54,3,56,-5,26847,25270,667,910,RIAU
2021-03-23,147,3,56,88,26994,25326,670,998,RIAU
2021-03-24,100,4,113,-17,27094,25439,674,981,RIAU
2021-03-25,99,7,67,25,27193,25506,681,1006,RIAU
2021-03-26,144,0,89,55,27337,25595,681,1061,RIAU
2021-03-27,83,3,65,15,27420,25660,684,1076,RIAU
2021-03-28,100,1,85,14,27520,25745,685,1090,RIAU
2021-03-29,59,4,92,-37,27579,25837,689,1053,RIAU
2021-03-30,102,2,116,-16,27681,25953,691,1037,RIAU
2021-03-31,125,4,109,12,27806,26062,695,1049,RIAU
2021-04-01,159,4,56,99,27965,26118,699,1148,RIAU
2021-04-02,160,3,115,42,28125,26233,702,1190,RIAU
2021-04-03,89,4,97,-12,28214,26330,706,1178,RIAU
2021-04-04,178,6,94,78,28392,26424,712,1256,RIAU
2021-04-05,68,5,91,-28,28460,26515,717,1228,RIAU
2021-04-06,174,5,142,27,28634,26657,722,1255,RIAU
2021-04-07,176,4,97,75,28810,26754,726,1330,RIAU
2021-04-08,236,5,110,121,29046,26864,731,1451,RIAU
2021-04-09,190,2,95,93,29236,26959,733,1544,RIAU
2021-04-10,219,1,116,102,29455,27075,734,1646,RIAU
2021-04-11,151,4,108,39,29606,27183,738,1685,RIAU
2021-04-12,121,4,75,42,29727,27258,742,1727,RIAU
2021-04-13,203,7,151,45,29930,27409,749,1772,RIAU
2021-04-14,278,8,133,137,30208,27542,757,1909,RIAU
2021-04-15,211,9,80,122,30419,27622,766,2031,RIAU
2021-04-16,192,5,155,32,30611,27777,771,2063,RIAU
2021-04-17,255,3,173,79,30866,27950,774,2142,RIAU
2021-04-18,259,6,222,31,31125,28172,780,2173,RIAU
2021-04-19,178,6,166,6,31303,28338,786,2179,RIAU
2021-04-20,328,14,176,138,31631,28514,800,2317,RIAU
2021-04-21,357,3,181,173,31988,28695,803,2490,RIAU
2021-04-22,328,12,133,183,32316,28828,815,2673,RIAU
2021-04-23,379,9,196,174,32695,29024,824,2847,RIAU
2021-04-24,343,9,266,68,33038,29290,833,2915,RIAU
2021-04-25,322,8,176,138,33360,29466,841,3053,RIAU
2021-04-26,512,11,170,331,33872,29636,852,3384,RIAU
2021-04-27,296,8,260,28,34168,29896,860,3412,RIAU
2021-04-28,381,8,217,156,34549,30113,868,3568,RIAU
2021-04-29,462,9,222,231,35011,30335,877,3799,RIAU
2021-04-30,420,13,320,87,35431,30655,890,3886,RIAU
2021-05-01,300,11,265,24,35731,30920,901,3910,RIAU
2021-05-02,494,10,270,214,36225,31190,911,4124,RIAU
2021-05-03,273,14,309,-50,36498,31499,925,4074,RIAU
2021-05-04,384,7,259,118,36882,31758,932,4192,RIAU
2021-05-05,468,11,462,-5,37350,32220,943,4187,RIAU
2021-05-06,404,17,399,-12,37754,32619,960,4175,RIAU
2021-05-07,512,13,399,100,38266,33018,973,4275,RIAU
2021-05-08,527,5,200,322,38793,33218,978,4597,RIAU
2021-05-09,354,20,172,162,39147,33390,998,4759,RIAU
2021-05-10,443,11,510,-78,39590,33900,1009,4681,RIAU
2021-05-11,472,17,429,26,40062,34329,1026,4707,RIAU
2021-05-12,416,10,642,-236,40478,34971,1036,4471,RIAU
2021-05-13,409,12,206,191,40887,35177,1048,4662,RIAU
2021-05-14,88,12,412,-336,40975,35589,1060,4326,RIAU
2021-05-15,112,11,450,-349,41087,36039,1071,3977,RIAU
2021-05-16,284,5,446,-167,41371,36485,1076,3810,RIAU
2021-05-17,249,16,493,-260,41620,36978,1092,3550,RIAU
2021-05-18,275,14,460,-199,41895,37438,1106,3351,RIAU
2021-05-19,298,15,367,-84,42193,37805,1121,3267,RIAU
2021-05-20,339,10,487,-158,42532,38292,1131,3109,RIAU
2021-05-21,397,11,528,-142,42929,38820,1142,2967,RIAU
2021-05-22,495,3,330,162,43424,39150,1145,3129,RIAU
2021-05-23,465,9,417,39,43889,39567,1154,3168,RIAU
2021-05-24,528,19,158,351,44417,39725,1173,3519,RIAU
2021-05-25,506,16,143,347,44923,39868,1189,3866,RIAU
2021-05-26,591,24,282,285,45514,40150,1213,4151,RIAU
2021-05-27,640,9,186,445,46154,40336,1222,4596,RIAU
2021-05-28,387,18,387,-18,46541,40723,1240,4578,RIAU
2021-05-29,534,7,317,210,47075,41040,1247,4788,RIAU
2021-05-30,578,17,366,195,47653,41406,1264,4983,RIAU
2021-05-31,380,17,384,-21,48033,41790,1281,4962,RIAU
2021-06-01,355,11,466,-122,48388,42256,1292,4840,RIAU
2021-06-02,489,15,442,32,48877,42698,1307,4872,RIAU
2021-06-03,294,11,384,-101,49171,43082,1318,4771,RIAU
2021-06-04,478,14,560,-96,49649,43642,1332,4675,RIAU
2021-06-05,408,13,550,-155,50057,44192,1345,4520,RIAU
2021-06-06,436,7,583,-154,50493,44775,1352,4366,RIAU
2021-06-07,245,13,432,-200,50738,45207,1365,4166,RIAU
2021-06-08,266,9,518,-261,51004,45725,1374,3905,RIAU
2021-06-09,311,10,509,-208,51315,46234,1384,3697,RIAU
2021-06-10,348,8,379,-39,51663,46613,1392,3658,RIAU
2021-06-11,310,10,349,-49,51973,46962,1402,3609,RIAU
2021-06-12,311,6,446,-141,52284,47408,1408,3468,RIAU
2021-06-13,261,12,311,-62,52545,47719,1420,3406,RIAU
2021-06-14,131,8,435,-312,52676,48154,1428,3094,RIAU
2021-06-15,257,3,424,-170,52933,48578,1431,2924,RIAU
2021-06-16,268,12,378,-122,53201,48956,1443,2802,RIAU
2021-06-17,258,15,263,-20,53459,49219,1458,2782,RIAU
2021-06-18,284,6,273,5,53743,49492,1464,2787,RIAU
2021-06-19,231,5,305,-79,53974,49797,1469,2708,RIAU
2021-06-20,215,9,308,-102,54189,50105,1478,2606,RIAU
2021-06-21,117,7,322,-212,54306,50427,1485,2394,RIAU
2021-06-22,173,5,287,-119,54479,50714,1490,2275,RIAU
2021-06-23,262,8,259,-5,54741,50973,1498,2270,RIAU
2021-06-24,237,9,144,84,54978,51117,1507,2354,RIAU
2021-06-25,211,9,246,-44,55189,51363,1516,2310,RIAU
2021-06-26,310,7,255,48,55499,51618,1523,2358,RIAU
2021-06-27,187,4,240,-57,55686,51858,1527,2301,RIAU
2021-06-28,174,8,250,-84,55860,52108,1535,2217,RIAU
2021-06-29,228,10,217,1,56088,52325,1545,2218,RIAU
2021-06-30,308,7,195,106,56396,52520,1552,2324,RIAU
2021-07-01,346,8,118,220,56742,52638,1560,2544,RIAU
2021-07-02,400,9,172,219,57142,52810,1569,2763,RIAU
2021-07-03,357,6,281,70,57499,53091,1575,2833,RIAU
2021-07-04,394,6,197,191,57893,53288,1581,3024,RIAU
2021-07-05,339,10,208,121,58232,53496,1591,3145,RIAU
2021-07-06,340,3,280,57,58572,53776,1594,3202,RIAU
2021-07-07,423,11,160,252,58995,53936,1605,3454,RIAU
2021-07-08,547,7,170,370,59542,54106,1612,3824,RIAU
2021-07-09,410,12,245,153,59952,54351,1624,3977,RIAU
2021-07-10,598,12,315,271,60550,54666,1636,4248,RIAU
2021-07-11,509,12,307,190,61059,54973,1648,4438,RIAU
2021-07-12,448,12,395,41,61507,55368,1660,4479,RIAU
2021-07-13,503,11,365,127,62010,55733,1671,4606,RIAU
2021-07-14,777,12,402,363,62787,56135,1683,4969,RIAU
2021-07-15,793,21,290,482,63580,56425,1704,5451,RIAU
2021-07-16,684,18,319,347,64264,56744,1722,5798,RIAU
2021-07-17,794,19,420,355,65058,57164,1741,6153,RIAU
2021-07-18,655,24,523,108,65713,57687,1765,6261,RIAU
2021-07-19,549,23,408,118,66262,58095,1788,6379,RIAU
2021-07-20,666,19,591,56,66928,58686,1807,6435,RIAU
2021-07-21,363,15,260,88,67291,58946,1822,6523,RIAU
2021-07-22,630,24,619,-13,67921,59565,1846,6510,RIAU
2021-07-23,794,18,490,286,68715,60055,1864,6796,RIAU
2021-07-24,946,25,765,156,69661,60820,1889,6952,RIAU
2021-07-25,843,24,757,62,70504,61577,1913,7014,RIAU
2021-07-26,901,21,645,235,71405,62222,1934,7249,RIAU
2021-07-27,1142,30,527,585,72547,62749,1964,7834,RIAU
2021-07-28,1031,16,717,298,73578,63466,1980,8132,RIAU
2021-07-29,1696,16,485,1195,75274,63951,1996,9327,RIAU
2021-07-30,1329,39,719,571,76603,64670,2035,9898,RIAU
2021-07-31,1314,39,296,979,77917,64966,2074,10877,RIAU
2021-08-01,949,25,698,226,78866,65664,2099,11103,RIAU
2021-08-02,878,37,789,52,79744,66453,2136,11155,RIAU
2021-08-03,992,30,926,36,80736,67379,2166,11191,RIAU
2021-08-04,1162,35,456,671,81898,67835,2201,11862,RIAU
2021-08-05,702,24,1316,-638,82600,69151,2225,11224,RIAU
2021-08-06,1803,44,890,869,84403,70041,2269,12093,RIAU
2021-08-07,994,41,875,78,85397,70916,2310,12171,RIAU
2021-08-08,909,20,1624,-735,86306,72540,2330,11436,RIAU
2021-08-09,638,42,1192,-596,86944,73732,2372,10840,RIAU
2021-08-10,1002,49,1365,-412,87946,75097,2421,10428,RIAU
2021-08-11,959,46,846,67,88905,75943,2467,10495,RIAU
2021-08-12,571,28,785,-242,89476,76728,2495,10253,RIAU
2021-08-13,849,22,686,141,90325,77414,2517,10394,RIAU
2021-08-14,852,27,1185,-360,91177,78599,2544,10034,RIAU
2021-08-15,762,44,672,46,91939,79271,2588,10080,RIAU
2021-08-16,484,33,1364,-913,92423,80635,2621,9167,RIAU
2021-08-17,637,28,1237,-628,93060,81872,2649,8539,RIAU
2021-08-18,446,24,868,-446,93506,82740,2673,8093,RIAU
2021-08-19,640,21,564,55,94146,83304,2694,8148,RIAU
2021-08-20,617,26,976,-385,94763,84280,2720,7763,RIAU
2021-08-21,507,38,911,-442,95270,85191,2758,7321,RIAU
2021-08-22,450,23,551,-124,95720,85742,2781,7197,RIAU
2021-08-23,273,26,817,-570,95993,86559,2807,6627,RIAU
2021-08-24,441,20,785,-364,96434,87344,2827,6263,RIAU
2021-08-25,420,23,707,-310,96854,88051,2850,5953,RIAU
2021-08-26,435,18,461,-44,97289,88512,2868,5909,RIAU
2021-08-27,421,16,331,74,97710,88843,2884,5983,RIAU
2021-08-28,295,23,801,-529,98005,89644,2907,5454,RIAU
2021-08-29,346,21,871,-546,98351,90515,2928,4908,RIAU
2021-08-30,203,14,600,-411,98554,91115,2942,4497,RIAU
2021-08-31,341,23,580,-262,98895,91695,2965,4235,RIAU
2021-09-01,269,19,454,-204,99164,92149,2984,4031,RIAU
2021-09-02,261,15,388,-142,99425,92537,2999,3889,RIAU
2021-09-03,253,22,492,-261,99678,93029,3021,3628,RIAU
2021-09-04,172,27,407,-262,99850,93436,3048,3366,RIAU
2021-09-05,148,16,408,-276,99998,93844,3064,3090,RIAU
2021-09-06,111,21,389,-299,100109,94233,3085,2791,RIAU
2021-09-07,182,13,284,-115,100291,94517,3098,2676,RIAU
2021-09-08,173,8,372,-207,100464,94889,3106,2469,RIAU
2021-09-09,154,18,217,-81,100618,95106,3124,2388,RIAU
2021-09-10,138,10,348,-220,100756,95454,3134,2168,RIAU
2021-09-11,118,8,248,-138,100874,95702,3142,2030,RIAU
2021-09-12,124,9,261,-146,100998,95963,3151,1884,RIAU
2021-09-13,72,14,243,-185,101070,96206,3165,1699,RIAU
2021-09-14,125,8,166,-49,101195,96372,3173,1650,RIAU
2021-09-15,82,7,144,-69,101277,96516,3180,1581,RIAU
2021-09-16,77,2,98,-23,101354,96614,3182,1558,RIAU
2021-09-17,108,8,189,-89,101462,96803,3190,1469,RIAU
2021-09-18,75,5,169,-99,101537,96972,3195,1370,RIAU
2021-09-19,44,9,147,-112,101581,97119,3204,1258,RIAU
2021-09-20,118,7,139,-28,101699,97258,3211,1230,RIAU
2021-09-21,84,6,113,-35,101783,97371,3217,1195,RIAU
2021-09-22,74,7,114,-47,101857,97485,3224,1148,RIAU
2021-09-23,75,4,72,-1,101932,97557,3228,1147,RIAU
2021-09-24,80,5,120,-45,102012,97677,3233,1102,RIAU
2021-09-25,48,4,81,-37,102060,97758,3237,1065,RIAU
2021-09-26,45,1,74,-30,102105,97832,3238,1035,RIAU
2021-09-27,32,2,120,-90,102137,97952,3240,945,RIAU
2021-09-28,73,3,77,-7,102210,98029,3243,938,RIAU
2021-09-29,54,4,43,7,102264,98072,3247,945,RIAU
2021-09-30,34,2,101,-69,102298,98173,3249,876,RIAU
2021-10-01,41,1,89,-49,102339,98262,3250,827,RIAU
2021-10-02,25,3,75,-53,102364,98337,3253,774,RIAU
2021-10-03,29,2,74,-47,102393,98411,3255,727,RIAU
2021-10-04,25,0,78,-53,102418,98489,3255,674,RIAU
2021-10-05,30,6,46,-22,102448,98535,3261,652,RIAU
2021-10-06,42,0,66,-24,102490,98601,3261,628,RIAU
2021-10-07,21,1,24,-4,102511,98625,3262,624,RIAU
2021-10-08,22,0,68,-46,102533,98693,3262,578,RIAU
2021-10-09,27,4,44,-21,102560,98737,3266,557,RIAU
2021-10-10,14,1,31,-18,102574,98768,3267,539,RIAU
2021-10-11,25,0,40,-15,102599,98808,3267,524,RIAU
2021-10-12,23,1,26,-4,102622,98834,3268,520,RIAU
2021-10-13,16,1,33,-18,102638,98867,3269,502,RIAU
2021-10-14,36,1,21,14,102674,98888,3270,516,RIAU
2021-10-15,28,1,29,-2,102702,98917,3271,514,RIAU
2021-10-16,18,3,42,-27,102720,98959,3274,487,RIAU
2021-10-17,14,1,19,-6,102734,98978,3275,481,RIAU
2021-10-18,4,1,23,-20,102738,99001,3276,461,RIAU
2021-10-19,31,0,20,11,102769,99021,3276,472,RIAU
2021-10-20,14,1,13,0,102783,99034,3277,472,RIAU
2021-10-21,10,2,27,-19,102793,99061,3279,453,RIAU
2021-10-22,18,0,22,-4,102811,99083,3279,449,RIAU
2021-10-23,8,0,19,-11,102819,99102,3279,438,RIAU
2021-10-24,11,1,33,-23,102830,99135,3280,415,RIAU
2021-10-25,13,0,32,-19,102843,99167,3280,396,RIAU
2021-10-26,16,0,17,-1,102859,99184,3280,395,RIAU
2021-10-27,13,0,15,-2,102872,99199,3280,393,RIAU
2021-10-28,13,1,9,3,102885,99208,3281,396,RIAU
2021-10-29,9,1,23,-15,102894,99231,3282,381,RIAU
2021-10-30,10,2,9,-1,102904,99240,3284,380,RIAU
2021-10-31,2,0,9,-7,102906,99249,3284,373,RIAU
2021-11-01,5,0,16,-11,102911,99265,3284,362,RIAU
2021-11-02,8,2,5,1,102919,99270,3286,363,RIAU
2021-11-03,6,1,12,-7,102925,99282,3287,356,RIAU
2021-11-04,9,1,11,-3,102934,99293,3288,353,RIAU
2021-11-05,5,2,19,-16,102939,99312,3290,337,RIAU
2021-11-06,4,1,4,-1,102943,99316,3291,336,RIAU
2021-11-07,4,0,12,-8,102947,99328,3291,328,RIAU
2021-11-08,2,0,9,-7,102949,99337,3291,321,RIAU
2021-11-09,5,0,15,-10,102954,99352,3291,311,RIAU
2021-11-10,1,1,3,-3,102955,99355,3292,308,RIAU
2021-11-11,2,0,4,-2,102957,99359,3292,306,RIAU
2021-11-12,1,0,8,-7,102958,99367,3292,299,RIAU
2021-11-13,3,0,5,-2,102961,99372,3292,297,RIAU
2021-11-14,0,0,7,-7,102961,99379,3292,290,RIAU
2021-11-15,0,0,5,-5,102961,99384,3292,285,RIAU
2021-11-16,3,0,3,0,102964,99387,3292,285,RIAU
2021-11-17,2,0,4,-2,102966,99391,3292,283,RIAU
2021-11-18,2,0,4,-2,102968,99395,3292,281,RIAU
2021-11-19,3,0,4,-1,102971,99399,3292,280,RIAU
2021-11-20,5,0,1,4,102976,99400,3292,284,RIAU
2021-11-21,12,0,5,7,102988,99405,3292,291,RIAU
2021-11-22,8,0,1,7,102996,99406,3292,298,RIAU
2021-11-23,31,0,2,29,103027,99408,3292,327,RIAU
2021-11-24,22,0,1,21,103049,99409,3292,348,RIAU
2021-11-25,11,0,1,10,103060,99410,3292,358,RIAU
2021-11-26,52,0,3,49,103112,99413,3292,407,RIAU
2021-11-27,51,0,1,50,103163,99414,3292,457,RIAU
2021-11-28,17,0,1,16,103180,99415,3292,473,RIAU
2021-11-29,3,0,1,2,103183,99416,3292,475,RIAU
2021-11-30,6,0,4,2,103189,99420,3292,477,RIAU
2021-12-01,8,0,10,-2,103197,99430,3292,475,RIAU
2021-12-02,3,1,8,-6,103200,99438,3293,469,RIAU
2021-12-03,4,0,32,-28,103204,99470,3293,441,RIAU
2021-12-04,4,0,20,-16,103208,99490,3293,425,RIAU
2021-12-05,5,0,11,-6,103213,99501,3293,419,RIAU
2021-12-06,4,0,51,-47,103217,99552,3293,372,RIAU
2021-12-07,3,0,54,-51,103220,99606,3293,321,RIAU
2021-12-08,3,0,17,-14,103223,99623,3293,307,RIAU
2021-12-09,0,0,2,-2,103223,99625,3293,305,RIAU
2021-12-10,3,0,6,-3,103226,99631,3293,302,RIAU
2021-12-11,2,0,7,-5,103228,99638,3293,297,RIAU
2021-12-12,4,0,1,3,103232,99639,3293,300,RIAU
2021-12-13,3,0,9,-6,103235,99648,3293,294,RIAU
2021-12-14,8,0,4,4,103243,99652,3293,298,RIAU
2021-12-15,2,0,2,0,103245,99654,3293,298,RIAU
2021-12-16,2,0,7,-5,103247,99661,3293,293,RIAU
2021-12-17,6,2,2,2,103253,99663,3295,295,RIAU
2021-12-18,5,0,3,2,103258,99666,3295,297,RIAU
2021-12-19,3,0,1,2,103261,99667,3295,299,RIAU
2021-12-20,2,0,3,-1,103263,99670,3295,298,RIAU
2021-12-21,5,0,2,3,103268,99672,3295,301,RIAU
2021-12-22,7,2,4,1,103275,99676,3297,302,RIAU
2021-12-23,1,0,2,-1,103276,99678,3297,301,RIAU
2021-12-24,3,0,9,-6,103279,99687,3297,295,RIAU
2021-12-25,1,0,2,-1,103280,99689,3297,294,RIAU
2021-12-26,0,0,3,-3,103280,99692,3297,291,RIAU
2021-12-27,3,0,6,-3,103283,99698,3297,288,RIAU
2021-12-28,1,0,4,-3,103284,99702,3297,285,RIAU
2021-12-29,6,0,3,3,103290,99705,3297,288,RIAU
2021-12-30,0,0,2,-2,103290,99707,3297,286,RIAU
2021-12-31,5,0,5,0,103295,99712,3297,286,RIAU
2022-01-01,1,0,7,-6,103296,99719,3297,280,RIAU
2022-01-02,0,0,1,-1,103296,99720,3297,279,RIAU
2022-01-03,1,0,2,-1,103297,99722,3297,278,RIAU
2022-01-04,1,0,0,1,103298,99722,3297,279,RIAU
2022-01-05,1,0,0,1,103299,99722,3297,280,RIAU
2022-01-06,0,0,3,-3,103299,99725,3297,277,RIAU
2022-01-07,0,1,0,-1,103299,99725,3298,276,RIAU
2022-01-08,1,0,5,-4,103300,99730,3298,272,RIAU
2022-01-09,1,0,0,1,103301,99730,3298,273,RIAU
2022-01-10,0,0,7,-7,103301,99737,3298,266,RIAU
2022-01-11,1,0,1,0,103302,99738,3298,266,RIAU
2022-01-12,1,0,0,1,103303,99738,3298,267,RIAU
2022-01-13,1,0,0,1,103304,99738,3298,268,RIAU
2022-01-14,1,0,1,0,103305,99739,3298,268,RIAU
2022-01-15,0,0,2,-2,103305,99741,3298,266,RIAU
2022-01-16,0,0,0,0,103305,99741,3298,266,RIAU
2022-01-17,1,0,0,1,103306,99741,3298,267,RIAU
2022-01-18,0,0,1,-1,103306,99742,3298,266,RIAU
2022-01-19,0,0,0,0,103306,99742,3298,266,RIAU
2022-01-20,2,0,0,2,103308,99742,3298,268,RIAU
2022-01-21,3,0,0,3,103311,99742,3298,271,RIAU
2022-01-22,2,0,2,0,103313,99744,3298,271,RIAU
2022-01-23,3,0,3,0,103316,99747,3298,271,RIAU
2022-01-24,5,0,1,4,103321,99748,3298,275,RIAU
2022-01-25,1,0,0,1,103322,99748,3298,276,RIAU
2022-01-26,2,0,0,2,103324,99748,3298,278,RIAU
2022-01-27,9,0,0,9,103333,99748,3298,287,RIAU
2022-01-28,15,0,0,15,103348,99748,3298,302,RIAU
2022-01-29,13,0,1,12,103361,99749,3298,314,RIAU
2022-01-30,44,0,1,43,103405,99750,3298,357,RIAU
2022-01-31,32,0,3,29,103437,99753,3298,386,RIAU
2022-02-01,26,0,0,26,103463,99753,3298,412,RIAU
2022-02-02,29,0,2,27,103492,99755,3298,439,RIAU
2022-02-03,84,0,5,79,103576,99760,3298,518,RIAU
2022-02-04,89,0,2,87,103665,99762,3298,605,RIAU
2022-02-05,53,0,0,53,103718,99762,3298,658,RIAU
2022-02-06,114,0,16,98,103832,99778,3298,756,RIAU
2022-02-07,66,0,14,52,103898,99792,3298,808,RIAU
2022-02-08,126,0,17,109,104024,99809,3298,917,RIAU
2022-02-09,176,1,46,129,104200,99855,3299,1046,RIAU
2022-02-10,130,0,34,96,104330,99889,3299,1142,RIAU
2022-02-11,272,1,23,248,104602,99912,3300,1390,RIAU
2022-02-12,266,0,31,235,104868,99943,3300,1625,RIAU
2022-02-13,251,0,70,181,105119,100013,3300,1806,RIAU
2022-02-14,186,0,92,94,105305,100105,3300,1900,RIAU
2022-02-15,469,1,56,412,105774,100161,3301,2312,RIAU
2022-02-16,417,0,102,315,106191,100263,3301,2627,RIAU
2022-02-17,481,3,78,400,106672,100341,3304,3027,RIAU
2022-02-18,767,5,127,635,107439,100468,3309,3662,RIAU
2022-02-19,610,2,146,462,108049,100614,3311,4124,RIAU
2022-02-20,512,2,147,363,108561,100761,3313,4487,RIAU
2022-02-21,368,2,280,86,108929,101041,3315,4573,RIAU
2022-02-22,510,4,248,258,109439,101289,3319,4831,RIAU
2022-02-23,785,4,248,533,110224,101537,3323,5364,RIAU
2022-02-24,813,5,177,631,111037,101714,3328,5995,RIAU
2022-02-25,640,4,399,237,111677,102113,3332,6232,RIAU
2022-02-26,765,3,506,256,112442,102619,3335,6488,RIAU
2022-02-27,602,3,474,125,113044,103093,3338,6613,RIAU
2022-02-28,418,4,684,-270,113462,103777,3342,6343,RIAU
2022-03-01,427,6,692,-271,113889,104469,3348,6072,RIAU
2022-03-02,585,15,497,73,114474,104966,3363,6145,RIAU
2022-03-03,572,4,375,193,115046,105341,3367,6338,RIAU
2022-03-04,350,3,634,-287,115396,105975,3370,6051,RIAU
2022-03-05,535,12,506,17,115931,106481,3382,6068,RIAU
2022-03-06,449,7,1015,-573,116380,107496,3389,5495,RIAU
2022-03-07,298,7,622,-331,116678,108118,3396,5164,RIAU
2022-03-08,456,6,746,-296,117134,108864,3402,4868,RIAU
2022-03-09,348,9,577,-238,117482,109441,3411,4630,RIAU
2022-03-10,445,7,393,45,117927,109834,3418,4675,RIAU
2022-03-11,314,11,419,-116,118241,110253,3429,4559,RIAU
2022-03-12,281,8,615,-342,118522,110868,3437,4217,RIAU
2022-03-13,216,7,591,-382,118738,111459,3444,3835,RIAU
2022-03-14,158,11,322,-175,118896,111781,3455,3660,RIAU
2022-03-15,268,5,551,-288,119164,112332,3460,3372,RIAU
2022-03-16,152,6,403,-257,119316,112735,3466,3115,RIAU
2022-03-17,180,4,286,-110,119496,113021,3470,3005,RIAU
2022-03-18,150,7,207,-64,119646,113228,3477,2941,RIAU
2022-03-19,113,6,558,-451,119759,113786,3483,2490,RIAU
2022-03-20,82,3,416,-337,119841,114202,3486,2153,RIAU
2022-03-21,65,6,302,-243,119906,114504,3492,1910,RIAU
2022-03-22,85,3,263,-181,119991,114767,3495,1729,RIAU
2022-03-23,87,2,233,-148,120078,115000,3497,1581,RIAU
2022-03-24,73,1,135,-63,120151,115135,3498,1518,RIAU
2022-03-25,61,3,246,-188,120212,115381,3501,1330,RIAU
2022-03-26,60,4,73,-17,120272,115454,3505,1313,RIAU
2022-03-27,41,5,238,-202,120313,115692,3510,1111,RIAU
2022-03-28,22,2,161,-141,120335,115853,3512,970,RIAU
2022-03-29,42,2,103,-63,120377,115956,3514,907,RIAU
2022-03-30,41,3,84,-46,120418,116040,3517,861,RIAU
2022-03-31,32,2,55,-25,120450,116095,3519,836,RIAU
2022-04-01,24,3,93,-72,120474,116188,3522,764,RIAU
2022-04-02,13,2,73,-62,120487,116261,3524,702,RIAU
2022-04-03,20,2,41,-23,120507,116302,3526,679,RIAU
2022-04-04,10,0,102,-92,120517,116404,3526,587,RIAU
2022-04-05,23,4,55,-36,120540,116459,3530,551,RIAU
2022-04-06,27,0,46,-19,120567,116505,3530,532,RIAU
2022-04-07,16,1,26,-11,120583,116531,3531,521,RIAU
2022-04-08,8,1,47,-40,120591,116578,3532,481,RIAU
2022-04-09,15,1,27,-13,120606,116605,3533,468,RIAU
2022-04-10,6,1,29,-24,120612,116634,3534,444,RIAU
2022-04-11,9,1,21,-13,120621,116655,3535,431,RIAU
2022-04-12,8,0,18,-10,120629,116673,3535,421,RIAU
2022-04-13,3,1,16,-14,120632,116689,3536,407,RIAU
2022-04-14,4,1,10,-7,120636,116699,3537,400,RIAU
2022-04-15,11,0,21,-10,120647,116720,3537,390,RIAU
2022-04-16,5,1,25,-21,120652,116745,3538,369,RIAU
2022-04-17,7,0,9,-2,120659,116754,3538,367,RIAU
2022-04-18,7,0,9,-2,120666,116763,3538,365,RIAU
2022-04-19,5,1,14,-10,120671,116777,3539,355,RIAU
2022-04-20,1,0,8,-7,120672,116785,3539,348,RIAU
2022-04-21,0,0,9,-9,120672,116794,3539,339,RIAU
2022-04-22,1,0,7,-6,120673,116801,3539,333,RIAU
2022-04-23,1,0,8,-7,120674,116809,3539,326,RIAU
2022-04-24,1,0,4,-3,120675,116813,3539,323,RIAU
2022-04-25,2,0,14,-12,120677,116827,3539,311,RIAU
2022-04-26,5,1,5,-1,120682,116832,3540,310,RIAU
2022-04-27,1,0,7,-6,120683,116839,3540,304,RIAU
2022-04-28,4,0,6,-2,120687,116845,3540,302,RIAU
2022-04-29,0,1,5,-6,120687,116850,3541,296,RIAU
2022-04-30,2,0,1,1,120689,116851,3541,297,RIAU
2022-05-01,2,0,0,2,120691,116851,3541,299,RIAU
2022-05-02,1,0,1,0,120692,116852,3541,299,RIAU
2022-05-03,1,2,0,-1,120693,116852,3543,298,RIAU
2022-05-04,1,0,4,-3,120694,116856,3543,295,RIAU
2022-05-05,1,1,1,-1,120695,116857,3544,294,RIAU
2022-05-06,2,0,5,-3,120697,116862,3544,291,RIAU
2022-05-07,2,0,1,1,120699,116863,3544,292,RIAU
2022-05-08,1,0,4,-3,120700,116867,3544,289,RIAU
2022-05-09,0,2,0,-2,120700,116867,3546,287,RIAU
2022-05-10,2,0,1,1,120702,116868,3546,288,RIAU
2022-05-11,1,0,1,0,120703,116869,3546,288,RIAU
2022-05-12,1,0,0,1,120704,116869,3546,289,RIAU
2022-05-13,2,0,2,0,120706,116871,3546,289,RIAU
2022-05-14,0,0,1,-1,120706,116872,3546,288,RIAU
2022-05-15,0,0,1,-1,120706,116873,3546,287,RIAU
2022-05-16,0,0,1,-1,120706,116874,3546,286,RIAU
2022-05-17,1,1,2,-2,120707,116876,3547,284,RIAU
2022-05-18,0,0,1,-1,120707,116877,3547,283,RIAU
2022-05-19,1,0,0,1,120708,116877,3547,284,RIAU
2022-05-20,1,0,2,-1,120709,116879,3547,283,RIAU
2022-05-21,0,0,1,-1,120709,116880,3547,282,RIAU
2022-05-22,0,0,1,-1,120709,116881,3547,281,RIAU
2022-05-23,1,0,277,-276,120710,117158,3547,5,RIAU
2022-05-24,1,0,0,1,120711,117158,3547,6,RIAU
2022-05-25,1,0,0,1,120712,117158,3547,7,RIAU
2022-05-26,3,0,0,3,120715,117158,3547,10,RIAU
2022-05-27,0,1,0,-1,120715,117158,3548,9,RIAU
2022-05-28,0,0,0,0,120715,117158,3548,9,RIAU
2022-05-29,0,0,1,-1,120715,117159,3548,8,RIAU
2022-05-30,0,0,1,-1,120715,117160,3548,7,RIAU
2022-05-31,0,0,0,0,120715,117160,3548,7,RIAU
2022-06-01,0,0,0,0,120715,117160,3548,7,RIAU
2022-06-02,0,0,1,-1,120715,117161,3548,6,RIAU
2022-06-03,2,0,1,1,120717,117162,3548,7,RIAU
2022-06-04,0,0,1,-1,120717,117163,3548,6,RIAU
2022-06-05,0,0,2,-2,120717,117165,3548,4,RIAU
2022-06-06,2,0,0,2,120719,117165,3548,6,RIAU
2022-06-07,2,0,0,2,120721,117165,3548,8,RIAU
2022-06-08,0,0,0,0,120721,117165,3548,8,RIAU
2022-06-09,0,0,0,0,120721,117165,3548,8,RIAU
2022-06-10,0,0,0,0,120721,117165,3548,8,RIAU
2022-06-11,0,0,0,0,120721,117165,3548,8,RIAU
2022-06-12,0,0,0,0,120721,117165,3548,8,RIAU
2022-06-13,1,0,0,1,120722,117165,3548,9,RIAU
2022-06-14,2,0,2,0,120724,117167,3548,9,RIAU
2022-06-15,4,0,0,4,120728,117167,3548,13,RIAU
2022-06-16,2,0,2,0,120730,117169,3548,13,RIAU
2022-06-17,2,0,2,0,120732,117171,3548,13,RIAU
2022-06-18,4,0,0,4,120736,117171,3548,17,RIAU
2022-06-19,1,0,0,1,120737,117171,3548,18,RIAU
2022-06-20,0,0,0,0,120737,117171,3548,18,RIAU
2022-06-21,1,0,0,1,120738,117171,3548,19,RIAU
2022-06-22,0,0,0,0,120738,117171,3548,19,RIAU
2022-06-23,0,0,1,-1,120738,117172,3548,18,RIAU
2022-06-24,0,0,2,-2,120738,117174,3548,16,RIAU
2022-06-25,2,0,5,-3,120740,117179,3548,13,RIAU
2022-06-26,1,0,2,-1,120741,117181,3548,12,RIAU
2022-06-27,0,0,2,-2,120741,117183,3548,10,RIAU
2022-06-28,4,0,4,0,120745,117187,3548,10,RIAU
2022-06-29,0,0,1,-1,120745,117188,3548,9,RIAU
2022-06-30,1,0,0,1,120746,117188,3548,10,RIAU
2022-07-01,0,0,0,0,120746,117188,3548,10,RIAU
2022-07-02,4,0,0,4,120750,117188,3548,14,RIAU
2022-07-03,0,0,0,0,120750,117188,3548,14,RIAU
2022-07-04,3,0,0,3,120753,117188,3548,17,RIAU
2022-07-05,9,0,2,7,120762,117190,3548,24,RIAU
2022-07-06,2,0,1,1,120764,117191,3548,25,RIAU
2022-07-07,4,0,0,4,120768,117191,3548,29,RIAU
2022-07-08,11,0,4,7,120779,117195,3548,36,RIAU
2022-07-09,3,0,0,3,120782,117195,3548,39,RIAU
2022-07-10,5,0,1,4,120787,117196,3548,43,RIAU
2022-07-11,4,0,0,4,120791,117196,3548,47,RIAU
2022-07-12,4,0,4,0,120795,117200,3548,47,RIAU
2022-07-13,8,0,0,8,120803,117200,3548,55,RIAU
2022-07-14,8,0,2,6,120811,117202,3548,61,RIAU
2022-07-15,3,0,16,-13,120814,117218,3548,48,RIAU
2022-07-16,4,0,11,-7,120818,117229,3548,41,RIAU
2022-07-17,0,0,2,-2,120818,117231,3548,39,RIAU
2022-07-18,10,0,5,5,120828,117236,3548,44,RIAU
2022-07-19,5,0,5,0,120833,117241,3548,44,RIAU
2022-07-20,12,0,4,8,120845,117245,3548,52,RIAU
2022-07-21,16,0,8,8,120861,117253,3548,60,RIAU
2022-07-22,13,0,8,5,120874,117261,3548,65,RIAU
2022-07-23,10,0,3,7,120884,117264,3548,72,RIAU
2022-07-24,28,0,4,24,120912,117268,3548,96,RIAU
2022-07-25,6,0,5,1,120918,117273,3548,97,RIAU
2022-07-26,25,0,5,20,120943,117278,3548,117,RIAU
2022-07-27,13,0,5,8,120956,117283,3548,125,RIAU
2022-07-28,35,0,12,23,120991,117295,3548,148,RIAU
2022-07-29,17,0,17,0,121008,117312,3548,148,RIAU
2022-07-30,18,0,11,7,121026,117323,3548,155,RIAU
2022-07-31,30,1,10,19,121056,117333,3549,174,RIAU
2022-08-01,13,0,28,-15,121069,117361,3549,159,RIAU
2022-08-02,43,0,5,38,121112,117366,3549,197,RIAU
2022-08-03,33,0,25,8,121145,117391,3549,205,RIAU
2022-08-04,23,0,11,12,121168,117402,3549,217,RIAU
2022-08-05,27,0,32,-5,121195,117434,3549,212,RIAU
2022-08-06,27,0,20,7,121222,117454,3549,219,RIAU
2022-08-07,28,0,19,9,121250,117473,3549,228,RIAU
2022-08-08,17,1,32,-16,121267,117505,3550,212,RIAU
2022-08-09,38,1,13,24,121305,117518,3551,236,RIAU
2022-08-10,32,0,42,-10,121337,117560,3551,226,RIAU
2022-08-11,35,0,27,8,121372,117587,3551,234,RIAU
2022-08-12,30,0,24,6,121402,117611,3551,240,RIAU
2022-08-13,24,0,27,-3,121426,117638,3551,237,RIAU
2022-08-14,33,0,27,6,121459,117665,3551,243,RIAU
2022-08-15,11,0,27,-16,121470,117692,3551,227,RIAU
2022-08-16,47,2,18,27,121517,117710,3553,254,RIAU
2022-08-17,26,0,37,-11,121543,117747,3553,243,RIAU
2022-08-18,20,1,31,-12,121563,117778,3554,231,RIAU
2022-08-19,34,2,35,-3,121597,117813,3556,228,RIAU
2022-08-20,37,0,33,4,121634,117846,3556,232,RIAU
2022-08-21,35,0,26,9,121669,117872,3556,241,RIAU
2022-08-22,17,1,28,-12,121686,117900,3557,229,RIAU
2022-08-23,25,0,14,11,121711,117914,3557,240,RIAU
2022-08-24,31,1,45,-15,121742,117959,3558,225,RIAU
2022-08-25,39,1,19,19,121781,117978,3559,244,RIAU
2022-08-26,35,2,20,13,121816,117998,3561,257,RIAU
2022-08-27,29,0,37,-8,121845,118035,3561,249,RIAU
2022-08-28,17,0,33,-16,121862,118068,3561,233,RIAU
2022-08-29,18,0,29,-11,121880,118097,3561,222,RIAU
2022-08-30,17,0,19,-2,121897,118116,3561,220,RIAU
2022-08-31,21,2,28,-9,121918,118144,3563,211,RIAU
2022-09-01,36,2,33,1,121954,118177,3565,212,RIAU
2022-09-02,15,1,37,-23,121969,118214,3566,189,RIAU
2022-09-03,11,2,14,-5,121980,118228,3568,184,RIAU
2022-09-04,23,1,50,-28,122003,118278,3569,156,RIAU
2022-09-05,20,0,12,8,122023,118290,3569,164,RIAU
2022-09-06,25,0,19,6,122048,118309,3569,170,RIAU
2022-09-07,16,0,15,1,122064,118324,3569,171,RIAU
2022-09-08,26,0,16,10,122090,118340,3569,181,RIAU
2022-09-09,12,0,36,-24,122102,118376,3569,157,RIAU
2022-09-10,24,0,11,13,122126,118387,3569,170,RIAU
2022-09-11,28,0,16,12,122154,118403,3569,182,RIAU
2022-09-12,8,0,22,-14,122162,118425,3569,168,RIAU
2022-09-13,22,1,21,0,122184,118446,3570,168,RIAU
2022-09-14,13,0,26,-13,122197,118472,3570,155,RIAU
2022-09-15,15,2,19,-6,122212,118491,3572,149,RIAU
2022-09-16,12,0,25,-13,122224,118516,3572,136,RIAU
2022-09-17,12,0,10,2,122236,118526,3572,138,RIAU
2022-09-18,9,0,18,-9,122245,118544,3572,129,RIAU
2022-09-19,19,2,26,-9,122264,118570,3574,120,RIAU
2022-09-20,11,0,7,4,122275,118577,3574,124,RIAU
2022-09-21,17,0,19,-2,122292,118596,3574,122,RIAU
2022-09-22,6,0,11,-5,122298,118607,3574,117,RIAU
2022-09-23,15,2,13,0,122313,118620,3576,117,RIAU
2022-09-24,5,1,18,-14,122318,118638,3577,103,RIAU
2022-09-25,17,1,18,-2,122335,118656,3578,101,RIAU
2022-09-26,12,1,8,3,122347,118664,3579,104,RIAU
2022-09-27,9,1,2,6,122356,118666,3580,110,RIAU
2022-09-28,10,1,1,8,122366,118667,3581,118,RIAU
2022-09-29,6,1,3,2,122372,118670,3582,120,RIAU
2022-09-30,6,1,1,4,122378,118671,3583,124,RIAU
2020-03-16,1,0,0,1,1,0,0,1,DAERAH ISTIMEWA YOGYAKARTA
2020-03-17,0,0,0,0,1,0,0,1,DAERAH ISTIMEWA YOGYAKARTA
2020-03-18,0,0,0,0,1,0,0,1,DAERAH ISTIMEWA YOGYAKARTA
2020-03-19,0,0,0,0,1,0,0,1,DAERAH ISTIMEWA YOGYAKARTA
2020-03-20,0,0,0,0,1,0,0,1,DAERAH ISTIMEWA YOGYAKARTA
2020-03-21,0,0,0,0,1,0,0,1,DAERAH ISTIMEWA YOGYAKARTA
2020-03-22,0,0,0,0,1,0,0,1,DAERAH ISTIMEWA YOGYAKARTA
2020-03-23,0,1,0,-1,1,0,1,0,DAERAH ISTIMEWA YOGYAKARTA
2020-03-24,0,0,0,0,1,0,1,0,DAERAH ISTIMEWA YOGYAKARTA
2020-03-25,1,1,0,0,2,0,2,0,DAERAH ISTIMEWA YOGYAKARTA
2020-03-26,0,0,0,0,2,0,2,0,DAERAH ISTIMEWA YOGYAKARTA
2020-03-27,1,0,0,1,3,0,2,1,DAERAH ISTIMEWA YOGYAKARTA
2020-03-28,0,0,0,0,3,0,2,1,DAERAH ISTIMEWA YOGYAKARTA
2020-03-29,0,0,0,0,3,0,2,1,DAERAH ISTIMEWA YOGYAKARTA
2020-03-30,1,0,1,0,4,1,2,1,DAERAH ISTIMEWA YOGYAKARTA
2020-03-31,4,0,0,4,8,1,2,5,DAERAH ISTIMEWA YOGYAKARTA
2020-04-01,4,0,1,3,12,2,2,8,DAERAH ISTIMEWA YOGYAKARTA
2020-04-02,0,1,0,-1,12,2,3,7,DAERAH ISTIMEWA YOGYAKARTA
2020-04-03,0,0,0,0,12,2,3,7,DAERAH ISTIMEWA YOGYAKARTA
2020-04-04,4,0,0,4,16,2,3,11,DAERAH ISTIMEWA YOGYAKARTA
2020-04-05,1,0,0,1,17,2,3,12,DAERAH ISTIMEWA YOGYAKARTA
2020-04-06,3,0,1,2,20,3,3,14,DAERAH ISTIMEWA YOGYAKARTA
2020-04-07,0,0,0,0,20,3,3,14,DAERAH ISTIMEWA YOGYAKARTA
2020-04-08,3,3,2,-2,23,5,6,12,DAERAH ISTIMEWA YOGYAKARTA
2020-04-09,3,0,1,2,26,6,6,14,DAERAH ISTIMEWA YOGYAKARTA
2020-04-10,3,0,3,0,29,9,6,14,DAERAH ISTIMEWA YOGYAKARTA
2020-04-11,0,0,0,0,29,9,6,14,DAERAH ISTIMEWA YOGYAKARTA
2020-04-12,0,0,3,-3,29,12,6,11,DAERAH ISTIMEWA YOGYAKARTA
2020-04-13,15,0,0,15,44,12,6,26,DAERAH ISTIMEWA YOGYAKARTA
2020-04-14,2,0,4,-2,46,16,6,24,DAERAH ISTIMEWA YOGYAKARTA
2020-04-15,0,0,0,0,46,16,6,24,DAERAH ISTIMEWA YOGYAKARTA
2020-04-16,1,0,0,1,47,16,6,25,DAERAH ISTIMEWA YOGYAKARTA
2020-04-17,1,1,2,-2,48,18,7,23,DAERAH ISTIMEWA YOGYAKARTA
2020-04-18,3,0,2,1,51,20,7,24,DAERAH ISTIMEWA YOGYAKARTA
2020-04-19,1,0,1,0,52,21,7,24,DAERAH ISTIMEWA YOGYAKARTA
2020-04-20,1,0,0,1,53,21,7,25,DAERAH ISTIMEWA YOGYAKARTA
2020-04-21,3,0,3,0,56,24,7,25,DAERAH ISTIMEWA YOGYAKARTA
2020-04-22,2,0,5,-3,58,29,7,22,DAERAH ISTIMEWA YOGYAKARTA
2020-04-23,1,0,1,0,59,30,7,22,DAERAH ISTIMEWA YOGYAKARTA
2020-04-24,0,0,0,0,59,30,7,22,DAERAH ISTIMEWA YOGYAKARTA
2020-04-25,1,0,0,1,60,30,7,23,DAERAH ISTIMEWA YOGYAKARTA
2020-04-26,3,0,0,3,63,30,7,26,DAERAH ISTIMEWA YOGYAKARTA
2020-04-27,1,0,2,-1,64,32,7,25,DAERAH ISTIMEWA YOGYAKARTA
2020-04-28,9,0,0,9,73,32,7,34,DAERAH ISTIMEWA YOGYAKARTA
2020-04-29,1,0,1,0,74,33,7,34,DAERAH ISTIMEWA YOGYAKARTA
2020-04-30,1,0,0,1,75,33,7,35,DAERAH ISTIMEWA YOGYAKARTA
2020-05-01,7,0,4,3,82,37,7,38,DAERAH ISTIMEWA YOGYAKARTA
2020-05-02,9,0,0,9,91,37,7,47,DAERAH ISTIMEWA YOGYAKARTA
2020-05-03,1,0,0,1,92,37,7,48,DAERAH ISTIMEWA YOGYAKARTA
2020-05-04,0,0,3,-3,92,40,7,45,DAERAH ISTIMEWA YOGYAKARTA
2020-05-05,6,0,1,5,98,41,7,50,DAERAH ISTIMEWA YOGYAKARTA
2020-05-06,0,0,4,-4,98,45,7,46,DAERAH ISTIMEWA YOGYAKARTA
2020-05-07,14,0,1,13,112,46,7,59,DAERAH ISTIMEWA YOGYAKARTA
2020-05-08,4,0,0,4,116,46,7,63,DAERAH ISTIMEWA YOGYAKARTA
2020-05-09,2,0,1,1,118,47,7,64,DAERAH ISTIMEWA YOGYAKARTA
2020-05-10,7,0,0,7,125,47,7,71,DAERAH ISTIMEWA YOGYAKARTA
2020-05-11,6,1,6,-1,131,53,8,70,DAERAH ISTIMEWA YOGYAKARTA
2020-05-12,8,0,0,8,139,53,8,78,DAERAH ISTIMEWA YOGYAKARTA
2020-05-13,11,0,1,10,150,54,8,88,DAERAH ISTIMEWA YOGYAKARTA
2020-05-14,3,0,4,-1,153,58,8,87,DAERAH ISTIMEWA YOGYAKARTA
2020-05-15,3,0,12,-9,156,70,8,78,DAERAH ISTIMEWA YOGYAKARTA
2020-05-16,4,0,1,3,160,71,8,81,DAERAH ISTIMEWA YOGYAKARTA
2020-05-17,4,0,3,1,164,74,8,82,DAERAH ISTIMEWA YOGYAKARTA
2020-05-18,1,0,2,-1,165,76,8,81,DAERAH ISTIMEWA YOGYAKARTA
2020-05-19,5,0,10,-5,170,86,8,76,DAERAH ISTIMEWA YOGYAKARTA
2020-05-20,2,0,7,-5,172,93,8,71,DAERAH ISTIMEWA YOGYAKARTA
2020-05-21,5,0,6,-1,177,99,8,70,DAERAH ISTIMEWA YOGYAKARTA
2020-05-22,5,0,2,3,182,101,8,73,DAERAH ISTIMEWA YOGYAKARTA
2020-05-23,4,0,4,0,186,105,8,73,DAERAH ISTIMEWA YOGYAKARTA
2020-05-24,0,0,3,-3,186,108,8,70,DAERAH ISTIMEWA YOGYAKARTA
2020-05-25,0,0,1,-1,186,109,8,69,DAERAH ISTIMEWA YOGYAKARTA
2020-05-26,0,0,3,-3,186,112,8,66,DAERAH ISTIMEWA YOGYAKARTA
2020-05-27,2,0,9,-7,188,121,8,59,DAERAH ISTIMEWA YOGYAKARTA
2020-05-28,0,0,7,-7,188,128,8,52,DAERAH ISTIMEWA YOGYAKARTA
2020-05-29,2,0,5,-3,190,133,8,49,DAERAH ISTIMEWA YOGYAKARTA
2020-05-30,3,0,1,2,193,134,8,51,DAERAH ISTIMEWA YOGYAKARTA
2020-05-31,3,0,6,-3,196,140,8,48,DAERAH ISTIMEWA YOGYAKARTA
2020-06-01,1,0,0,1,197,140,8,49,DAERAH ISTIMEWA YOGYAKARTA
2020-06-02,0,0,1,-1,197,141,8,48,DAERAH ISTIMEWA YOGYAKARTA
2020-06-03,0,0,1,-1,197,142,8,47,DAERAH ISTIMEWA YOGYAKARTA
2020-06-04,0,0,3,-3,197,145,8,44,DAERAH ISTIMEWA YOGYAKARTA
2020-06-05,1,0,5,-4,198,150,8,40,DAERAH ISTIMEWA YOGYAKARTA
2020-06-06,4,0,5,-1,202,155,8,39,DAERAH ISTIMEWA YOGYAKARTA
2020-06-07,1,0,2,-1,203,157,8,38,DAERAH ISTIMEWA YOGYAKARTA
2020-06-08,3,0,6,-3,206,163,8,35,DAERAH ISTIMEWA YOGYAKARTA
2020-06-09,1,0,0,1,207,163,8,36,DAERAH ISTIMEWA YOGYAKARTA
2020-06-10,1,0,0,1,208,163,8,37,DAERAH ISTIMEWA YOGYAKARTA
2020-06-11,2,0,3,-1,210,166,8,36,DAERAH ISTIMEWA YOGYAKARTA
2020-06-12,9,0,4,5,219,170,8,41,DAERAH ISTIMEWA YOGYAKARTA
2020-06-13,2,0,4,-2,221,174,8,39,DAERAH ISTIMEWA YOGYAKARTA
2020-06-14,3,0,1,2,224,175,8,41,DAERAH ISTIMEWA YOGYAKARTA
2020-06-15,3,0,1,2,227,176,8,43,DAERAH ISTIMEWA YOGYAKARTA
2020-06-16,1,0,3,-2,228,179,8,41,DAERAH ISTIMEWA YOGYAKARTA
2020-06-17,3,0,2,1,231,181,8,42,DAERAH ISTIMEWA YOGYAKARTA
2020-06-18,0,0,6,-6,231,187,8,36,DAERAH ISTIMEWA YOGYAKARTA
2020-06-19,1,0,4,-3,232,191,8,33,DAERAH ISTIMEWA YOGYAKARTA
2020-06-20,7,0,0,7,239,191,8,40,DAERAH ISTIMEWA YOGYAKARTA
2020-06-21,2,0,5,-3,241,196,8,37,DAERAH ISTIMEWA YOGYAKARTA
2020-06-22,0,0,0,0,241,196,8,37,DAERAH ISTIMEWA YOGYAKARTA
2020-06-23,2,0,4,-2,243,200,8,35,DAERAH ISTIMEWA YOGYAKARTA
2020-06-24,1,0,12,-11,244,212,8,24,DAERAH ISTIMEWA YOGYAKARTA
2020-06-25,7,0,3,4,251,215,8,28,DAERAH ISTIMEWA YOGYAKARTA
2020-06-26,3,0,3,0,254,218,8,28,DAERAH ISTIMEWA YOGYAKARTA
2020-06-27,2,0,1,1,256,219,8,29,DAERAH ISTIMEWA YOGYAKARTA
2020-06-28,1,0,1,0,257,220,8,29,DAERAH ISTIMEWA YOGYAKARTA
2020-06-29,0,0,1,-1,257,221,8,28,DAERAH ISTIMEWA YOGYAKARTA
2020-06-30,7,0,1,6,264,222,8,34,DAERAH ISTIMEWA YOGYAKARTA
2020-07-01,1,0,2,-1,265,224,8,33,DAERAH ISTIMEWA YOGYAKARTA
2020-07-02,6,1,4,1,271,228,9,34,DAERAH ISTIMEWA YOGYAKARTA
2020-07-03,4,0,3,1,275,231,9,35,DAERAH ISTIMEWA YOGYAKARTA
2020-07-04,1,0,1,0,276,232,9,35,DAERAH ISTIMEWA YOGYAKARTA
2020-07-05,6,0,0,6,282,232,9,41,DAERAH ISTIMEWA YOGYAKARTA
2020-07-06,7,0,4,3,289,236,9,44,DAERAH ISTIMEWA YOGYAKARTA
2020-07-07,7,0,3,4,296,239,9,48,DAERAH ISTIMEWA YOGYAKARTA
2020-07-08,2,1,1,0,298,240,10,48,DAERAH ISTIMEWA YOGYAKARTA
2020-07-09,7,0,4,3,305,244,10,51,DAERAH ISTIMEWA YOGYAKARTA
2020-07-10,5,0,2,3,310,246,10,54,DAERAH ISTIMEWA YOGYAKARTA
2020-07-11,4,0,1,3,314,247,10,57,DAERAH ISTIMEWA YOGYAKARTA
2020-07-12,1,0,3,-2,315,250,10,55,DAERAH ISTIMEWA YOGYAKARTA
2020-07-13,5,0,7,-2,320,257,10,53,DAERAH ISTIMEWA YOGYAKARTA
2020-07-14,7,1,5,1,327,262,11,54,DAERAH ISTIMEWA YOGYAKARTA
2020-07-15,5,0,1,4,332,263,11,58,DAERAH ISTIMEWA YOGYAKARTA
2020-07-16,8,0,0,8,340,263,11,66,DAERAH ISTIMEWA YOGYAKARTA
2020-07-17,4,0,2,2,344,265,11,68,DAERAH ISTIMEWA YOGYAKARTA
2020-07-18,7,0,8,-1,351,273,11,67,DAERAH ISTIMEWA YOGYAKARTA
2020-07-19,11,1,0,10,362,273,12,77,DAERAH ISTIMEWA YOGYAKARTA
2020-07-20,6,1,3,2,368,276,13,79,DAERAH ISTIMEWA YOGYAKARTA
2020-07-21,21,1,3,17,389,279,14,96,DAERAH ISTIMEWA YOGYAKARTA
2020-07-22,16,2,0,14,405,279,16,110,DAERAH ISTIMEWA YOGYAKARTA
2020-07-23,5,0,4,1,410,283,16,111,DAERAH ISTIMEWA YOGYAKARTA
2020-07-24,22,1,6,15,432,289,17,126,DAERAH ISTIMEWA YOGYAKARTA
2020-07-25,12,1,5,6,444,294,18,132,DAERAH ISTIMEWA YOGYAKARTA
2020-07-26,5,1,0,4,449,294,19,136,DAERAH ISTIMEWA YOGYAKARTA
2020-07-27,13,0,3,10,462,297,19,146,DAERAH ISTIMEWA YOGYAKARTA
2020-07-28,11,1,4,6,473,301,20,152,DAERAH ISTIMEWA YOGYAKARTA
2020-07-29,10,0,8,2,483,309,20,154,DAERAH ISTIMEWA YOGYAKARTA
2020-07-30,16,0,10,6,499,319,20,160,DAERAH ISTIMEWA YOGYAKARTA
2020-07-31,48,0,13,35,547,332,20,195,DAERAH ISTIMEWA YOGYAKARTA
2020-08-01,56,0,8,48,603,340,20,243,DAERAH ISTIMEWA YOGYAKARTA
2020-08-02,14,0,7,7,617,347,20,250,DAERAH ISTIMEWA YOGYAKARTA
2020-08-03,11,0,12,-1,628,359,20,249,DAERAH ISTIMEWA YOGYAKARTA
2020-08-04,10,0,10,0,638,369,20,249,DAERAH ISTIMEWA YOGYAKARTA
2020-08-05,13,0,22,-9,651,391,20,240,DAERAH ISTIMEWA YOGYAKARTA
2020-08-06,15,0,18,-3,666,409,20,237,DAERAH ISTIMEWA YOGYAKARTA
2020-08-07,19,0,21,-2,685,430,20,235,DAERAH ISTIMEWA YOGYAKARTA
2020-08-08,10,2,22,-14,695,452,22,221,DAERAH ISTIMEWA YOGYAKARTA
2020-08-09,7,1,15,-9,702,467,23,212,DAERAH ISTIMEWA YOGYAKARTA
2020-08-10,13,1,16,-4,715,483,24,208,DAERAH ISTIMEWA YOGYAKARTA
2020-08-11,3,0,16,-13,718,499,24,195,DAERAH ISTIMEWA YOGYAKARTA
2020-08-12,17,0,22,-5,735,521,24,190,DAERAH ISTIMEWA YOGYAKARTA
2020-08-13,8,0,11,-3,743,532,24,187,DAERAH ISTIMEWA YOGYAKARTA
2020-08-14,26,2,8,16,769,540,26,203,DAERAH ISTIMEWA YOGYAKARTA
2020-08-15,36,0,4,32,805,544,26,235,DAERAH ISTIMEWA YOGYAKARTA
2020-08-16,25,0,10,15,830,554,26,250,DAERAH ISTIMEWA YOGYAKARTA
2020-08-17,14,0,6,8,844,560,26,258,DAERAH ISTIMEWA YOGYAKARTA
2020-08-18,16,1,10,5,860,570,27,263,DAERAH ISTIMEWA YOGYAKARTA
2020-08-19,25,0,14,11,885,584,27,274,DAERAH ISTIMEWA YOGYAKARTA
2020-08-20,40,2,45,-7,925,629,29,267,DAERAH ISTIMEWA YOGYAKARTA
2020-08-21,19,1,20,-2,944,649,30,265,DAERAH ISTIMEWA YOGYAKARTA
2020-08-22,13,1,11,1,957,660,31,266,DAERAH ISTIMEWA YOGYAKARTA
2020-08-23,13,0,14,-1,970,674,31,265,DAERAH ISTIMEWA YOGYAKARTA
2020-08-24,14,1,17,-4,984,691,32,261,DAERAH ISTIMEWA YOGYAKARTA
2020-08-25,32,0,8,24,1016,699,32,285,DAERAH ISTIMEWA YOGYAKARTA
2020-08-26,12,2,29,-19,1028,728,34,266,DAERAH ISTIMEWA YOGYAKARTA
2020-08-27,37,0,20,17,1065,748,34,283,DAERAH ISTIMEWA YOGYAKARTA
2020-08-28,17,0,20,-3,1082,768,34,280,DAERAH ISTIMEWA YOGYAKARTA
2020-08-29,29,1,17,11,1111,785,35,291,DAERAH ISTIMEWA YOGYAKARTA
2020-08-30,22,0,6,16,1133,791,35,307,DAERAH ISTIMEWA YOGYAKARTA
2020-08-31,23,2,42,-21,1156,833,37,286,DAERAH ISTIMEWA YOGYAKARTA
2020-09-01,14,0,10,4,1170,843,37,290,DAERAH ISTIMEWA YOGYAKARTA
2020-09-02,23,2,21,0,1193,864,39,290,DAERAH ISTIMEWA YOGYAKARTA
2020-09-03,27,0,9,18,1220,873,39,308,DAERAH ISTIMEWA YOGYAKARTA
2020-09-04,16,1,17,-2,1236,890,40,306,DAERAH ISTIMEWA YOGYAKARTA
2020-09-05,14,1,16,-3,1250,906,41,303,DAERAH ISTIMEWA YOGYAKARTA
2020-09-06,8,1,30,-23,1258,936,42,280,DAERAH ISTIMEWA YOGYAKARTA
2020-09-07,11,0,28,-17,1269,964,42,263,DAERAH ISTIMEWA YOGYAKARTA
2020-09-08,17,1,21,-5,1286,985,43,258,DAERAH ISTIMEWA YOGYAKARTA
2020-09-09,40,0,37,3,1326,1022,43,261,DAERAH ISTIMEWA YOGYAKARTA
2020-09-10,38,1,24,13,1364,1046,44,274,DAERAH ISTIMEWA YOGYAKARTA
2020-09-11,36,1,13,22,1400,1059,45,296,DAERAH ISTIMEWA YOGYAKARTA
2020-09-12,33,0,9,24,1433,1068,45,320,DAERAH ISTIMEWA YOGYAKARTA
2020-09-13,37,2,7,28,1470,1075,47,348,DAERAH ISTIMEWA YOGYAKARTA
2020-09-14,25,1,17,7,1495,1092,48,355,DAERAH ISTIMEWA YOGYAKARTA
2020-09-15,22,0,12,10,1517,1104,48,365,DAERAH ISTIMEWA YOGYAKARTA
2020-09-16,37,0,43,-6,1554,1147,48,359,DAERAH ISTIMEWA YOGYAKARTA
2020-09-17,27,0,12,15,1581,1159,48,374,DAERAH ISTIMEWA YOGYAKARTA
2020-09-18,43,0,27,16,1624,1186,48,390,DAERAH ISTIMEWA YOGYAKARTA
2020-09-19,59,0,16,43,1683,1202,48,433,DAERAH ISTIMEWA YOGYAKARTA
2020-09-20,53,3,11,39,1736,1213,51,472,DAERAH ISTIMEWA YOGYAKARTA
2020-09-21,48,2,27,19,1784,1240,53,491,DAERAH ISTIMEWA YOGYAKARTA
2020-09-22,52,0,28,24,1836,1268,53,515,DAERAH ISTIMEWA YOGYAKARTA
2020-09-23,56,0,42,14,1892,1310,53,529,DAERAH ISTIMEWA YOGYAKARTA
2020-09-24,20,3,12,5,1912,1322,56,534,DAERAH ISTIMEWA YOGYAKARTA
2020-09-25,48,0,20,28,1960,1342,56,562,DAERAH ISTIMEWA YOGYAKARTA
2020-09-26,30,0,29,1,1990,1371,56,563,DAERAH ISTIMEWA YOGYAKARTA
2020-09-27,14,1,20,-7,2004,1391,57,556,DAERAH ISTIMEWA YOGYAKARTA
2020-09-28,34,0,41,-7,2038,1432,57,549,DAERAH ISTIMEWA YOGYAKARTA
2020-09-29,36,2,51,-17,2074,1483,59,532,DAERAH ISTIMEWA YOGYAKARTA
2020-09-30,24,0,24,0,2098,1507,59,532,DAERAH ISTIMEWA YOGYAKARTA
2020-10-01,28,1,38,-11,2126,1545,60,521,DAERAH ISTIMEWA YOGYAKARTA
2020-10-02,18,3,16,-1,2144,1561,63,520,DAERAH ISTIMEWA YOGYAKARTA
2020-10-03,64,1,15,48,2208,1576,64,568,DAERAH ISTIMEWA YOGYAKARTA
2020-10-04,14,0,60,-46,2222,1636,64,522,DAERAH ISTIMEWA YOGYAKARTA
2020-10-05,15,0,55,-40,2237,1691,64,482,DAERAH ISTIMEWA YOGYAKARTA
2020-10-06,13,0,32,-19,2250,1723,64,463,DAERAH ISTIMEWA YOGYAKARTA
2020-10-07,18,0,13,5,2268,1736,64,468,DAERAH ISTIMEWA YOGYAKARTA
2020-10-08,42,1,8,33,2310,1744,65,501,DAERAH ISTIMEWA YOGYAKARTA
2020-10-09,43,2,22,19,2353,1766,67,520,DAERAH ISTIMEWA YOGYAKARTA
2020-10-10,58,0,12,46,2411,1778,67,566,DAERAH ISTIMEWA YOGYAKARTA
2020-10-11,21,0,30,-9,2432,1808,67,557,DAERAH ISTIMEWA YOGYAKARTA
2020-10-12,35,1,65,-31,2467,1873,68,526,DAERAH ISTIMEWA YOGYAKARTA
2020-10-13,26,0,32,-6,2493,1905,68,520,DAERAH ISTIMEWA YOGYAKARTA
2020-10-14,23,2,17,4,2516,1922,70,524,DAERAH ISTIMEWA YOGYAKARTA
2020-10-15,30,1,41,-12,2546,1963,71,512,DAERAH ISTIMEWA YOGYAKARTA
2020-10-16,34,0,27,7,2580,1990,71,519,DAERAH ISTIMEWA YOGYAKARTA
2020-10-17,21,0,38,-17,2601,2028,71,502,DAERAH ISTIMEWA YOGYAKARTA
2020-10-18,26,1,46,-21,2627,2074,72,481,DAERAH ISTIMEWA YOGYAKARTA
2020-10-19,13,0,61,-48,2640,2135,72,433,DAERAH ISTIMEWA YOGYAKARTA
2020-10-20,11,0,40,-29,2651,2175,72,404,DAERAH ISTIMEWA YOGYAKARTA
2020-10-21,30,2,15,13,2681,2190,74,417,DAERAH ISTIMEWA YOGYAKARTA
2020-10-22,37,0,15,22,2718,2205,74,439,DAERAH ISTIMEWA YOGYAKARTA
2020-10-23,22,0,17,5,2740,2222,74,444,DAERAH ISTIMEWA YOGYAKARTA
2020-10-24,36,0,31,5,2776,2253,74,449,DAERAH ISTIMEWA YOGYAKARTA
2020-10-25,32,0,55,-23,2808,2308,74,426,DAERAH ISTIMEWA YOGYAKARTA
2020-10-26,21,0,22,-1,2829,2330,74,425,DAERAH ISTIMEWA YOGYAKARTA
2020-10-27,37,1,26,10,2866,2356,75,435,DAERAH ISTIMEWA YOGYAKARTA
2020-10-28,35,1,29,5,2901,2385,76,440,DAERAH ISTIMEWA YOGYAKARTA
2020-10-29,67,1,43,23,2968,2428,77,463,DAERAH ISTIMEWA YOGYAKARTA
2020-10-30,54,1,37,16,3022,2465,78,479,DAERAH ISTIMEWA YOGYAKARTA
2020-10-31,26,1,19,6,3048,2484,79,485,DAERAH ISTIMEWA YOGYAKARTA
2020-11-01,13,0,10,3,3061,2494,79,488,DAERAH ISTIMEWA YOGYAKARTA
2020-11-02,25,1,40,-16,3086,2534,80,472,DAERAH ISTIMEWA YOGYAKARTA
2020-11-03,42,1,17,24,3128,2551,81,496,DAERAH ISTIMEWA YOGYAKARTA
2020-11-04,36,2,43,-9,3164,2594,83,487,DAERAH ISTIMEWA YOGYAKARTA
2020-11-05,139,2,25,112,3303,2619,85,599,DAERAH ISTIMEWA YOGYAKARTA
2020-11-06,23,1,24,-2,3326,2643,86,597,DAERAH ISTIMEWA YOGYAKARTA
2020-11-07,37,1,41,-5,3363,2684,87,592,DAERAH ISTIMEWA YOGYAKARTA
2020-11-08,30,1,26,3,3393,2710,88,595,DAERAH ISTIMEWA YOGYAKARTA
2020-11-09,25,2,50,-27,3418,2760,90,568,DAERAH ISTIMEWA YOGYAKARTA
2020-11-10,15,1,17,-3,3433,2777,91,565,DAERAH ISTIMEWA YOGYAKARTA
2020-11-11,24,1,37,-14,3457,2814,92,551,DAERAH ISTIMEWA YOGYAKARTA
2020-11-12,67,0,18,49,3524,2832,92,600,DAERAH ISTIMEWA YOGYAKARTA
2020-11-13,51,1,26,24,3575,2858,93,624,DAERAH ISTIMEWA YOGYAKARTA
2020-11-14,42,0,21,21,3617,2879,93,645,DAERAH ISTIMEWA YOGYAKARTA
2020-11-15,5,1,6,-2,3622,2885,94,643,DAERAH ISTIMEWA YOGYAKARTA
2020-11-16,53,0,10,43,3675,2895,94,686,DAERAH ISTIMEWA YOGYAKARTA
2020-11-17,74,1,23,50,3749,2918,95,736,DAERAH ISTIMEWA YOGYAKARTA
2020-11-18,120,2,36,82,3869,2954,97,818,DAERAH ISTIMEWA YOGYAKARTA
2020-11-19,81,0,39,42,3950,2993,97,860,DAERAH ISTIMEWA YOGYAKARTA
2020-11-20,54,1,50,3,4004,3043,98,863,DAERAH ISTIMEWA YOGYAKARTA
2020-11-21,39,2,23,14,4043,3066,100,877,DAERAH ISTIMEWA YOGYAKARTA
2020-11-22,67,4,8,55,4110,3074,104,932,DAERAH ISTIMEWA YOGYAKARTA
2020-11-23,65,1,78,-14,4175,3152,105,918,DAERAH ISTIMEWA YOGYAKARTA
2020-11-24,58,5,33,20,4233,3185,110,938,DAERAH ISTIMEWA YOGYAKARTA
2020-11-25,117,2,115,0,4350,3300,112,938,DAERAH ISTIMEWA YOGYAKARTA
2020-11-26,82,1,51,30,4432,3351,113,968,DAERAH ISTIMEWA YOGYAKARTA
2020-11-27,70,2,25,43,4502,3376,115,1011,DAERAH ISTIMEWA YOGYAKARTA
2020-11-28,110,3,41,66,4612,3417,118,1077,DAERAH ISTIMEWA YOGYAKARTA
2020-11-29,111,0,41,70,4723,3458,118,1147,DAERAH ISTIMEWA YOGYAKARTA
2020-11-30,32,0,55,-23,4755,3513,118,1124,DAERAH ISTIMEWA YOGYAKARTA
2020-12-01,90,0,55,35,4845,3568,118,1159,DAERAH ISTIMEWA YOGYAKARTA
2020-12-02,107,1,24,82,4952,3592,119,1241,DAERAH ISTIMEWA YOGYAKARTA
2020-12-03,151,1,58,92,5103,3650,120,1333,DAERAH ISTIMEWA YOGYAKARTA
2020-12-04,141,0,62,79,5244,3712,120,1412,DAERAH ISTIMEWA YOGYAKARTA
2020-12-05,132,1,61,70,5376,3773,121,1482,DAERAH ISTIMEWA YOGYAKARTA
2020-12-06,165,2,62,101,5541,3835,123,1583,DAERAH ISTIMEWA YOGYAKARTA
2020-12-07,75,0,50,25,5616,3885,123,1608,DAERAH ISTIMEWA YOGYAKARTA
2020-12-08,132,1,52,79,5748,3937,124,1687,DAERAH ISTIMEWA YOGYAKARTA
2020-12-09,158,2,178,-22,5906,4115,126,1665,DAERAH ISTIMEWA YOGYAKARTA
2020-12-10,143,6,80,57,6049,4195,132,1722,DAERAH ISTIMEWA YOGYAKARTA
2020-12-11,120,3,96,21,6169,4291,135,1743,DAERAH ISTIMEWA YOGYAKARTA
2020-12-12,175,1,82,92,6344,4373,136,1835,DAERAH ISTIMEWA YOGYAKARTA
2020-12-13,120,2,103,15,6464,4476,138,1850,DAERAH ISTIMEWA YOGYAKARTA
2020-12-14,92,1,47,44,6556,4523,139,1894,DAERAH ISTIMEWA YOGYAKARTA
2020-12-15,132,1,81,50,6688,4604,140,1944,DAERAH ISTIMEWA YOGYAKARTA
2020-12-16,176,3,57,116,6864,4661,143,2060,DAERAH ISTIMEWA YOGYAKARTA
2020-12-17,174,2,44,128,7038,4705,145,2188,DAERAH ISTIMEWA YOGYAKARTA
2020-12-18,167,1,150,16,7205,4855,146,2204,DAERAH ISTIMEWA YOGYAKARTA
2020-12-19,175,3,59,113,7380,4914,149,2317,DAERAH ISTIMEWA YOGYAKARTA
2020-12-20,169,7,164,-2,7549,5078,156,2315,DAERAH ISTIMEWA YOGYAKARTA
2020-12-21,148,6,143,-1,7697,5221,162,2314,DAERAH ISTIMEWA YOGYAKARTA
2020-12-22,195,6,34,155,7892,5255,168,2469,DAERAH ISTIMEWA YOGYAKARTA
2020-12-23,178,0,116,62,8070,5371,168,2531,DAERAH ISTIMEWA YOGYAKARTA
2020-12-24,215,4,128,83,8285,5499,172,2614,DAERAH ISTIMEWA YOGYAKARTA
2020-12-25,199,9,116,74,8484,5615,181,2688,DAERAH ISTIMEWA YOGYAKARTA
2020-12-26,202,6,84,112,8686,5699,187,2800,DAERAH ISTIMEWA YOGYAKARTA
2020-12-27,148,2,117,29,8834,5816,189,2829,DAERAH ISTIMEWA YOGYAKARTA
2020-12-28,163,0,88,75,8997,5904,189,2904,DAERAH ISTIMEWA YOGYAKARTA
2020-12-29,237,7,231,-1,9234,6135,196,2903,DAERAH ISTIMEWA YOGYAKARTA
2020-12-30,221,7,271,-57,9455,6406,203,2846,DAERAH ISTIMEWA YOGYAKARTA
2020-12-31,196,0,98,98,9651,6504,203,2944,DAERAH ISTIMEWA YOGYAKARTA
2021-01-01,186,10,88,88,9837,6592,213,3032,DAERAH ISTIMEWA YOGYAKARTA
2021-01-02,229,2,175,52,10066,6767,215,3084,DAERAH ISTIMEWA YOGYAKARTA
2021-01-03,170,7,175,-12,10236,6942,222,3072,DAERAH ISTIMEWA YOGYAKARTA
2021-01-04,119,3,107,9,10355,7049,225,3081,DAERAH ISTIMEWA YOGYAKARTA
2021-01-05,233,3,33,197,10588,7082,228,3278,DAERAH ISTIMEWA YOGYAKARTA
2021-01-06,220,4,228,-12,10808,7310,232,3266,DAERAH ISTIMEWA YOGYAKARTA
2021-01-07,288,3,144,141,11096,7454,235,3407,DAERAH ISTIMEWA YOGYAKARTA
2021-01-08,304,5,110,189,11400,7564,240,3596,DAERAH ISTIMEWA YOGYAKARTA
2021-01-09,251,7,109,135,11651,7673,247,3731,DAERAH ISTIMEWA YOGYAKARTA
2021-01-10,222,8,180,34,11873,7853,255,3765,DAERAH ISTIMEWA YOGYAKARTA
2021-01-11,237,8,173,56,12110,8026,263,3821,DAERAH ISTIMEWA YOGYAKARTA
2021-01-12,209,3,129,77,12319,8155,266,3898,DAERAH ISTIMEWA YOGYAKARTA
2021-01-13,272,4,140,128,12591,8295,270,4026,DAERAH ISTIMEWA YOGYAKARTA
2021-01-14,231,7,99,125,12822,8394,277,4151,DAERAH ISTIMEWA YOGYAKARTA
2021-01-15,209,13,194,2,13031,8588,290,4153,DAERAH ISTIMEWA YOGYAKARTA
2021-01-16,249,9,239,1,13280,8827,299,4154,DAERAH ISTIMEWA YOGYAKARTA
2021-01-17,216,5,144,67,13496,8971,304,4221,DAERAH ISTIMEWA YOGYAKARTA
2021-01-18,224,3,227,-6,13720,9198,307,4215,DAERAH ISTIMEWA YOGYAKARTA
2021-01-19,222,1,89,132,13942,9287,308,4347,DAERAH ISTIMEWA YOGYAKARTA
2021-01-20,225,13,149,63,14167,9436,321,4410,DAERAH ISTIMEWA YOGYAKARTA
2021-01-21,366,7,160,199,14533,9596,328,4609,DAERAH ISTIMEWA YOGYAKARTA
2021-01-22,385,4,291,90,14918,9887,332,4699,DAERAH ISTIMEWA YOGYAKARTA
2021-01-23,386,7,95,284,15304,9982,339,4983,DAERAH ISTIMEWA YOGYAKARTA
2021-01-24,177,9,148,20,15481,10130,348,5003,DAERAH ISTIMEWA YOGYAKARTA
2021-01-25,259,12,334,-87,15740,10464,360,4916,DAERAH ISTIMEWA YOGYAKARTA
2021-01-26,266,5,251,10,16006,10715,365,4926,DAERAH ISTIMEWA YOGYAKARTA
2021-01-27,345,13,303,29,16351,11018,378,4955,DAERAH ISTIMEWA YOGYAKARTA
2021-01-28,279,7,308,-36,16630,11326,385,4919,DAERAH ISTIMEWA YOGYAKARTA
2021-01-29,333,2,170,161,16963,11496,387,5080,DAERAH ISTIMEWA YOGYAKARTA
2021-01-30,254,6,208,40,17217,11704,393,5120,DAERAH ISTIMEWA YOGYAKARTA
2021-01-31,204,11,319,-126,17421,12023,404,4994,DAERAH ISTIMEWA YOGYAKARTA
2021-02-01,171,6,208,-43,17592,12231,410,4951,DAERAH ISTIMEWA YOGYAKARTA
2021-02-02,175,5,216,-46,17767,12447,415,4905,DAERAH ISTIMEWA YOGYAKARTA
2021-02-03,241,4,258,-21,18008,12705,419,4884,DAERAH ISTIMEWA YOGYAKARTA
2021-02-04,266,5,184,77,18274,12889,424,4961,DAERAH ISTIMEWA YOGYAKARTA
2021-02-05,223,1,132,90,18497,13021,425,5051,DAERAH ISTIMEWA YOGYAKARTA
2021-02-06,167,4,211,-48,18664,13232,429,5003,DAERAH ISTIMEWA YOGYAKARTA
2021-02-07,114,3,165,-54,18778,13397,432,4949,DAERAH ISTIMEWA YOGYAKARTA
2021-02-08,160,12,198,-50,18938,13595,444,4899,DAERAH ISTIMEWA YOGYAKARTA
2021-02-09,183,3,265,-85,19121,13860,447,4814,DAERAH ISTIMEWA YOGYAKARTA
2021-02-10,240,5,187,48,19361,14047,452,4862,DAERAH ISTIMEWA YOGYAKARTA
2021-02-11,224,1,209,14,19585,14256,453,4876,DAERAH ISTIMEWA YOGYAKARTA
2021-02-12,226,10,146,70,19811,14402,463,4946,DAERAH ISTIMEWA YOGYAKARTA
2021-02-13,89,7,287,-205,19900,14689,470,4741,DAERAH ISTIMEWA YOGYAKARTA
2021-02-14,83,8,198,-123,19983,14887,478,4618,DAERAH ISTIMEWA YOGYAKARTA
2021-02-15,106,3,113,-10,20089,15000,481,4608,DAERAH ISTIMEWA YOGYAKARTA
2021-02-16,139,4,206,-71,20228,15206,485,4537,DAERAH ISTIMEWA YOGYAKARTA
2021-02-17,194,2,186,6,20422,15392,487,4543,DAERAH ISTIMEWA YOGYAKARTA
2021-02-18,208,9,89,110,20630,15481,496,4653,DAERAH ISTIMEWA YOGYAKARTA
2021-02-19,203,4,203,-4,20833,15684,500,4649,DAERAH ISTIMEWA YOGYAKARTA
2021-02-20,157,5,103,49,20990,15787,505,4698,DAERAH ISTIMEWA YOGYAKARTA
2021-02-21,129,4,209,-84,21119,15996,509,4614,DAERAH ISTIMEWA YOGYAKARTA
2021-02-22,117,6,180,-69,21236,16176,515,4545,DAERAH ISTIMEWA YOGYAKARTA
2021-02-23,183,9,204,-30,21419,16380,524,4515,DAERAH ISTIMEWA YOGYAKARTA
2021-02-24,161,6,207,-52,21580,16587,530,4463,DAERAH ISTIMEWA YOGYAKARTA
2021-02-25,180,3,207,-30,21760,16794,533,4433,DAERAH ISTIMEWA YOGYAKARTA
2021-02-26,145,4,180,-39,21905,16974,537,4394,DAERAH ISTIMEWA YOGYAKARTA
2021-02-27,189,5,176,8,22094,17150,542,4402,DAERAH ISTIMEWA YOGYAKARTA
2021-02-28,139,2,210,-73,22233,17360,544,4329,DAERAH ISTIMEWA YOGYAKARTA
2021-03-01,116,3,217,-104,22349,17577,547,4225,DAERAH ISTIMEWA YOGYAKARTA
2021-03-02,121,2,214,-95,22470,17791,549,4130,DAERAH ISTIMEWA YOGYAKARTA
2021-03-03,189,5,121,63,22659,17912,554,4193,DAERAH ISTIMEWA YOGYAKARTA
2021-03-04,179,5,230,-56,22838,18142,559,4137,DAERAH ISTIMEWA YOGYAKARTA
2021-03-05,134,0,76,58,22972,18218,559,4195,DAERAH ISTIMEWA YOGYAKARTA
2021-03-06,72,5,193,-126,23044,18411,564,4069,DAERAH ISTIMEWA YOGYAKARTA
2021-03-07,127,4,90,33,23171,18501,568,4102,DAERAH ISTIMEWA YOGYAKARTA
2021-03-08,138,5,125,8,23309,18626,573,4110,DAERAH ISTIMEWA YOGYAKARTA
2021-03-09,135,0,159,-24,23444,18785,573,4086,DAERAH ISTIMEWA YOGYAKARTA
2021-03-10,137,4,119,14,23581,18904,577,4100,DAERAH ISTIMEWA YOGYAKARTA
2021-03-11,105,1,241,-137,23686,19145,578,3963,DAERAH ISTIMEWA YOGYAKARTA
2021-03-12,163,0,140,23,23849,19285,578,3986,DAERAH ISTIMEWA YOGYAKARTA
2021-03-13,157,3,218,-64,24006,19503,581,3922,DAERAH ISTIMEWA YOGYAKARTA
2021-03-14,66,1,204,-139,24072,19707,582,3783,DAERAH ISTIMEWA YOGYAKARTA
2021-03-15,113,1,127,-15,24185,19834,583,3768,DAERAH ISTIMEWA YOGYAKARTA
2021-03-16,139,5,168,-34,24324,20002,588,3734,DAERAH ISTIMEWA YOGYAKARTA
2021-03-17,209,1,66,142,24533,20068,589,3876,DAERAH ISTIMEWA YOGYAKARTA
2021-03-18,207,6,99,102,24740,20167,595,3978,DAERAH ISTIMEWA YOGYAKARTA
2021-03-19,130,3,156,-29,24870,20323,598,3949,DAERAH ISTIMEWA YOGYAKARTA
2021-03-20,191,4,82,105,25061,20405,602,4054,DAERAH ISTIMEWA YOGYAKARTA
2021-03-21,80,4,50,26,25141,20455,606,4080,DAERAH ISTIMEWA YOGYAKARTA
2021-03-22,114,3,132,-21,25255,20587,609,4059,DAERAH ISTIMEWA YOGYAKARTA
2021-03-23,165,3,168,-6,25420,20755,612,4053,DAERAH ISTIMEWA YOGYAKARTA
2021-03-24,214,3,122,89,25634,20877,615,4142,DAERAH ISTIMEWA YOGYAKARTA
2021-03-25,219,1,166,52,25853,21043,616,4194,DAERAH ISTIMEWA YOGYAKARTA
2021-03-26,178,5,113,60,26031,21156,621,4254,DAERAH ISTIMEWA YOGYAKARTA
2021-03-27,122,9,161,-48,26153,21317,630,4206,DAERAH ISTIMEWA YOGYAKARTA
2021-03-28,110,6,142,-38,26263,21459,636,4168,DAERAH ISTIMEWA YOGYAKARTA
2021-03-29,86,5,128,-47,26349,21587,641,4121,DAERAH ISTIMEWA YOGYAKARTA
2021-03-30,225,3,191,31,26574,21778,644,4152,DAERAH ISTIMEWA YOGYAKARTA
2021-03-31,218,4,169,45,26792,21947,648,4197,DAERAH ISTIMEWA YOGYAKARTA
2021-04-01,145,4,222,-81,26937,22169,652,4116,DAERAH ISTIMEWA YOGYAKARTA
2021-04-02,201,3,131,67,27138,22300,655,4183,DAERAH ISTIMEWA YOGYAKARTA
2021-04-03,92,7,187,-102,27230,22487,662,4081,DAERAH ISTIMEWA YOGYAKARTA
2021-04-04,96,2,148,-54,27326,22635,664,4027,DAERAH ISTIMEWA YOGYAKARTA
2021-04-05,108,0,191,-83,27434,22826,664,3944,DAERAH ISTIMEWA YOGYAKARTA
2021-04-06,183,6,171,6,27617,22997,670,3950,DAERAH ISTIMEWA YOGYAKARTA
2021-04-07,213,1,161,51,27830,23158,671,4001,DAERAH ISTIMEWA YOGYAKARTA
2021-04-08,172,1,161,10,28002,23319,672,4011,DAERAH ISTIMEWA YOGYAKARTA
2021-04-09,180,5,126,49,28182,23445,677,4060,DAERAH ISTIMEWA YOGYAKARTA
2021-04-10,187,6,150,31,28369,23595,683,4091,DAERAH ISTIMEWA YOGYAKARTA
2021-04-11,102,6,164,-68,28471,23759,689,4023,DAERAH ISTIMEWA YOGYAKARTA
2021-04-12,101,2,214,-115,28572,23973,691,3908,DAERAH ISTIMEWA YOGYAKARTA
2021-04-13,181,5,188,-12,28753,24161,696,3896,DAERAH ISTIMEWA YOGYAKARTA
2021-04-14,237,2,235,0,28990,24396,698,3896,DAERAH ISTIMEWA YOGYAKARTA
2021-04-15,183,3,213,-33,29173,24609,701,3863,DAERAH ISTIMEWA YOGYAKARTA
2021-04-16,176,5,157,14,29349,24766,706,3877,DAERAH ISTIMEWA YOGYAKARTA
2021-04-17,130,4,225,-99,29479,24991,710,3778,DAERAH ISTIMEWA YOGYAKARTA
2021-04-18,114,5,190,-81,29593,25181,715,3697,DAERAH ISTIMEWA YOGYAKARTA
2021-04-19,138,3,134,1,29731,25315,718,3698,DAERAH ISTIMEWA YOGYAKARTA
2021-04-20,177,4,194,-21,29908,25509,722,3677,DAERAH ISTIMEWA YOGYAKARTA
2021-04-21,188,6,195,-13,30096,25704,728,3664,DAERAH ISTIMEWA YOGYAKARTA
2021-04-22,208,5,217,-14,30304,25921,733,3650,DAERAH ISTIMEWA YOGYAKARTA
2021-04-23,103,5,207,-109,30407,26128,738,3541,DAERAH ISTIMEWA YOGYAKARTA
2021-04-24,117,3,208,-94,30524,26336,741,3447,DAERAH ISTIMEWA YOGYAKARTA
2021-04-25,184,4,203,-23,30708,26539,745,3424,DAERAH ISTIMEWA YOGYAKARTA
2021-04-26,152,2,199,-49,30860,26738,747,3375,DAERAH ISTIMEWA YOGYAKARTA
2021-04-27,133,4,180,-51,30993,26918,751,3324,DAERAH ISTIMEWA YOGYAKARTA
2021-04-28,226,3,161,62,31219,27079,754,3386,DAERAH ISTIMEWA YOGYAKARTA
2021-04-29,206,2,240,-36,31425,27319,756,3350,DAERAH ISTIMEWA YOGYAKARTA
2021-04-30,214,1,212,1,31639,27531,757,3351,DAERAH ISTIMEWA YOGYAKARTA
2021-05-01,104,3,255,-154,31743,27786,760,3197,DAERAH ISTIMEWA YOGYAKARTA
2021-05-02,142,2,260,-120,31885,28046,762,3077,DAERAH ISTIMEWA YOGYAKARTA
2021-05-03,129,4,267,-142,32014,28313,766,2935,DAERAH ISTIMEWA YOGYAKARTA
2021-05-04,126,9,204,-87,32140,28517,775,2848,DAERAH ISTIMEWA YOGYAKARTA
2021-05-05,183,5,219,-41,32323,28736,780,2807,DAERAH ISTIMEWA YOGYAKARTA
2021-05-06,181,5,264,-88,32504,29000,785,2719,DAERAH ISTIMEWA YOGYAKARTA
2021-05-07,142,6,222,-86,32646,29222,791,2633,DAERAH ISTIMEWA YOGYAKARTA
2021-05-08,120,9,214,-103,32766,29436,800,2530,DAERAH ISTIMEWA YOGYAKARTA
2021-05-09,117,9,159,-51,32883,29595,809,2479,DAERAH ISTIMEWA YOGYAKARTA
2021-05-10,116,4,177,-65,32999,29772,813,2414,DAERAH ISTIMEWA YOGYAKARTA
2021-05-11,119,3,231,-115,33118,30003,816,2299,DAERAH ISTIMEWA YOGYAKARTA
2021-05-12,164,4,182,-22,33282,30185,820,2277,DAERAH ISTIMEWA YOGYAKARTA
2021-05-13,78,4,180,-106,33360,30365,824,2171,DAERAH ISTIMEWA YOGYAKARTA
2021-05-14,82,9,132,-59,33442,30497,833,2112,DAERAH ISTIMEWA YOGYAKARTA
2021-05-15,75,3,209,-137,33517,30706,836,1975,DAERAH ISTIMEWA YOGYAKARTA
2021-05-16,113,2,124,-13,33630,30830,838,1962,DAERAH ISTIMEWA YOGYAKARTA
2021-05-17,105,6,146,-47,33735,30976,844,1915,DAERAH ISTIMEWA YOGYAKARTA
2021-05-18,128,2,180,-54,33863,31156,846,1861,DAERAH ISTIMEWA YOGYAKARTA
2021-05-19,194,9,157,28,34057,31313,855,1889,DAERAH ISTIMEWA YOGYAKARTA
2021-05-20,217,8,186,23,34274,31499,863,1912,DAERAH ISTIMEWA YOGYAKARTA
2021-05-21,161,9,217,-65,34435,31716,872,1847,DAERAH ISTIMEWA YOGYAKARTA
2021-05-22,115,3,167,-55,34550,31883,875,1792,DAERAH ISTIMEWA YOGYAKARTA
2021-05-23,124,5,145,-26,34674,32028,880,1766,DAERAH ISTIMEWA YOGYAKARTA
2021-05-24,113,4,162,-53,34787,32190,884,1713,DAERAH ISTIMEWA YOGYAKARTA
2021-05-25,177,7,142,28,34964,32332,891,1741,DAERAH ISTIMEWA YOGYAKARTA
2021-05-26,154,5,155,-6,35118,32487,896,1735,DAERAH ISTIMEWA YOGYAKARTA
2021-05-27,154,4,160,-10,35272,32647,900,1725,DAERAH ISTIMEWA YOGYAKARTA
2021-05-28,142,3,162,-23,35414,32809,903,1702,DAERAH ISTIMEWA YOGYAKARTA
2021-05-29,174,8,145,21,35588,32954,911,1723,DAERAH ISTIMEWA YOGYAKARTA
2021-05-30,141,9,135,-3,35729,33089,920,1720,DAERAH ISTIMEWA YOGYAKARTA
2021-05-31,117,6,113,-2,35846,33202,926,1718,DAERAH ISTIMEWA YOGYAKARTA
2021-06-01,186,8,149,29,36032,33351,934,1747,DAERAH ISTIMEWA YOGYAKARTA
2021-06-02,222,3,103,116,36254,33454,937,1863,DAERAH ISTIMEWA YOGYAKARTA
2021-06-03,162,5,122,35,36416,33576,942,1898,DAERAH ISTIMEWA YOGYAKARTA
2021-06-04,237,4,125,108,36653,33701,946,2006,DAERAH ISTIMEWA YOGYAKARTA
2021-06-05,118,5,89,24,36771,33790,951,2030,DAERAH ISTIMEWA YOGYAKARTA
2021-06-06,234,4,167,63,37005,33957,955,2093,DAERAH ISTIMEWA YOGYAKARTA
2021-06-07,208,4,169,35,37213,34126,959,2128,DAERAH ISTIMEWA YOGYAKARTA
2021-06-08,182,6,158,18,37395,34284,965,2146,DAERAH ISTIMEWA YOGYAKARTA
2021-06-09,240,7,160,73,37635,34444,972,2219,DAERAH ISTIMEWA YOGYAKARTA
2021-06-10,357,9,194,154,37992,34638,981,2373,DAERAH ISTIMEWA YOGYAKARTA
2021-06-11,343,8,178,157,38335,34816,989,2530,DAERAH ISTIMEWA YOGYAKARTA
2021-06-12,355,9,174,172,38690,34990,998,2702,DAERAH ISTIMEWA YOGYAKARTA
2021-06-13,378,7,191,180,39068,35181,1005,2882,DAERAH ISTIMEWA YOGYAKARTA
2021-06-14,348,5,161,182,39416,35342,1010,3064,DAERAH ISTIMEWA YOGYAKARTA
2021-06-15,358,14,176,168,39774,35518,1024,3232,DAERAH ISTIMEWA YOGYAKARTA
2021-06-16,440,11,218,211,40214,35736,1035,3443,DAERAH ISTIMEWA YOGYAKARTA
2021-06-17,480,15,209,256,40694,35945,1050,3699,DAERAH ISTIMEWA YOGYAKARTA
2021-06-18,475,10,190,275,41169,36135,1060,3974,DAERAH ISTIMEWA YOGYAKARTA
2021-06-19,514,9,214,291,41683,36349,1069,4265,DAERAH ISTIMEWA YOGYAKARTA
2021-06-20,525,13,227,285,42208,36576,1082,4550,DAERAH ISTIMEWA YOGYAKARTA
2021-06-21,516,7,173,336,42724,36749,1089,4886,DAERAH ISTIMEWA YOGYAKARTA
2021-06-22,541,11,216,314,43265,36965,1100,5200,DAERAH ISTIMEWA YOGYAKARTA
2021-06-23,554,15,219,320,43819,37184,1115,5520,DAERAH ISTIMEWA YOGYAKARTA
2021-06-24,638,8,208,422,44457,37392,1123,5942,DAERAH ISTIMEWA YOGYAKARTA
2021-06-25,609,14,234,361,45066,37626,1137,6303,DAERAH ISTIMEWA YOGYAKARTA
2021-06-26,632,19,182,431,45698,37808,1156,6734,DAERAH ISTIMEWA YOGYAKARTA
2021-06-27,669,14,248,407,46367,38056,1170,7141,DAERAH ISTIMEWA YOGYAKARTA
2021-06-28,678,26,269,383,47045,38325,1196,7524,DAERAH ISTIMEWA YOGYAKARTA
2021-06-29,665,13,328,324,47710,38653,1209,7848,DAERAH ISTIMEWA YOGYAKARTA
2021-06-30,694,27,274,393,48404,38927,1236,8241,DAERAH ISTIMEWA YOGYAKARTA
2021-07-01,667,26,281,360,49071,39208,1262,8601,DAERAH ISTIMEWA YOGYAKARTA
2021-07-02,735,19,284,432,49806,39492,1281,9033,DAERAH ISTIMEWA YOGYAKARTA
2021-07-03,1090,31,340,719,50896,39832,1312,9752,DAERAH ISTIMEWA YOGYAKARTA
2021-07-04,1324,24,407,893,52220,40239,1336,10645,DAERAH ISTIMEWA YOGYAKARTA
2021-07-05,1197,25,501,671,53417,40740,1361,11316,DAERAH ISTIMEWA YOGYAKARTA
2021-07-06,1088,44,618,426,54505,41358,1405,11742,DAERAH ISTIMEWA YOGYAKARTA
2021-07-07,1099,25,631,443,55604,41989,1430,12185,DAERAH ISTIMEWA YOGYAKARTA
2021-07-08,1132,31,731,370,56736,42720,1461,12555,DAERAH ISTIMEWA YOGYAKARTA
2021-07-09,1352,40,736,576,58088,43456,1501,13131,DAERAH ISTIMEWA YOGYAKARTA
2021-07-10,1433,32,569,832,59521,44025,1533,13963,DAERAH ISTIMEWA YOGYAKARTA
2021-07-11,1539,38,564,937,61060,44589,1571,14900,DAERAH ISTIMEWA YOGYAKARTA
2021-07-12,1380,44,617,719,62440,45206,1615,15619,DAERAH ISTIMEWA YOGYAKARTA
2021-07-13,2213,29,673,1511,64653,45879,1644,17130,DAERAH ISTIMEWA YOGYAKARTA
2021-07-14,1863,52,841,970,66516,46720,1696,18100,DAERAH ISTIMEWA YOGYAKARTA
2021-07-15,2121,44,834,1243,68637,47554,1740,19343,DAERAH ISTIMEWA YOGYAKARTA
2021-07-16,1317,49,996,272,69954,48550,1789,19615,DAERAH ISTIMEWA YOGYAKARTA
2021-07-17,2029,63,835,1131,71983,49385,1852,20746,DAERAH ISTIMEWA YOGYAKARTA
2021-07-18,1681,40,607,1034,73664,49992,1892,21780,DAERAH ISTIMEWA YOGYAKARTA
2021-07-19,1575,41,1087,447,75239,51079,1933,22227,DAERAH ISTIMEWA YOGYAKARTA
2021-07-20,1478,62,930,486,76717,52009,1995,22713,DAERAH ISTIMEWA YOGYAKARTA
2021-07-21,1311,71,825,415,78028,52834,2066,23128,DAERAH ISTIMEWA YOGYAKARTA
2021-07-22,1576,69,827,680,79604,53661,2135,23808,DAERAH ISTIMEWA YOGYAKARTA
2021-07-23,1134,77,793,264,80738,54454,2212,24072,DAERAH ISTIMEWA YOGYAKARTA
2021-07-24,1305,74,869,362,82043,55323,2286,24434,DAERAH ISTIMEWA YOGYAKARTA
2021-07-25,1692,47,884,761,83735,56207,2333,25195,DAERAH ISTIMEWA YOGYAKARTA
2021-07-26,2143,61,788,1294,85878,56995,2394,26489,DAERAH ISTIMEWA YOGYAKARTA
2021-07-27,2200,89,916,1195,88078,57911,2483,27684,DAERAH ISTIMEWA YOGYAKARTA
2021-07-28,1861,51,975,835,89939,58886,2534,28519,DAERAH ISTIMEWA YOGYAKARTA
2021-07-29,1532,44,891,597,91471,59777,2578,29116,DAERAH ISTIMEWA YOGYAKARTA
2021-07-30,1551,80,1420,51,93022,61197,2658,29167,DAERAH ISTIMEWA YOGYAKARTA
2021-07-31,1233,62,1018,153,94255,62215,2720,29320,DAERAH ISTIMEWA YOGYAKARTA
2021-08-01,1086,49,722,315,95341,62937,2769,29635,DAERAH ISTIMEWA YOGYAKARTA
2021-08-02,1236,36,1201,-1,96577,64138,2805,29634,DAERAH ISTIMEWA YOGYAKARTA
2021-08-03,1167,66,802,299,97744,64940,2871,29933,DAERAH ISTIMEWA YOGYAKARTA
2021-08-04,1506,35,907,564,99250,65847,2906,30497,DAERAH ISTIMEWA YOGYAKARTA
2021-08-05,1199,50,898,251,100449,66745,2956,30748,DAERAH ISTIMEWA YOGYAKARTA
2021-08-06,1280,58,1672,-450,101729,68417,3014,30298,DAERAH ISTIMEWA YOGYAKARTA
2021-08-07,1121,65,1697,-641,102850,70114,3079,29657,DAERAH ISTIMEWA YOGYAKARTA
2021-08-08,985,41,1649,-705,103835,71763,3120,28952,DAERAH ISTIMEWA YOGYAKARTA
2021-08-09,598,49,2556,-2007,104433,74319,3169,26945,DAERAH ISTIMEWA YOGYAKARTA
2021-08-10,1200,52,2120,-972,105633,76439,3221,25973,DAERAH ISTIMEWA YOGYAKARTA
2021-08-11,1200,46,2694,-1540,106833,79133,3267,24433,DAERAH ISTIMEWA YOGYAKARTA
2021-08-12,853,28,2211,-1386,107686,81344,3295,23047,DAERAH ISTIMEWA YOGYAKARTA
2021-08-13,1003,51,2343,-1391,108689,83687,3346,21656,DAERAH ISTIMEWA YOGYAKARTA
2021-08-14,1419,35,1163,221,110108,84850,3381,21877,DAERAH ISTIMEWA YOGYAKARTA
2021-08-15,757,68,1066,-377,110865,85916,3449,21500,DAERAH ISTIMEWA YOGYAKARTA
2021-08-16,566,29,969,-432,111431,86885,3478,21068,DAERAH ISTIMEWA YOGYAKARTA
2021-08-17,900,30,2232,-1362,112331,89117,3508,19706,DAERAH ISTIMEWA YOGYAKARTA
2021-08-18,519,27,1879,-1387,112850,90996,3535,18319,DAERAH ISTIMEWA YOGYAKARTA
2021-08-19,948,50,1718,-820,113798,92714,3585,17499,DAERAH ISTIMEWA YOGYAKARTA
2021-08-20,658,40,1907,-1289,114456,94621,3625,16210,DAERAH ISTIMEWA YOGYAKARTA
2021-08-21,755,24,2041,-1310,115211,96662,3649,14900,DAERAH ISTIMEWA YOGYAKARTA
2021-08-22,626,34,909,-317,115837,97571,3683,14583,DAERAH ISTIMEWA YOGYAKARTA
2021-08-23,412,30,1249,-867,116249,98820,3713,13716,DAERAH ISTIMEWA YOGYAKARTA
2021-08-24,585,32,1398,-845,116834,100218,3745,12871,DAERAH ISTIMEWA YOGYAKARTA
2021-08-25,699,35,979,-315,117533,101197,3780,12556,DAERAH ISTIMEWA YOGYAKARTA
2021-08-26,634,13,1115,-494,118167,102312,3793,12062,DAERAH ISTIMEWA YOGYAKARTA
2021-08-27,541,18,900,-377,118708,103212,3811,11685,DAERAH ISTIMEWA YOGYAKARTA
2021-08-28,435,26,841,-432,119143,104053,3837,11253,DAERAH ISTIMEWA YOGYAKARTA
2021-08-29,325,15,579,-269,119468,104632,3852,10984,DAERAH ISTIMEWA YOGYAKARTA
2021-08-30,183,26,791,-634,119651,105423,3878,10350,DAERAH ISTIMEWA YOGYAKARTA
2021-08-31,425,24,902,-501,120076,106325,3902,9849,DAERAH ISTIMEWA YOGYAKARTA
2021-09-01,377,22,821,-466,120453,107146,3924,9383,DAERAH ISTIMEWA YOGYAKARTA
2021-09-02,312,22,829,-539,120765,107975,3946,8844,DAERAH ISTIMEWA YOGYAKARTA
2021-09-03,292,17,865,-590,121057,108840,3963,8254,DAERAH ISTIMEWA YOGYAKARTA
2021-09-04,211,19,980,-788,121268,109820,3982,7466,DAERAH ISTIMEWA YOGYAKARTA
2021-09-05,197,14,804,-621,121465,110624,3996,6845,DAERAH ISTIMEWA YOGYAKARTA
2021-09-06,157,11,515,-369,121622,111139,4007,6476,DAERAH ISTIMEWA YOGYAKARTA
2021-09-07,200,8,617,-425,121822,111756,4015,6051,DAERAH ISTIMEWA YOGYAKARTA
2021-09-08,177,7,529,-359,121999,112285,4022,5692,DAERAH ISTIMEWA YOGYAKARTA
2021-09-09,147,11,522,-386,122146,112807,4033,5306,DAERAH ISTIMEWA YOGYAKARTA
2021-09-10,166,11,536,-381,122312,113343,4044,4925,DAERAH ISTIMEWA YOGYAKARTA
2021-09-11,152,11,443,-302,122464,113786,4055,4623,DAERAH ISTIMEWA YOGYAKARTA
2021-09-12,112,9,349,-246,122576,114135,4064,4377,DAERAH ISTIMEWA YOGYAKARTA
2021-09-13,65,10,261,-206,122641,114396,4074,4171,DAERAH ISTIMEWA YOGYAKARTA
2021-09-14,118,9,337,-228,122759,114733,4083,3943,DAERAH ISTIMEWA YOGYAKARTA
2021-09-15,127,11,378,-262,122886,115111,4094,3681,DAERAH ISTIMEWA YOGYAKARTA
2021-09-16,89,7,491,-409,122975,115602,4101,3272,DAERAH ISTIMEWA YOGYAKARTA
2021-09-17,106,4,359,-257,123081,115961,4105,3015,DAERAH ISTIMEWA YOGYAKARTA
2021-09-18,106,5,334,-233,123187,116295,4110,2782,DAERAH ISTIMEWA YOGYAKARTA
2021-09-19,81,8,274,-201,123268,116569,4118,2581,DAERAH ISTIMEWA YOGYAKARTA
2021-09-20,62,8,284,-230,123330,116853,4126,2351,DAERAH ISTIMEWA YOGYAKARTA
2021-09-21,77,4,247,-174,123407,117100,4130,2177,DAERAH ISTIMEWA YOGYAKARTA
2021-09-22,89,3,214,-128,123496,117314,4133,2049,DAERAH ISTIMEWA YOGYAKARTA
2021-09-23,78,4,334,-260,123574,117648,4137,1789,DAERAH ISTIMEWA YOGYAKARTA
2021-09-24,69,3,200,-134,123643,117848,4140,1655,DAERAH ISTIMEWA YOGYAKARTA
2021-09-25,73,5,200,-132,123716,118048,4145,1523,DAERAH ISTIMEWA YOGYAKARTA
2021-09-26,48,3,91,-46,123764,118139,4148,1477,DAERAH ISTIMEWA YOGYAKARTA
2021-09-27,52,5,112,-65,123816,118251,4153,1412,DAERAH ISTIMEWA YOGYAKARTA
2021-09-28,52,3,107,-58,123868,118358,4156,1354,DAERAH ISTIMEWA YOGYAKARTA
2021-09-29,61,5,100,-44,123929,118458,4161,1310,DAERAH ISTIMEWA YOGYAKARTA
2021-09-30,52,3,157,-108,123981,118615,4164,1202,DAERAH ISTIMEWA YOGYAKARTA
2021-10-01,52,2,108,-58,124033,118723,4166,1144,DAERAH ISTIMEWA YOGYAKARTA
2021-10-02,38,4,95,-61,124071,118818,4170,1083,DAERAH ISTIMEWA YOGYAKARTA
2021-10-03,51,4,80,-33,124122,118898,4174,1050,DAERAH ISTIMEWA YOGYAKARTA
2021-10-04,34,3,85,-54,124156,118983,4177,996,DAERAH ISTIMEWA YOGYAKARTA
2021-10-05,40,1,87,-48,124196,119070,4178,948,DAERAH ISTIMEWA YOGYAKARTA
2021-10-06,37,3,85,-51,124233,119155,4181,897,DAERAH ISTIMEWA YOGYAKARTA
2021-10-07,30,1,64,-35,124263,119219,4182,862,DAERAH ISTIMEWA YOGYAKARTA
2021-10-08,32,1,62,-31,124295,119281,4183,831,DAERAH ISTIMEWA YOGYAKARTA
2021-10-09,34,2,68,-36,124329,119349,4185,795,DAERAH ISTIMEWA YOGYAKARTA
2021-10-10,33,2,65,-34,124362,119414,4187,761,DAERAH ISTIMEWA YOGYAKARTA
2021-10-11,15,6,61,-52,124377,119475,4193,709,DAERAH ISTIMEWA YOGYAKARTA
2021-10-12,22,2,68,-48,124399,119543,4195,661,DAERAH ISTIMEWA YOGYAKARTA
2021-10-13,35,2,73,-40,124434,119616,4197,621,DAERAH ISTIMEWA YOGYAKARTA
2021-10-14,29,1,68,-40,124463,119684,4198,581,DAERAH ISTIMEWA YOGYAKARTA
2021-10-15,25,2,77,-54,124488,119761,4200,527,DAERAH ISTIMEWA YOGYAKARTA
2021-10-16,26,0,46,-20,124514,119807,4200,507,DAERAH ISTIMEWA YOGYAKARTA
2021-10-17,8,0,43,-35,124522,119850,4200,472,DAERAH ISTIMEWA YOGYAKARTA
2021-10-18,15,0,51,-36,124537,119901,4200,436,DAERAH ISTIMEWA YOGYAKARTA
2021-10-19,17,1,34,-18,124554,119935,4201,418,DAERAH ISTIMEWA YOGYAKARTA
2021-10-20,33,3,42,-12,124587,119977,4204,406,DAERAH ISTIMEWA YOGYAKARTA
2021-10-21,11,0,31,-20,124598,120008,4204,386,DAERAH ISTIMEWA YOGYAKARTA
2021-10-22,19,1,31,-13,124617,120039,4205,373,DAERAH ISTIMEWA YOGYAKARTA
2021-10-23,24,2,49,-27,124641,120088,4207,346,DAERAH ISTIMEWA YOGYAKARTA
2021-10-24,21,1,29,-9,124662,120117,4208,337,DAERAH ISTIMEWA YOGYAKARTA
2021-10-25,11,1,18,-8,124673,120135,4209,329,DAERAH ISTIMEWA YOGYAKARTA
2021-10-26,26,0,33,-7,124699,120168,4209,322,DAERAH ISTIMEWA YOGYAKARTA
2021-10-27,22,0,27,-5,124721,120195,4209,317,DAERAH ISTIMEWA YOGYAKARTA
2021-10-28,21,1,34,-14,124742,120229,4210,303,DAERAH ISTIMEWA YOGYAKARTA
2021-10-29,32,1,15,16,124774,120244,4211,319,DAERAH ISTIMEWA YOGYAKARTA
2021-10-30,23,1,23,-1,124797,120267,4212,318,DAERAH ISTIMEWA YOGYAKARTA
2021-10-31,18,0,20,-2,124815,120287,4212,316,DAERAH ISTIMEWA YOGYAKARTA
2021-11-01,8,1,11,-4,124823,120298,4213,312,DAERAH ISTIMEWA YOGYAKARTA
2021-11-02,18,1,26,-9,124841,120324,4214,303,DAERAH ISTIMEWA YOGYAKARTA
2021-11-03,71,1,23,47,124912,120347,4215,350,DAERAH ISTIMEWA YOGYAKARTA
2021-11-04,40,1,22,17,124952,120369,4216,367,DAERAH ISTIMEWA YOGYAKARTA
2021-11-05,34,0,18,16,124986,120387,4216,383,DAERAH ISTIMEWA YOGYAKARTA
2021-11-06,22,1,20,1,125008,120407,4217,384,DAERAH ISTIMEWA YOGYAKARTA
2021-11-07,22,0,26,-4,125030,120433,4217,380,DAERAH ISTIMEWA YOGYAKARTA
2021-11-08,26,0,19,7,125056,120452,4217,387,DAERAH ISTIMEWA YOGYAKARTA
2021-11-09,11,1,22,-12,125067,120474,4218,375,DAERAH ISTIMEWA YOGYAKARTA
2021-11-10,41,1,18,22,125108,120492,4219,397,DAERAH ISTIMEWA YOGYAKARTA
2021-11-11,29,0,15,14,125137,120507,4219,411,DAERAH ISTIMEWA YOGYAKARTA
2021-11-12,23,1,13,9,125160,120520,4220,420,DAERAH ISTIMEWA YOGYAKARTA
2021-11-13,17,1,26,-10,125177,120546,4221,410,DAERAH ISTIMEWA YOGYAKARTA
2021-11-14,14,1,37,-24,125191,120583,4222,386,DAERAH ISTIMEWA YOGYAKARTA
2021-11-15,9,0,31,-22,125200,120614,4222,364,DAERAH ISTIMEWA YOGYAKARTA
2021-11-16,25,1,30,-6,125225,120644,4223,358,DAERAH ISTIMEWA YOGYAKARTA
2021-11-17,19,2,21,-4,125244,120665,4225,354,DAERAH ISTIMEWA YOGYAKARTA
2021-11-18,28,1,33,-6,125272,120698,4226,348,DAERAH ISTIMEWA YOGYAKARTA
2021-11-19,13,0,21,-8,125285,120719,4226,340,DAERAH ISTIMEWA YOGYAKARTA
2021-11-20,7,0,12,-5,125292,120731,4226,335,DAERAH ISTIMEWA YOGYAKARTA
2021-11-21,8,0,13,-5,125300,120744,4226,330,DAERAH ISTIMEWA YOGYAKARTA
2021-11-22,12,0,11,1,125312,120755,4226,331,DAERAH ISTIMEWA YOGYAKARTA
2021-11-23,13,0,18,-5,125325,120773,4226,326,DAERAH ISTIMEWA YOGYAKARTA
2021-11-24,30,0,26,4,125355,120799,4226,330,DAERAH ISTIMEWA YOGYAKARTA
2021-11-25,63,0,14,49,125418,120813,4226,379,DAERAH ISTIMEWA YOGYAKARTA
2021-11-26,25,0,12,13,125443,120825,4226,392,DAERAH ISTIMEWA YOGYAKARTA
2021-11-27,55,0,25,30,125498,120850,4226,422,DAERAH ISTIMEWA YOGYAKARTA
2021-11-28,15,0,8,7,125513,120858,4226,429,DAERAH ISTIMEWA YOGYAKARTA
2021-11-29,3,0,10,-7,125516,120868,4226,422,DAERAH ISTIMEWA YOGYAKARTA
2021-11-30,15,0,21,-6,125531,120889,4226,416,DAERAH ISTIMEWA YOGYAKARTA
2021-12-01,10,0,18,-8,125541,120907,4226,408,DAERAH ISTIMEWA YOGYAKARTA
2021-12-02,4,0,8,-4,125545,120915,4226,404,DAERAH ISTIMEWA YOGYAKARTA
2021-12-03,20,1,17,2,125565,120932,4227,406,DAERAH ISTIMEWA YOGYAKARTA
2021-12-04,12,0,22,-10,125577,120954,4227,396,DAERAH ISTIMEWA YOGYAKARTA
2021-12-05,25,0,22,3,125602,120976,4227,399,DAERAH ISTIMEWA YOGYAKARTA
2021-12-06,8,0,20,-12,125610,120996,4227,387,DAERAH ISTIMEWA YOGYAKARTA
2021-12-07,7,0,41,-34,125617,121037,4227,353,DAERAH ISTIMEWA YOGYAKARTA
2021-12-08,9,1,26,-18,125626,121063,4228,335,DAERAH ISTIMEWA YOGYAKARTA
2021-12-09,8,0,23,-15,125634,121086,4228,320,DAERAH ISTIMEWA YOGYAKARTA
2021-12-10,14,0,29,-15,125648,121115,4228,305,DAERAH ISTIMEWA YOGYAKARTA
2021-12-11,17,0,21,-4,125665,121136,4228,301,DAERAH ISTIMEWA YOGYAKARTA
2021-12-12,8,0,16,-8,125673,121152,4228,293,DAERAH ISTIMEWA YOGYAKARTA
2021-12-13,4,0,12,-8,125677,121164,4228,285,DAERAH ISTIMEWA YOGYAKARTA
2021-12-14,4,0,18,-14,125681,121182,4228,271,DAERAH ISTIMEWA YOGYAKARTA
2021-12-15,5,0,19,-14,125686,121201,4228,257,DAERAH ISTIMEWA YOGYAKARTA
2021-12-16,5,0,20,-15,125691,121221,4228,242,DAERAH ISTIMEWA YOGYAKARTA
2021-12-17,1,0,9,-8,125692,121230,4228,234,DAERAH ISTIMEWA YOGYAKARTA
2021-12-18,8,0,16,-8,125700,121246,4228,226,DAERAH ISTIMEWA YOGYAKARTA
2021-12-19,1,0,11,-10,125701,121257,4228,216,DAERAH ISTIMEWA YOGYAKARTA
2021-12-20,2,1,10,-9,125703,121267,4229,207,DAERAH ISTIMEWA YOGYAKARTA
2021-12-21,3,0,16,-13,125706,121283,4229,194,DAERAH ISTIMEWA YOGYAKARTA
2021-12-22,2,0,14,-12,125708,121297,4229,182,DAERAH ISTIMEWA YOGYAKARTA
2021-12-23,0,0,12,-12,125708,121309,4229,170,DAERAH ISTIMEWA YOGYAKARTA
2021-12-24,2,0,31,-29,125710,121340,4229,141,DAERAH ISTIMEWA YOGYAKARTA
2021-12-25,4,0,15,-11,125714,121355,4229,130,DAERAH ISTIMEWA YOGYAKARTA
2021-12-26,6,0,10,-4,125720,121365,4229,126,DAERAH ISTIMEWA YOGYAKARTA
2021-12-27,3,0,11,-8,125723,121376,4229,118,DAERAH ISTIMEWA YOGYAKARTA
2021-12-28,3,0,10,-7,125726,121386,4229,111,DAERAH ISTIMEWA YOGYAKARTA
2021-12-29,1,1,9,-9,125727,121395,4230,102,DAERAH ISTIMEWA YOGYAKARTA
2021-12-30,4,0,12,-8,125731,121407,4230,94,DAERAH ISTIMEWA YOGYAKARTA
2021-12-31,4,0,9,-5,125735,121416,4230,89,DAERAH ISTIMEWA YOGYAKARTA
2022-01-01,4,0,6,-2,125739,121422,4230,87,DAERAH ISTIMEWA YOGYAKARTA
2022-01-02,1,0,4,-3,125740,121426,4230,84,DAERAH ISTIMEWA YOGYAKARTA
2022-01-03,1,0,4,-3,125741,121430,4230,81,DAERAH ISTIMEWA YOGYAKARTA
2022-01-04,2,0,3,-1,125743,121433,4230,80,DAERAH ISTIMEWA YOGYAKARTA
2022-01-05,2,0,6,-4,125745,121439,4230,76,DAERAH ISTIMEWA YOGYAKARTA
2022-01-06,1,1,2,-2,125746,121441,4231,74,DAERAH ISTIMEWA YOGYAKARTA
2022-01-07,5,0,2,3,125751,121443,4231,77,DAERAH ISTIMEWA YOGYAKARTA
2022-01-08,1,0,5,-4,125752,121448,4231,73,DAERAH ISTIMEWA YOGYAKARTA
2022-01-09,8,0,2,6,125760,121450,4231,79,DAERAH ISTIMEWA YOGYAKARTA
2022-01-10,2,0,3,-1,125762,121453,4231,78,DAERAH ISTIMEWA YOGYAKARTA
2022-01-11,7,1,2,4,125769,121455,4232,82,DAERAH ISTIMEWA YOGYAKARTA
2022-01-12,7,0,5,2,125776,121460,4232,84,DAERAH ISTIMEWA YOGYAKARTA
2022-01-13,7,1,4,2,125783,121464,4233,86,DAERAH ISTIMEWA YOGYAKARTA
2022-01-14,3,0,3,0,125786,121467,4233,86,DAERAH ISTIMEWA YOGYAKARTA
2022-01-15,4,0,2,2,125790,121469,4233,88,DAERAH ISTIMEWA YOGYAKARTA
2022-01-16,6,0,3,3,125796,121472,4233,91,DAERAH ISTIMEWA YOGYAKARTA
2022-01-17,9,0,1,8,125805,121473,4233,99,DAERAH ISTIMEWA YOGYAKARTA
2022-01-18,3,0,3,0,125808,121476,4233,99,DAERAH ISTIMEWA YOGYAKARTA
2022-01-19,3,0,3,0,125811,121479,4233,99,DAERAH ISTIMEWA YOGYAKARTA
2022-01-20,4,0,6,-2,125815,121485,4233,97,DAERAH ISTIMEWA YOGYAKARTA
2022-01-21,4,0,3,1,125819,121488,4233,98,DAERAH ISTIMEWA YOGYAKARTA
2022-01-22,8,0,4,4,125827,121492,4233,102,DAERAH ISTIMEWA YOGYAKARTA
2022-01-23,6,0,4,2,125833,121496,4233,104,DAERAH ISTIMEWA YOGYAKARTA
2022-01-24,8,0,4,4,125841,121500,4233,108,DAERAH ISTIMEWA YOGYAKARTA
2022-01-25,23,0,5,18,125864,121505,4233,126,DAERAH ISTIMEWA YOGYAKARTA
2022-01-26,18,0,7,11,125882,121512,4233,137,DAERAH ISTIMEWA YOGYAKARTA
2022-01-27,20,0,6,14,125902,121518,4233,151,DAERAH ISTIMEWA YOGYAKARTA
2022-01-28,57,0,4,53,125959,121522,4233,204,DAERAH ISTIMEWA YOGYAKARTA
2022-01-29,45,0,9,36,126004,121531,4233,240,DAERAH ISTIMEWA YOGYAKARTA
2022-01-30,50,0,7,43,126054,121538,4233,283,DAERAH ISTIMEWA YOGYAKARTA
2022-01-31,45,1,2,42,126099,121540,4234,325,DAERAH ISTIMEWA YOGYAKARTA
2022-02-01,94,0,8,86,126193,121548,4234,411,DAERAH ISTIMEWA YOGYAKARTA
2022-02-02,113,1,11,101,126306,121559,4235,512,DAERAH ISTIMEWA YOGYAKARTA
2022-02-03,176,0,4,172,126482,121563,4235,684,DAERAH ISTIMEWA YOGYAKARTA
2022-02-04,213,0,8,205,126695,121571,4235,889,DAERAH ISTIMEWA YOGYAKARTA
2022-02-05,202,0,18,184,126897,121589,4235,1073,DAERAH ISTIMEWA YOGYAKARTA
2022-02-06,229,1,14,214,127126,121603,4236,1287,DAERAH ISTIMEWA YOGYAKARTA
2022-02-07,120,0,21,99,127246,121624,4236,1386,DAERAH ISTIMEWA YOGYAKARTA
2022-02-08,274,1,43,230,127520,121667,4237,1616,DAERAH ISTIMEWA YOGYAKARTA
2022-02-09,423,2,26,395,127943,121693,4239,2011,DAERAH ISTIMEWA YOGYAKARTA
2022-02-10,487,1,51,435,128430,121744,4240,2446,DAERAH ISTIMEWA YOGYAKARTA
2022-02-11,484,1,41,442,128914,121785,4241,2888,DAERAH ISTIMEWA YOGYAKARTA
2022-02-12,851,0,23,828,129765,121808,4241,3716,DAERAH ISTIMEWA YOGYAKARTA
2022-02-13,806,2,116,688,130571,121924,4243,4404,DAERAH ISTIMEWA YOGYAKARTA
2022-02-14,553,2,69,482,131124,121993,4245,4886,DAERAH ISTIMEWA YOGYAKARTA
2022-02-15,1103,2,117,984,132227,122110,4247,5870,DAERAH ISTIMEWA YOGYAKARTA
2022-02-16,1175,4,145,1026,133402,122255,4251,6896,DAERAH ISTIMEWA YOGYAKARTA
2022-02-17,1266,2,108,1156,134668,122363,4253,8052,DAERAH ISTIMEWA YOGYAKARTA
2022-02-18,1303,4,110,1189,135971,122473,4257,9241,DAERAH ISTIMEWA YOGYAKARTA
2022-02-19,1541,3,122,1416,137512,122595,4260,10657,DAERAH ISTIMEWA YOGYAKARTA
2022-02-20,1447,4,336,1107,138959,122931,4264,11764,DAERAH ISTIMEWA YOGYAKARTA
2022-02-21,1021,4,311,706,139980,123242,4268,12470,DAERAH ISTIMEWA YOGYAKARTA
2022-02-22,1896,5,336,1555,141876,123578,4273,14025,DAERAH ISTIMEWA YOGYAKARTA
2022-02-23,2097,5,446,1646,143973,124024,4278,15671,DAERAH ISTIMEWA YOGYAKARTA
2022-02-24,2320,6,633,1681,146293,124657,4284,17352,DAERAH ISTIMEWA YOGYAKARTA
2022-02-25,2236,9,386,1841,148529,125043,4293,19193,DAERAH ISTIMEWA YOGYAKARTA
2022-02-26,2228,6,293,1929,150757,125336,4299,21122,DAERAH ISTIMEWA YOGYAKARTA
2022-02-27,1661,9,672,980,152418,126008,4308,22102,DAERAH ISTIMEWA YOGYAKARTA
2022-02-28,1005,12,486,507,153423,126494,4320,22609,DAERAH ISTIMEWA YOGYAKARTA
2022-03-01,1263,10,634,619,154686,127128,4330,23228,DAERAH ISTIMEWA YOGYAKARTA
2022-03-02,2167,13,413,1741,156853,127541,4343,24969,DAERAH ISTIMEWA YOGYAKARTA
2022-03-03,2040,16,1094,930,158893,128635,4359,25899,DAERAH ISTIMEWA YOGYAKARTA
2022-03-04,1788,19,811,958,160681,129446,4378,26857,DAERAH ISTIMEWA YOGYAKARTA
2022-03-05,1739,14,1191,534,162420,130637,4392,27391,DAERAH ISTIMEWA YOGYAKARTA
2022-03-06,1437,19,1164,254,163857,131801,4411,27645,DAERAH ISTIMEWA YOGYAKARTA
2022-03-07,1057,13,1026,18,164914,132827,4424,27663,DAERAH ISTIMEWA YOGYAKARTA
2022-03-08,1510,13,1076,421,166424,133903,4437,28084,DAERAH ISTIMEWA YOGYAKARTA
2022-03-09,1189,9,835,345,167613,134738,4446,28429,DAERAH ISTIMEWA YOGYAKARTA
2022-03-10,1041,11,1084,-54,168654,135822,4457,28375,DAERAH ISTIMEWA YOGYAKARTA
2022-03-11,678,11,1127,-460,169332,136949,4468,27915,DAERAH ISTIMEWA YOGYAKARTA
2022-03-12,681,10,1076,-405,170013,138025,4478,27510,DAERAH ISTIMEWA YOGYAKARTA
2022-03-13,639,7,1066,-434,170652,139091,4485,27076,DAERAH ISTIMEWA YOGYAKARTA
2022-03-14,441,14,1268,-841,171093,140359,4499,26235,DAERAH ISTIMEWA YOGYAKARTA
2022-03-15,661,15,1345,-699,171754,141704,4514,25536,DAERAH ISTIMEWA YOGYAKARTA
2022-03-16,646,17,1060,-431,172400,142764,4531,25105,DAERAH ISTIMEWA YOGYAKARTA
2022-03-17,471,10,1114,-653,172871,143878,4541,24452,DAERAH ISTIMEWA YOGYAKARTA
2022-03-18,395,10,910,-525,173266,144788,4551,23927,DAERAH ISTIMEWA YOGYAKARTA
2022-03-19,334,15,1167,-848,173600,145955,4566,23079,DAERAH ISTIMEWA YOGYAKARTA
2022-03-20,413,10,994,-591,174013,146949,4576,22488,DAERAH ISTIMEWA YOGYAKARTA
2022-03-21,167,7,1047,-887,174180,147996,4583,21601,DAERAH ISTIMEWA YOGYAKARTA
2022-03-22,254,10,1124,-880,174434,149120,4593,20721,DAERAH ISTIMEWA YOGYAKARTA
2022-03-23,242,7,1267,-1032,174676,150387,4600,19689,DAERAH ISTIMEWA YOGYAKARTA
2022-03-24,237,7,5727,-5497,174913,156114,4607,14192,DAERAH ISTIMEWA YOGYAKARTA
2022-03-25,158,11,2238,-2091,175071,158352,4618,12101,DAERAH ISTIMEWA YOGYAKARTA
2022-03-26,148,8,1016,-876,175219,159368,4626,11225,DAERAH ISTIMEWA YOGYAKARTA
2022-03-27,129,9,3219,-3099,175348,162587,4635,8126,DAERAH ISTIMEWA YOGYAKARTA
2022-03-28,94,8,711,-625,175442,163298,4643,7501,DAERAH ISTIMEWA YOGYAKARTA
2022-03-29,136,9,575,-448,175578,163873,4652,7053,DAERAH ISTIMEWA YOGYAKARTA
2022-03-30,111,4,314,-207,175689,164187,4656,6846,DAERAH ISTIMEWA YOGYAKARTA
2022-03-31,81,9,644,-572,175770,164831,4665,6274,DAERAH ISTIMEWA YOGYAKARTA
2022-04-01,117,4,236,-123,175887,165067,4669,6151,DAERAH ISTIMEWA YOGYAKARTA
2022-04-02,62,4,304,-246,175949,165371,4673,5905,DAERAH ISTIMEWA YOGYAKARTA
2022-04-03,57,5,343,-291,176006,165714,4678,5614,DAERAH ISTIMEWA YOGYAKARTA
2022-04-04,22,4,235,-217,176028,165949,4682,5397,DAERAH ISTIMEWA YOGYAKARTA
2022-04-05,52,3,259,-210,176080,166208,4685,5187,DAERAH ISTIMEWA YOGYAKARTA
2022-04-06,51,2,269,-220,176131,166477,4687,4967,DAERAH ISTIMEWA YOGYAKARTA
2022-04-07,55,3,327,-275,176186,166804,4690,4692,DAERAH ISTIMEWA YOGYAKARTA
2022-04-08,32,3,213,-184,176218,167017,4693,4508,DAERAH ISTIMEWA YOGYAKARTA
2022-04-09,29,3,166,-140,176247,167183,4696,4368,DAERAH ISTIMEWA YOGYAKARTA
2022-04-10,18,3,114,-99,176265,167297,4699,4269,DAERAH ISTIMEWA YOGYAKARTA
2022-04-11,21,0,137,-116,176286,167434,4699,4153,DAERAH ISTIMEWA YOGYAKARTA
2022-04-12,21,1,374,-354,176307,167808,4700,3799,DAERAH ISTIMEWA YOGYAKARTA
2022-04-13,26,1,28,-3,176333,167836,4701,3796,DAERAH ISTIMEWA YOGYAKARTA
2022-04-14,18,2,93,-77,176351,167929,4703,3719,DAERAH ISTIMEWA YOGYAKARTA
2022-04-15,20,1,150,-131,176371,168079,4704,3588,DAERAH ISTIMEWA YOGYAKARTA
2022-04-16,13,1,217,-205,176384,168296,4705,3383,DAERAH ISTIMEWA YOGYAKARTA
2022-04-17,20,1,275,-256,176404,168571,4706,3127,DAERAH ISTIMEWA YOGYAKARTA
2022-04-18,11,2,91,-82,176415,168662,4708,3045,DAERAH ISTIMEWA YOGYAKARTA
2022-04-19,24,3,123,-102,176439,168785,4711,2943,DAERAH ISTIMEWA YOGYAKARTA
2022-04-20,15,3,1889,-1877,176454,170674,4714,1066,DAERAH ISTIMEWA YOGYAKARTA
2022-04-21,10,1,880,-871,176464,171554,4715,195,DAERAH ISTIMEWA YOGYAKARTA
2022-04-22,8,2,5,1,176472,171559,4717,196,DAERAH ISTIMEWA YOGYAKARTA
2022-04-23,12,1,3,8,176484,171562,4718,204,DAERAH ISTIMEWA YOGYAKARTA
2022-04-24,11,1,9,1,176495,171571,4719,205,DAERAH ISTIMEWA YOGYAKARTA
2022-04-25,8,1,6,1,176503,171577,4720,206,DAERAH ISTIMEWA YOGYAKARTA
2022-04-26,9,1,12,-4,176512,171589,4721,202,DAERAH ISTIMEWA YOGYAKARTA
2022-04-27,17,2,4,11,176529,171593,4723,213,DAERAH ISTIMEWA YOGYAKARTA
2022-04-28,20,1,37,-18,176549,171630,4724,195,DAERAH ISTIMEWA YOGYAKARTA
2022-04-29,9,0,15,-6,176558,171645,4724,189,DAERAH ISTIMEWA YOGYAKARTA
2022-04-30,7,3,14,-10,176565,171659,4727,179,DAERAH ISTIMEWA YOGYAKARTA
2022-05-01,6,0,11,-5,176571,171670,4727,174,DAERAH ISTIMEWA YOGYAKARTA
2022-05-02,2,1,8,-7,176573,171678,4728,167,DAERAH ISTIMEWA YOGYAKARTA
2022-05-03,2,1,9,-8,176575,171687,4729,159,DAERAH ISTIMEWA YOGYAKARTA
2022-05-04,3,0,7,-4,176578,171694,4729,155,DAERAH ISTIMEWA YOGYAKARTA
2022-05-05,3,0,3,0,176581,171697,4729,155,DAERAH ISTIMEWA YOGYAKARTA
2022-05-06,2,0,4,-2,176583,171701,4729,153,DAERAH ISTIMEWA YOGYAKARTA
2022-05-07,4,0,14,-10,176587,171715,4729,143,DAERAH ISTIMEWA YOGYAKARTA
2022-05-08,2,0,6,-4,176589,171721,4729,139,DAERAH ISTIMEWA YOGYAKARTA
2022-05-09,2,0,35,-33,176591,171756,4729,106,DAERAH ISTIMEWA YOGYAKARTA
2022-05-10,5,1,10,-6,176596,171766,4730,100,DAERAH ISTIMEWA YOGYAKARTA
2022-05-11,5,0,9,-4,176601,171775,4730,96,DAERAH ISTIMEWA YOGYAKARTA
2022-05-12,2,0,3,-1,176603,171778,4730,95,DAERAH ISTIMEWA YOGYAKARTA
2022-05-13,3,0,1,2,176606,171779,4730,97,DAERAH ISTIMEWA YOGYAKARTA
2022-05-14,6,1,6,-1,176612,171785,4731,96,DAERAH ISTIMEWA YOGYAKARTA
2022-05-15,6,1,6,-1,176618,171791,4732,95,DAERAH ISTIMEWA YOGYAKARTA
2022-05-16,0,0,6,-6,176618,171797,4732,89,DAERAH ISTIMEWA YOGYAKARTA
2022-05-17,5,0,2,3,176623,171799,4732,92,DAERAH ISTIMEWA YOGYAKARTA
2022-05-18,11,1,4,6,176634,171803,4733,98,DAERAH ISTIMEWA YOGYAKARTA
2022-05-19,2,0,13,-11,176636,171816,4733,87,DAERAH ISTIMEWA YOGYAKARTA
2022-05-20,1,0,1,0,176637,171817,4733,87,DAERAH ISTIMEWA YOGYAKARTA
2022-05-21,2,0,5,-3,176639,171822,4733,84,DAERAH ISTIMEWA YOGYAKARTA
2022-05-22,2,0,2,0,176641,171824,4733,84,DAERAH ISTIMEWA YOGYAKARTA
2022-05-23,0,0,1,-1,176641,171825,4733,83,DAERAH ISTIMEWA YOGYAKARTA
2022-05-24,5,1,0,4,176646,171825,4734,87,DAERAH ISTIMEWA YOGYAKARTA
2022-05-25,3,0,0,3,176649,171825,4734,90,DAERAH ISTIMEWA YOGYAKARTA
2022-05-26,3,0,11,-8,176652,171836,4734,82,DAERAH ISTIMEWA YOGYAKARTA
2022-05-27,3,0,1,2,176655,171837,4734,84,DAERAH ISTIMEWA YOGYAKARTA
2022-05-28,22,0,6,16,176677,171843,4734,100,DAERAH ISTIMEWA YOGYAKARTA
2022-05-29,12,0,10,2,176689,171853,4734,102,DAERAH ISTIMEWA YOGYAKARTA
2022-05-30,1,0,2,-1,176690,171855,4734,101,DAERAH ISTIMEWA YOGYAKARTA
2022-05-31,9,0,2,7,176699,171857,4734,108,DAERAH ISTIMEWA YOGYAKARTA
2022-06-01,35,0,0,35,176734,171857,4734,143,DAERAH ISTIMEWA YOGYAKARTA
2022-06-02,3,1,0,2,176737,171857,4735,145,DAERAH ISTIMEWA YOGYAKARTA
2022-06-03,3,0,2,1,176740,171859,4735,146,DAERAH ISTIMEWA YOGYAKARTA
2022-06-04,4,0,4,0,176744,171863,4735,146,DAERAH ISTIMEWA YOGYAKARTA
2022-06-05,4,1,7,-4,176748,171870,4736,142,DAERAH ISTIMEWA YOGYAKARTA
2022-06-06,6,0,2,4,176754,171872,4736,146,DAERAH ISTIMEWA YOGYAKARTA
2022-06-07,5,0,2,3,176759,171874,4736,149,DAERAH ISTIMEWA YOGYAKARTA
2022-06-08,5,0,10,-5,176764,171884,4736,144,DAERAH ISTIMEWA YOGYAKARTA
2022-06-09,3,0,20,-17,176767,171904,4736,127,DAERAH ISTIMEWA YOGYAKARTA
2022-06-10,3,0,13,-10,176770,171917,4736,117,DAERAH ISTIMEWA YOGYAKARTA
2022-06-11,4,0,1,3,176774,171918,4736,120,DAERAH ISTIMEWA YOGYAKARTA
2022-06-12,3,0,13,-10,176777,171931,4736,110,DAERAH ISTIMEWA YOGYAKARTA
2022-06-13,4,0,0,4,176781,171931,4736,114,DAERAH ISTIMEWA YOGYAKARTA
2022-06-14,0,0,0,0,176781,171931,4736,114,DAERAH ISTIMEWA YOGYAKARTA
2022-06-15,4,1,15,-12,176785,171946,4737,102,DAERAH ISTIMEWA YOGYAKARTA
2022-06-16,5,0,0,5,176790,171946,4737,107,DAERAH ISTIMEWA YOGYAKARTA
2022-06-17,7,0,2,5,176797,171948,4737,112,DAERAH ISTIMEWA YOGYAKARTA
2022-06-18,7,0,0,7,176804,171948,4737,119,DAERAH ISTIMEWA YOGYAKARTA
2022-06-19,5,0,0,5,176809,171948,4737,124,DAERAH ISTIMEWA YOGYAKARTA
2022-06-20,1,0,16,-15,176810,171964,4737,109,DAERAH ISTIMEWA YOGYAKARTA
2022-06-21,7,0,2,5,176817,171966,4737,114,DAERAH ISTIMEWA YOGYAKARTA
2022-06-22,9,0,0,9,176826,171966,4737,123,DAERAH ISTIMEWA YOGYAKARTA
2022-06-23,7,0,1,6,176833,171967,4737,129,DAERAH ISTIMEWA YOGYAKARTA
2022-06-24,12,0,1,11,176845,171968,4737,140,DAERAH ISTIMEWA YOGYAKARTA
2022-06-25,9,0,11,-2,176854,171979,4737,138,DAERAH ISTIMEWA YOGYAKARTA
2022-06-26,4,1,12,-9,176858,171991,4738,129,DAERAH ISTIMEWA YOGYAKARTA
2022-06-27,8,0,0,8,176866,171991,4738,137,DAERAH ISTIMEWA YOGYAKARTA
2022-06-28,17,0,7,10,176883,171998,4738,147,DAERAH ISTIMEWA YOGYAKARTA
2022-06-29,7,0,0,7,176890,171998,4738,154,DAERAH ISTIMEWA YOGYAKARTA
2022-06-30,7,0,28,-21,176897,172026,4738,133,DAERAH ISTIMEWA YOGYAKARTA
2022-07-01,10,0,2,8,176907,172028,4738,141,DAERAH ISTIMEWA YOGYAKARTA
2022-07-02,13,0,1,12,176920,172029,4738,153,DAERAH ISTIMEWA YOGYAKARTA
2022-07-03,5,0,5,0,176925,172034,4738,153,DAERAH ISTIMEWA YOGYAKARTA
2022-07-04,9,0,0,9,176934,172034,4738,162,DAERAH ISTIMEWA YOGYAKARTA
2022-07-05,18,0,7,11,176952,172041,4738,173,DAERAH ISTIMEWA YOGYAKARTA
2022-07-06,21,0,7,14,176973,172048,4738,187,DAERAH ISTIMEWA YOGYAKARTA
2022-07-07,11,0,1,10,176984,172049,4738,197,DAERAH ISTIMEWA YOGYAKARTA
2022-07-08,20,0,5,15,177004,172054,4738,212,DAERAH ISTIMEWA YOGYAKARTA
2022-07-09,22,0,6,16,177026,172060,4738,228,DAERAH ISTIMEWA YOGYAKARTA
2022-07-10,6,0,2,4,177032,172062,4738,232,DAERAH ISTIMEWA YOGYAKARTA
2022-07-11,26,0,0,26,177058,172062,4738,258,DAERAH ISTIMEWA YOGYAKARTA
2022-07-12,27,0,6,21,177085,172068,4738,279,DAERAH ISTIMEWA YOGYAKARTA
2022-07-13,21,0,6,15,177106,172074,4738,294,DAERAH ISTIMEWA YOGYAKARTA
2022-07-14,43,0,2,41,177149,172076,4738,335,DAERAH ISTIMEWA YOGYAKARTA
2022-07-15,27,0,4,23,177176,172080,4738,358,DAERAH ISTIMEWA YOGYAKARTA
2022-07-16,24,0,4,20,177200,172084,4738,378,DAERAH ISTIMEWA YOGYAKARTA
2022-07-17,26,2,28,-4,177226,172112,4740,374,DAERAH ISTIMEWA YOGYAKARTA
2022-07-18,34,0,3,31,177260,172115,4740,405,DAERAH ISTIMEWA YOGYAKARTA
2022-07-19,63,0,2,61,177323,172117,4740,466,DAERAH ISTIMEWA YOGYAKARTA
2022-07-20,46,0,4,42,177369,172121,4740,508,DAERAH ISTIMEWA YOGYAKARTA
2022-07-21,46,0,0,46,177415,172121,4740,554,DAERAH ISTIMEWA YOGYAKARTA
2022-07-22,47,0,11,36,177462,172132,4740,590,DAERAH ISTIMEWA YOGYAKARTA
2022-07-23,35,0,7,28,177497,172139,4740,618,DAERAH ISTIMEWA YOGYAKARTA
2022-07-24,48,0,10,38,177545,172149,4740,656,DAERAH ISTIMEWA YOGYAKARTA
2022-07-25,38,0,9,29,177583,172158,4740,685,DAERAH ISTIMEWA YOGYAKARTA
2022-07-26,69,1,6,62,177652,172164,4741,747,DAERAH ISTIMEWA YOGYAKARTA
2022-07-27,95,1,5,89,177747,172169,4742,836,DAERAH ISTIMEWA YOGYAKARTA
2022-07-28,60,0,1,59,177807,172170,4742,895,DAERAH ISTIMEWA YOGYAKARTA
2022-07-29,68,0,20,48,177875,172190,4742,943,DAERAH ISTIMEWA YOGYAKARTA
2022-07-30,68,0,7,61,177943,172197,4742,1004,DAERAH ISTIMEWA YOGYAKARTA
2022-07-31,40,0,16,24,177983,172213,4742,1028,DAERAH ISTIMEWA YOGYAKARTA
2022-08-01,53,0,14,39,178036,172227,4742,1067,DAERAH ISTIMEWA YOGYAKARTA
2022-08-02,58,0,5,53,178094,172232,4742,1120,DAERAH ISTIMEWA YOGYAKARTA
2022-08-03,57,0,14,43,178151,172246,4742,1163,DAERAH ISTIMEWA YOGYAKARTA
2022-08-04,46,1,147,-102,178197,172393,4743,1061,DAERAH ISTIMEWA YOGYAKARTA
2022-08-05,41,0,161,-120,178238,172554,4743,941,DAERAH ISTIMEWA YOGYAKARTA
2022-08-06,34,0,127,-93,178272,172681,4743,848,DAERAH ISTIMEWA YOGYAKARTA
2022-08-07,43,0,108,-65,178315,172789,4743,783,DAERAH ISTIMEWA YOGYAKARTA
2022-08-08,33,0,61,-28,178348,172850,4743,755,DAERAH ISTIMEWA YOGYAKARTA
2022-08-09,54,1,107,-54,178402,172957,4744,701,DAERAH ISTIMEWA YOGYAKARTA
2022-08-10,54,0,100,-46,178456,173057,4744,655,DAERAH ISTIMEWA YOGYAKARTA
2022-08-11,59,0,73,-14,178515,173130,4744,641,DAERAH ISTIMEWA YOGYAKARTA
2022-08-12,65,1,62,2,178580,173192,4745,643,DAERAH ISTIMEWA YOGYAKARTA
2022-08-13,49,0,58,-9,178629,173250,4745,634,DAERAH ISTIMEWA YOGYAKARTA
2022-08-14,31,0,22,9,178660,173272,4745,643,DAERAH ISTIMEWA YOGYAKARTA
2022-08-15,25,1,36,-12,178685,173308,4746,631,DAERAH ISTIMEWA YOGYAKARTA
2022-08-16,27,0,49,-22,178712,173357,4746,609,DAERAH ISTIMEWA YOGYAKARTA
2022-08-17,50,0,18,32,178762,173375,4746,641,DAERAH ISTIMEWA YOGYAKARTA
2022-08-18,22,0,61,-39,178784,173436,4746,602,DAERAH ISTIMEWA YOGYAKARTA
2022-08-19,38,2,37,-1,178822,173473,4748,601,DAERAH ISTIMEWA YOGYAKARTA
2022-08-20,32,0,13,19,178854,173486,4748,620,DAERAH ISTIMEWA YOGYAKARTA
2022-08-21,38,0,13,25,178892,173499,4748,645,DAERAH ISTIMEWA YOGYAKARTA
2022-08-22,23,0,20,3,178915,173519,4748,648,DAERAH ISTIMEWA YOGYAKARTA
2022-08-23,35,0,43,-8,178950,173562,4748,640,DAERAH ISTIMEWA YOGYAKARTA
2022-08-24,42,0,43,-1,178992,173605,4748,639,DAERAH ISTIMEWA YOGYAKARTA
2022-08-25,42,0,61,-19,179034,173666,4748,620,DAERAH ISTIMEWA YOGYAKARTA
2022-08-26,35,0,83,-48,179069,173749,4748,572,DAERAH ISTIMEWA YOGYAKARTA
2022-08-27,38,0,51,-13,179107,173800,4748,559,DAERAH ISTIMEWA YOGYAKARTA
2022-08-28,23,0,25,-2,179130,173825,4748,557,DAERAH ISTIMEWA YOGYAKARTA
2022-08-29,30,2,63,-35,179160,173888,4750,522,DAERAH ISTIMEWA YOGYAKARTA
2022-08-30,41,0,4,37,179201,173892,4750,559,DAERAH ISTIMEWA YOGYAKARTA
2022-08-31,27,0,28,-1,179228,173920,4750,558,DAERAH ISTIMEWA YOGYAKARTA
2022-09-01,35,0,8,27,179263,173928,4750,585,DAERAH ISTIMEWA YOGYAKARTA
2022-09-02,30,0,36,-6,179293,173964,4750,579,DAERAH ISTIMEWA YOGYAKARTA
2022-09-03,34,0,18,16,179327,173982,4750,595,DAERAH ISTIMEWA YOGYAKARTA
2022-09-04,21,0,9,12,179348,173991,4750,607,DAERAH ISTIMEWA YOGYAKARTA
2022-09-05,24,0,59,-35,179372,174050,4750,572,DAERAH ISTIMEWA YOGYAKARTA
2022-09-06,25,0,15,10,179397,174065,4750,582,DAERAH ISTIMEWA YOGYAKARTA
2022-09-07,26,0,3,23,179423,174068,4750,605,DAERAH ISTIMEWA YOGYAKARTA
2022-09-08,25,2,63,-40,179448,174131,4752,565,DAERAH ISTIMEWA YOGYAKARTA
2022-09-09,25,2,25,-2,179473,174156,4754,563,DAERAH ISTIMEWA YOGYAKARTA
2022-09-10,26,0,12,14,179499,174168,4754,577,DAERAH ISTIMEWA YOGYAKARTA
2022-09-11,13,0,72,-59,179512,174240,4754,518,DAERAH ISTIMEWA YOGYAKARTA
2022-09-12,16,1,30,-15,179528,174270,4755,503,DAERAH ISTIMEWA YOGYAKARTA
2022-09-13,24,0,54,-30,179552,174324,4755,473,DAERAH ISTIMEWA YOGYAKARTA
2022-09-14,28,0,19,9,179580,174343,4755,482,DAERAH ISTIMEWA YOGYAKARTA
2022-09-15,19,0,10,9,179599,174353,4755,491,DAERAH ISTIMEWA YOGYAKARTA
2022-09-16,22,0,18,4,179621,174371,4755,495,DAERAH ISTIMEWA YOGYAKARTA
2022-09-17,21,0,3,18,179642,174374,4755,513,DAERAH ISTIMEWA YOGYAKARTA
2022-09-18,23,0,101,-78,179665,174475,4755,435,DAERAH ISTIMEWA YOGYAKARTA
2022-09-19,17,0,11,6,179682,174486,4755,441,DAERAH ISTIMEWA YOGYAKARTA
2022-09-20,28,1,46,-19,179710,174532,4756,422,DAERAH ISTIMEWA YOGYAKARTA
2022-09-21,20,0,4,16,179730,174536,4756,438,DAERAH ISTIMEWA YOGYAKARTA
2022-09-22,21,0,5,16,179751,174541,4756,454,DAERAH ISTIMEWA YOGYAKARTA
2022-09-23,25,0,2,23,179776,174543,4756,477,DAERAH ISTIMEWA YOGYAKARTA
2022-09-24,22,1,9,12,179798,174552,4757,489,DAERAH ISTIMEWA YOGYAKARTA
2022-09-25,16,1,2,13,179814,174554,4758,502,DAERAH ISTIMEWA YOGYAKARTA
2022-09-26,16,0,47,-31,179830,174601,4758,471,DAERAH ISTIMEWA YOGYAKARTA
2022-09-27,9,0,1,8,179839,174602,4758,479,DAERAH ISTIMEWA YOGYAKARTA
2022-09-28,28,0,0,28,179867,174602,4758,507,DAERAH ISTIMEWA YOGYAKARTA
2022-09-29,5,0,4,1,179872,174606,4758,508,DAERAH ISTIMEWA YOGYAKARTA
2022-09-30,22,0,0,22,179894,174606,4758,530,DAERAH ISTIMEWA YOGYAKARTA
2020-03-22,1,0,0,1,1,0,0,1,PAPUA
2020-03-23,0,0,0,0,1,0,0,1,PAPUA
2020-03-24,0,0,0,0,1,0,0,1,PAPUA
2020-03-25,0,0,0,0,1,0,0,1,PAPUA
2020-03-26,4,0,0,4,5,0,0,5,PAPUA
2020-03-27,0,0,0,0,5,0,0,5,PAPUA
2020-03-28,0,0,0,0,5,0,0,5,PAPUA
2020-03-29,2,0,0,2,7,0,0,7,PAPUA
2020-03-30,0,0,0,0,7,0,0,7,PAPUA
2020-03-31,1,0,0,1,8,0,0,8,PAPUA
2020-04-01,0,0,1,-1,8,1,0,7,PAPUA
2020-04-02,0,0,1,-1,8,2,0,6,PAPUA
2020-04-03,5,1,0,4,13,2,1,10,PAPUA
2020-04-04,2,0,1,1,15,3,1,11,PAPUA
2020-04-05,7,0,0,7,22,3,1,18,PAPUA
2020-04-06,0,1,0,-1,22,3,2,17,PAPUA
2020-04-07,0,1,0,-1,22,3,3,16,PAPUA
2020-04-08,9,0,0,9,31,3,3,25,PAPUA
2020-04-09,0,0,0,0,31,3,3,25,PAPUA
2020-04-10,0,0,1,-1,31,4,3,24,PAPUA
2020-04-11,19,0,2,17,50,6,3,41,PAPUA
2020-04-12,1,0,2,-1,51,8,3,40,PAPUA
2020-04-13,6,0,0,6,57,8,3,46,PAPUA
2020-04-14,0,0,0,0,57,8,3,46,PAPUA
2020-04-15,6,0,0,6,63,8,3,52,PAPUA
2020-04-16,6,2,4,0,69,12,5,52,PAPUA
2020-04-17,8,0,0,8,77,12,5,60,PAPUA
2020-04-18,4,0,0,4,81,12,5,64,PAPUA
2020-04-19,11,0,0,11,92,12,5,75,PAPUA
2020-04-20,0,0,12,-12,92,24,5,63,PAPUA
2020-04-21,10,0,4,6,102,28,5,69,PAPUA
2020-04-22,5,0,0,5,107,28,5,74,PAPUA
2020-04-23,6,0,0,6,113,28,5,80,PAPUA
2020-04-24,4,0,0,4,117,28,5,84,PAPUA
2020-04-25,0,0,0,0,117,28,5,84,PAPUA
2020-04-26,4,0,0,4,121,28,5,88,PAPUA
2020-04-27,9,0,0,9,130,28,5,97,PAPUA
2020-04-28,19,0,14,5,149,42,5,102,PAPUA
2020-04-29,10,0,0,10,159,42,5,112,PAPUA
2020-04-30,14,0,0,14,173,42,5,126,PAPUA
2020-05-01,4,0,1,3,177,43,5,129,PAPUA
2020-05-02,22,0,0,22,199,43,5,151,PAPUA
2020-05-03,0,0,0,0,199,43,5,151,PAPUA
2020-05-04,0,0,0,0,199,43,5,151,PAPUA
2020-05-05,6,0,0,6,205,43,5,157,PAPUA
2020-05-06,0,0,0,0,205,43,5,157,PAPUA
2020-05-07,3,0,0,3,208,43,5,160,PAPUA
2020-05-08,8,0,0,8,216,43,5,168,PAPUA
2020-05-09,9,0,0,9,225,43,5,177,PAPUA
2020-05-10,26,0,0,26,251,43,5,203,PAPUA
2020-05-11,0,0,0,0,251,43,5,203,PAPUA
2020-05-12,12,0,0,12,263,43,5,215,PAPUA
2020-05-13,3,0,0,3,266,43,5,218,PAPUA
2020-05-14,3,0,0,3,269,43,5,221,PAPUA
2020-05-15,2,0,0,2,271,43,5,223,PAPUA
2020-05-16,10,0,0,10,281,43,5,233,PAPUA
2020-05-17,25,0,0,25,306,43,5,258,PAPUA
2020-05-18,0,0,0,0,306,43,5,258,PAPUA
2020-05-19,5,0,0,5,311,43,5,263,PAPUA
2020-05-20,17,0,0,17,328,43,5,280,PAPUA
2020-05-21,1,0,0,1,329,43,5,281,PAPUA
2020-05-22,21,0,0,21,350,43,5,302,PAPUA
2020-05-23,43,0,0,43,393,43,5,345,PAPUA
2020-05-24,44,0,0,44,437,43,5,389,PAPUA
2020-05-25,7,0,17,-10,444,60,5,379,PAPUA
2020-05-26,0,0,0,0,444,60,5,379,PAPUA
2020-05-27,12,0,0,12,456,60,5,391,PAPUA
2020-05-28,3,0,0,3,459,60,5,394,PAPUA
2020-05-29,45,0,0,45,504,60,5,439,PAPUA
2020-05-30,13,0,0,13,517,60,5,452,PAPUA
2020-05-31,14,0,0,14,531,60,5,466,PAPUA
2020-06-01,35,0,0,35,566,60,5,501,PAPUA
2020-06-02,81,1,9,71,647,69,6,572,PAPUA
2020-06-03,37,0,0,37,684,69,6,609,PAPUA
2020-06-04,15,0,0,15,699,69,6,624,PAPUA
2020-06-05,31,0,0,31,730,69,6,655,PAPUA
2020-06-06,68,0,0,68,798,69,6,723,PAPUA
2020-06-07,44,0,0,44,842,69,6,767,PAPUA
2020-06-08,15,0,0,15,857,69,6,782,PAPUA
2020-06-09,12,0,0,12,869,69,6,794,PAPUA
2020-06-10,22,0,0,22,891,69,6,816,PAPUA
2020-06-11,17,0,0,17,908,69,6,833,PAPUA
2020-06-12,27,0,0,27,935,69,6,860,PAPUA
2020-06-13,33,0,0,33,968,69,6,893,PAPUA
2020-06-14,9,0,41,-32,977,110,6,861,PAPUA
2020-06-15,0,0,48,-48,977,158,6,813,PAPUA
2020-06-16,27,0,85,-58,1004,243,6,755,PAPUA
2020-06-17,22,0,3,19,1026,246,6,774,PAPUA
2020-06-18,34,0,0,34,1060,246,6,808,PAPUA
2020-06-19,11,0,0,11,1071,246,6,819,PAPUA
2020-06-20,9,0,0,9,1080,246,6,828,PAPUA
2020-06-21,42,0,0,42,1122,246,6,870,PAPUA
2020-06-22,8,0,0,8,1130,246,6,878,PAPUA
2020-06-23,40,0,0,40,1170,246,6,918,PAPUA
2020-06-24,44,0,0,44,1214,246,6,962,PAPUA
2020-06-25,46,0,0,46,1260,246,6,1008,PAPUA
2020-06-26,10,0,0,10,1270,246,6,1018,PAPUA
2020-06-27,29,0,0,29,1299,246,6,1047,PAPUA
2020-06-28,20,0,266,-246,1319,512,6,801,PAPUA
2020-06-29,2,0,86,-84,1321,598,6,717,PAPUA
2020-06-30,45,7,89,-51,1366,687,13,666,PAPUA
2020-07-01,74,0,13,61,1440,700,13,727,PAPUA
2020-07-02,58,1,0,57,1498,700,14,784,PAPUA
2020-07-03,19,0,8,11,1517,708,14,795,PAPUA
2020-07-04,29,0,0,29,1546,708,14,824,PAPUA
2020-07-05,28,0,0,28,1574,708,14,852,PAPUA
2020-07-06,5,2,37,-34,1579,745,16,818,PAPUA
2020-07-07,24,1,30,-7,1603,775,17,811,PAPUA
2020-07-08,17,1,20,-4,1620,795,18,807,PAPUA
2020-07-09,22,0,46,-24,1642,841,18,783,PAPUA
2020-07-10,63,0,11,52,1705,852,18,835,PAPUA
2020-07-11,19,0,16,3,1724,868,18,838,PAPUA
2020-07-12,53,2,7,44,1777,875,20,882,PAPUA
2020-07-13,83,0,6,77,1860,881,20,959,PAPUA
2020-07-14,0,0,2,-2,1860,883,20,957,PAPUA
2020-07-15,56,3,47,6,1916,930,23,963,PAPUA
2020-07-16,46,1,5,40,1962,935,24,1003,PAPUA
2020-07-17,19,0,28,-9,1981,963,24,994,PAPUA
2020-07-18,45,0,10,35,2026,973,24,1029,PAPUA
2020-07-19,38,0,8,30,2064,981,24,1059,PAPUA
2020-07-20,36,0,9,27,2100,990,24,1086,PAPUA
2020-07-21,7,2,6,-1,2107,996,26,1085,PAPUA
2020-07-22,27,0,11,16,2134,1007,26,1101,PAPUA
2020-07-23,38,0,3,35,2172,1010,26,1136,PAPUA
2020-07-24,47,0,2,45,2219,1012,26,1181,PAPUA
2020-07-25,30,1,44,-15,2249,1056,27,1166,PAPUA
2020-07-26,45,0,6,39,2294,1062,27,1205,PAPUA
2020-07-27,47,0,12,35,2341,1074,27,1240,PAPUA
2020-07-28,17,0,8,9,2358,1082,27,1249,PAPUA
2020-07-29,23,0,14,9,2381,1096,27,1258,PAPUA
2020-07-30,28,0,10,18,2409,1106,27,1276,PAPUA
2020-07-31,33,0,0,33,2442,1106,27,1309,PAPUA
2020-08-01,23,0,0,23,2465,1106,27,1332,PAPUA
2020-08-02,23,0,18,5,2488,1124,27,1337,PAPUA
2020-08-03,0,0,0,0,2488,1124,27,1337,PAPUA
2020-08-04,37,0,37,0,2525,1161,27,1337,PAPUA
2020-08-05,9,0,19,-10,2534,1180,27,1327,PAPUA
2020-08-06,15,1,46,-32,2549,1226,28,1295,PAPUA
2020-08-07,19,0,172,-153,2568,1398,28,1142,PAPUA
2020-08-08,0,1,0,-1,2568,1398,29,1141,PAPUA
2020-08-09,38,0,87,-49,2606,1485,29,1092,PAPUA
2020-08-10,15,0,23,-8,2621,1508,29,1084,PAPUA
2020-08-11,1,0,41,-40,2622,1549,29,1044,PAPUA
2020-08-12,22,0,10,12,2644,1559,29,1056,PAPUA
2020-08-13,26,0,8,18,2670,1567,29,1074,PAPUA
2020-08-14,8,0,3,5,2678,1570,29,1079,PAPUA
2020-08-15,0,0,27,-27,2678,1597,29,1052,PAPUA
2020-08-16,64,0,18,46,2742,1615,29,1098,PAPUA
2020-08-17,10,0,4,6,2752,1619,29,1104,PAPUA
2020-08-18,0,0,0,0,2752,1619,29,1104,PAPUA
2020-08-19,15,1,5,9,2767,1624,30,1113,PAPUA
2020-08-20,52,4,54,-6,2819,1678,34,1107,PAPUA
2020-08-21,11,0,118,-107,2830,1796,34,1000,PAPUA
2020-08-22,27,0,27,0,2857,1823,34,1000,PAPUA
2020-08-23,0,0,0,0,2857,1823,34,1000,PAPUA
2020-08-24,65,0,326,-261,2922,2149,34,739,PAPUA
2020-08-25,0,0,0,0,2922,2149,34,739,PAPUA
2020-08-26,26,0,277,-251,2948,2426,34,488,PAPUA
2020-08-27,17,0,12,5,2965,2438,34,493,PAPUA
2020-08-28,22,0,36,-14,2987,2474,34,479,PAPUA
2020-08-29,29,0,16,13,3016,2490,34,492,PAPUA
2020-08-30,19,1,2,16,3035,2492,35,508,PAPUA
2020-08-31,0,0,0,0,3035,2492,35,508,PAPUA
2020-09-01,50,1,22,27,3085,2514,36,535,PAPUA
2020-09-02,8,0,17,-9,3093,2531,36,526,PAPUA
2020-09-03,22,1,0,21,3115,2531,37,547,PAPUA
2020-09-04,63,0,9,54,3178,2540,37,601,PAPUA
2020-09-05,86,2,56,28,3264,2596,39,629,PAPUA
2020-09-06,0,0,0,0,3264,2596,39,629,PAPUA
2020-09-07,60,1,30,29,3324,2626,40,658,PAPUA
2020-09-08,12,0,20,-8,3336,2646,40,650,PAPUA
2020-09-09,0,0,0,0,3336,2646,40,650,PAPUA
2020-09-10,86,1,19,66,3422,2665,41,716,PAPUA
2020-09-11,39,2,19,18,3461,2684,43,734,PAPUA
2020-09-12,50,0,24,26,3511,2708,43,760,PAPUA
2020-09-13,69,2,17,50,3580,2725,45,810,PAPUA
2020-09-14,70,0,0,70,3650,2725,45,880,PAPUA
2020-09-15,52,2,15,35,3702,2740,47,915,PAPUA
2020-09-16,92,2,8,82,3794,2748,49,997,PAPUA
2020-09-17,59,2,13,44,3853,2761,51,1041,PAPUA
2020-09-18,46,4,54,-12,3899,2815,55,1029,PAPUA
2020-09-19,164,2,35,127,4063,2850,57,1156,PAPUA
2020-09-20,42,0,0,42,4105,2850,57,1198,PAPUA
2020-09-21,25,0,0,25,4130,2850,57,1223,PAPUA
2020-09-22,56,2,11,43,4186,2861,59,1266,PAPUA
2020-09-23,115,3,42,70,4301,2903,62,1336,PAPUA
2020-09-24,211,2,51,158,4512,2954,64,1494,PAPUA
2020-09-25,82,0,0,82,4594,2954,64,1576,PAPUA
2020-09-26,65,0,47,18,4659,3001,64,1594,PAPUA
2020-09-27,82,1,0,81,4741,3001,65,1675,PAPUA
2020-09-28,36,0,0,36,4777,3001,65,1711,PAPUA
2020-09-29,0,0,0,0,4777,3001,65,1711,PAPUA
2020-09-30,251,6,74,171,5028,3075,71,1882,PAPUA
2020-10-01,49,4,26,19,5077,3101,75,1901,PAPUA
2020-10-02,97,2,41,54,5174,3142,77,1955,PAPUA
2020-10-03,143,5,37,101,5317,3179,82,2056,PAPUA
2020-10-04,70,2,29,39,5387,3208,84,2095,PAPUA
2020-10-05,78,0,0,78,5465,3208,84,2173,PAPUA
2020-10-06,153,2,36,115,5618,3244,86,2288,PAPUA
2020-10-07,111,0,42,69,5729,3286,86,2357,PAPUA
2020-10-08,78,1,39,38,5807,3325,87,2395,PAPUA
2020-10-09,86,0,0,86,5893,3325,87,2481,PAPUA
2020-10-10,35,3,43,-11,5928,3368,90,2470,PAPUA
2020-10-11,117,0,0,117,6045,3368,90,2587,PAPUA
2020-10-12,0,0,0,0,6045,3368,90,2587,PAPUA
2020-10-13,120,1,97,22,6165,3465,91,2609,PAPUA
2020-10-14,179,1,35,143,6344,3500,92,2752,PAPUA
2020-10-15,84,1,50,33,6428,3550,93,2785,PAPUA
2020-10-16,0,0,0,0,6428,3550,93,2785,PAPUA
2020-10-17,56,2,11,43,6484,3561,95,2828,PAPUA
2020-10-18,57,0,0,57,6541,3561,95,2885,PAPUA
2020-10-19,0,0,0,0,6541,3561,95,2885,PAPUA
2020-10-20,99,1,83,15,6640,3644,96,2900,PAPUA
2020-10-21,0,0,0,0,6640,3644,96,2900,PAPUA
2020-10-22,81,0,0,81,6721,3644,96,2981,PAPUA
2020-10-23,40,1,0,39,6761,3644,97,3020,PAPUA
2020-10-24,45,0,0,45,6806,3644,97,3065,PAPUA
2020-10-25,37,0,0,37,6843,3644,97,3102,PAPUA
2020-10-26,141,3,49,89,6984,3693,100,3191,PAPUA
2020-10-27,0,0,0,0,6984,3693,100,3191,PAPUA
2020-10-28,102,5,30,67,7086,3723,105,3258,PAPUA
2020-10-29,15,0,0,15,7101,3723,105,3273,PAPUA
2020-10-30,47,0,0,47,7148,3723,105,3320,PAPUA
2020-10-31,39,0,0,39,7187,3723,105,3359,PAPUA
2020-11-01,0,0,0,0,7187,3723,105,3359,PAPUA
2020-11-02,0,0,0,0,7187,3723,105,3359,PAPUA
2020-11-03,33,0,17,16,7220,3740,105,3375,PAPUA
2020-11-04,0,0,0,0,7220,3740,105,3375,PAPUA
2020-11-05,150,2,134,14,7370,3874,107,3389,PAPUA
2020-11-06,0,1,0,-1,7370,3874,108,3388,PAPUA
2020-11-07,0,0,0,0,7370,3874,108,3388,PAPUA
2020-11-08,28,2,38,-12,7398,3912,110,3376,PAPUA
2020-11-09,0,0,0,0,7398,3912,110,3376,PAPUA
2020-11-10,0,0,0,0,7398,3912,110,3376,PAPUA
2020-11-11,0,0,0,0,7398,3912,110,3376,PAPUA
2020-11-12,82,1,30,51,7480,3942,111,3427,PAPUA
2020-11-13,125,0,0,125,7605,3942,111,3552,PAPUA
2020-11-14,145,1,23,121,7750,3965,112,3673,PAPUA
2020-11-15,0,0,0,0,7750,3965,112,3673,PAPUA
2020-11-16,16,0,62,-46,7766,4027,112,3627,PAPUA
2020-11-17,4,0,0,4,7770,4027,112,3631,PAPUA
2020-11-18,4,0,0,4,7774,4027,112,3635,PAPUA
2020-11-19,0,0,0,0,7774,4027,112,3635,PAPUA
2020-11-20,0,0,0,0,7774,4027,112,3635,PAPUA
2020-11-21,0,0,0,0,7774,4027,112,3635,PAPUA
2020-11-22,0,0,0,0,7774,4027,112,3635,PAPUA
2020-11-23,0,0,0,0,7774,4027,112,3635,PAPUA
2020-11-24,81,0,0,81,7855,4027,112,3716,PAPUA
2020-11-25,34,0,0,34,7889,4027,112,3750,PAPUA
2020-11-26,29,0,0,29,7918,4027,112,3779,PAPUA
2020-11-27,31,0,0,31,7949,4027,112,3810,PAPUA
2020-11-28,24,0,75,-51,7973,4102,112,3759,PAPUA
2020-11-29,7,0,78,-71,7980,4180,112,3688,PAPUA
2020-11-30,5,1,81,-77,7985,4261,113,3611,PAPUA
2020-12-01,59,3,0,56,8044,4261,116,3667,PAPUA
2020-12-02,23,0,17,6,8067,4278,116,3673,PAPUA
2020-12-03,1378,1,86,1291,9445,4364,117,4964,PAPUA
2020-12-04,105,0,183,-78,9550,4547,117,4886,PAPUA
2020-12-05,46,0,0,46,9596,4547,117,4932,PAPUA
2020-12-06,14,0,0,14,9610,4547,117,4946,PAPUA
2020-12-07,40,0,19,21,9650,4566,117,4967,PAPUA
2020-12-08,107,0,0,107,9757,4566,117,5074,PAPUA
2020-12-09,48,0,2,46,9805,4568,117,5120,PAPUA
2020-12-10,32,1,37,-6,9837,4605,118,5114,PAPUA
2020-12-11,55,0,35,20,9892,4640,118,5134,PAPUA
2020-12-12,43,0,30,13,9935,4670,118,5147,PAPUA
2020-12-13,16,0,0,16,9951,4670,118,5163,PAPUA
2020-12-14,23,0,0,23,9974,4670,118,5186,PAPUA
2020-12-15,91,0,6,85,10065,4676,118,5271,PAPUA
2020-12-16,34,0,0,34,10099,4676,118,5305,PAPUA
2020-12-17,20,4,27,-11,10119,4703,122,5294,PAPUA
2020-12-18,22,0,7,15,10141,4710,122,5309,PAPUA
2020-12-19,27,0,0,27,10168,4710,122,5336,PAPUA
2020-12-20,14,0,1,13,10182,4711,122,5349,PAPUA
2020-12-21,23,0,77,-54,10205,4788,122,5295,PAPUA
2020-12-22,31,0,13,18,10236,4801,122,5313,PAPUA
2020-12-23,19,0,35,-16,10255,4836,122,5297,PAPUA
2020-12-24,31,0,0,31,10286,4836,122,5328,PAPUA
2020-12-25,21,0,235,-214,10307,5071,122,5114,PAPUA
2020-12-26,42,0,152,-110,10349,5223,122,5004,PAPUA
2020-12-27,73,0,151,-78,10422,5374,122,4926,PAPUA
2020-12-28,21,0,0,21,10443,5374,122,4947,PAPUA
2020-12-29,36,0,47,-11,10479,5421,122,4936,PAPUA
2020-12-30,22,0,125,-103,10501,5546,122,4833,PAPUA
2020-12-31,51,1,76,-26,10552,5622,123,4807,PAPUA
2021-01-01,9,1,95,-87,10561,5717,124,4720,PAPUA
2021-01-02,20,0,88,-68,10581,5805,124,4652,PAPUA
2021-01-03,24,1,163,-140,10605,5968,125,4512,PAPUA
2021-01-04,30,1,99,-70,10635,6067,126,4442,PAPUA
2021-01-05,46,1,77,-32,10681,6144,127,4410,PAPUA
2021-01-06,49,1,99,-51,10730,6243,128,4359,PAPUA
2021-01-07,36,1,81,-46,10766,6324,129,4313,PAPUA
2021-01-08,57,2,97,-42,10823,6421,131,4271,PAPUA
2021-01-09,60,1,10,49,10883,6431,132,4320,PAPUA
2021-01-10,27,3,7,17,10910,6438,135,4337,PAPUA
2021-01-11,53,0,13,40,10963,6451,135,4377,PAPUA
2021-01-12,33,2,10,21,10996,6461,137,4398,PAPUA
2021-01-13,46,2,10,34,11042,6471,139,4432,PAPUA
2021-01-14,33,0,7,26,11075,6478,139,4458,PAPUA
2021-01-15,82,1,8,73,11157,6486,140,4531,PAPUA
2021-01-16,75,0,5,70,11232,6491,140,4601,PAPUA
2021-01-17,23,0,0,23,11255,6491,140,4624,PAPUA
2021-01-18,27,1,7,19,11282,6498,141,4643,PAPUA
2021-01-19,86,2,7,77,11368,6505,143,4720,PAPUA
2021-01-20,51,0,5,46,11419,6510,143,4766,PAPUA
2021-01-21,74,1,17,56,11493,6527,144,4822,PAPUA
2021-01-22,145,0,14,131,11638,6541,144,4953,PAPUA
2021-01-23,57,2,73,-18,11695,6614,146,4935,PAPUA
2021-01-24,54,0,8,46,11749,6622,146,4981,PAPUA
2021-01-25,15,1,24,-10,11764,6646,147,4971,PAPUA
2021-01-26,117,0,18,99,11881,6664,147,5070,PAPUA
2021-01-27,57,1,16,40,11938,6680,148,5110,PAPUA
2021-01-28,0,2,88,-90,11938,6768,150,5020,PAPUA
2021-01-29,179,2,14,163,12117,6782,152,5183,PAPUA
2021-01-30,47,2,10,35,12164,6792,154,5218,PAPUA
2021-01-31,18,1,14,3,12182,6806,155,5221,PAPUA
2021-02-01,7,0,12,-5,12189,6818,155,5216,PAPUA
2021-02-02,65,2,14,49,12254,6832,157,5265,PAPUA
2021-02-03,55,0,44,11,12309,6876,157,5276,PAPUA
2021-02-04,123,0,20,103,12432,6896,157,5379,PAPUA
2021-02-05,44,0,12,32,12476,6908,157,5411,PAPUA
2021-02-06,56,0,9,47,12532,6917,157,5458,PAPUA
2021-02-07,40,0,7,33,12572,6924,157,5491,PAPUA
2021-02-08,42,1,13,28,12614,6937,158,5519,PAPUA
2021-02-09,45,0,15,30,12659,6952,158,5549,PAPUA
2021-02-10,78,2,10,66,12737,6962,160,5615,PAPUA
2021-02-11,33,0,10,23,12770,6972,160,5638,PAPUA
2021-02-12,56,2,16,38,12826,6988,162,5676,PAPUA
2021-02-13,46,1,6,39,12872,6994,163,5715,PAPUA
2021-02-14,13,0,11,2,12885,7005,163,5717,PAPUA
2021-02-15,11,0,9,2,12896,7014,163,5719,PAPUA
2021-02-16,2,0,11,-9,12898,7025,163,5710,PAPUA
2021-02-17,7,0,172,-165,12905,7197,163,5545,PAPUA
2021-02-18,28,0,7,21,12933,7204,163,5566,PAPUA
2021-02-19,112,1,30,81,13045,7234,164,5647,PAPUA
2021-02-20,102,1,11,90,13147,7245,165,5737,PAPUA
2021-02-21,33,3,10,20,13180,7255,168,5757,PAPUA
2021-02-22,71,0,1,70,13251,7256,168,5827,PAPUA
2021-02-23,66,2,15,49,13317,7271,170,5876,PAPUA
2021-02-24,34,1,17,16,13351,7288,171,5892,PAPUA
2021-02-25,33,0,20,13,13384,7308,171,5905,PAPUA
2021-02-26,123,0,27,96,13507,7335,171,6001,PAPUA
2021-02-27,74,0,26,48,13581,7361,171,6049,PAPUA
2021-02-28,44,0,39,5,13625,7400,171,6054,PAPUA
2021-03-01,31,1,35,-5,13656,7435,172,6049,PAPUA
2021-03-02,68,1,37,30,13724,7472,173,6079,PAPUA
2021-03-03,91,1,25,65,13815,7497,174,6144,PAPUA
2021-03-04,133,0,38,95,13948,7535,174,6239,PAPUA
2021-03-05,51,0,24,27,13999,7559,174,6266,PAPUA
2021-03-06,41,1,22,18,14040,7581,175,6284,PAPUA
2021-03-07,3,3,32,-32,14043,7613,178,6252,PAPUA
2021-03-08,75,0,36,39,14118,7649,178,6291,PAPUA
2021-03-09,282,0,27,255,14400,7676,178,6546,PAPUA
2021-03-10,149,0,23,126,14549,7699,178,6672,PAPUA
2021-03-11,123,12,343,-232,14672,8042,190,6440,PAPUA
2021-03-12,41,0,26,15,14713,8068,190,6455,PAPUA
2021-03-13,41,2,34,5,14754,8102,192,6460,PAPUA
2021-03-14,25,0,31,-6,14779,8133,192,6454,PAPUA
2021-03-15,39,0,21,18,14818,8154,192,6472,PAPUA
2021-03-16,55,0,17,38,14873,8171,192,6510,PAPUA
2021-03-17,53,0,1,52,14926,8172,192,6562,PAPUA
2021-03-18,101,0,21,80,15027,8193,192,6642,PAPUA
2021-03-19,83,0,16,67,15110,8209,192,6709,PAPUA
2021-03-20,31,1,0,30,15141,8209,193,6739,PAPUA
2021-03-21,3,1,27,-25,15144,8236,194,6714,PAPUA
2021-03-22,17,1,0,16,15161,8236,195,6730,PAPUA
2021-03-23,43,0,20,23,15204,8256,195,6753,PAPUA
2021-03-24,53,0,7,46,15257,8263,195,6799,PAPUA
2021-03-25,103,0,35,68,15360,8298,195,6867,PAPUA
2021-03-26,70,0,4,66,15430,8302,195,6933,PAPUA
2021-03-27,100,0,0,100,15530,8302,195,7033,PAPUA
2021-03-28,12,0,14,-2,15542,8316,195,7031,PAPUA
2021-03-29,46,1,9,36,15588,8325,196,7067,PAPUA
2021-03-30,46,1,27,18,15634,8352,197,7085,PAPUA
2021-03-31,47,0,0,47,15681,8352,197,7132,PAPUA
2021-04-01,12,1,20,-9,15693,8372,198,7123,PAPUA
2021-04-02,42,0,45,-3,15735,8417,198,7120,PAPUA
2021-04-03,17,0,24,-7,15752,8441,198,7113,PAPUA
2021-04-04,15,0,16,-1,15767,8457,198,7112,PAPUA
2021-04-05,4,1,36,-33,15771,8493,199,7079,PAPUA
2021-04-06,28,0,2,26,15799,8495,199,7105,PAPUA
2021-04-07,44,0,13,31,15843,8508,199,7136,PAPUA
2021-04-08,57,1,26,30,15900,8534,200,7166,PAPUA
2021-04-09,55,0,29,26,15955,8563,200,7192,PAPUA
2021-04-10,60,0,0,60,16015,8563,200,7252,PAPUA
2021-04-11,14,0,34,-20,16029,8597,200,7232,PAPUA
2021-04-12,23,0,56,-33,16052,8653,200,7199,PAPUA
2021-04-13,9,2,1,6,16061,8654,202,7205,PAPUA
2021-04-14,0,0,27,-27,16061,8681,202,7178,PAPUA
2021-04-15,52,0,22,30,16113,8703,202,7208,PAPUA
2021-04-16,37,0,34,3,16150,8737,202,7211,PAPUA
2021-04-17,11,0,25,-14,16161,8762,202,7197,PAPUA
2021-04-18,3,1,39,-37,16164,8801,203,7160,PAPUA
2021-04-19,21,0,47,-26,16185,8848,203,7134,PAPUA
2021-04-20,14,1,21,-8,16199,8869,204,7126,PAPUA
2021-04-21,20,0,0,20,16219,8869,204,7146,PAPUA
2021-04-22,9,0,37,-28,16228,8906,204,7118,PAPUA
2021-04-23,7,0,3,4,16235,8909,204,7122,PAPUA
2021-04-24,5,1,13,-9,16240,8922,205,7113,PAPUA
2021-04-25,7,0,21,-14,16247,8943,205,7099,PAPUA
2021-04-26,1,0,12,-11,16248,8955,205,7088,PAPUA
2021-04-27,12,0,14,-2,16260,8969,205,7086,PAPUA
2021-04-28,11,0,22,-11,16271,8991,205,7075,PAPUA
2021-04-29,14,0,31,-17,16285,9022,205,7058,PAPUA
2021-04-30,20,0,24,-4,16305,9046,205,7054,PAPUA
2021-05-01,0,0,9,-9,16305,9055,205,7045,PAPUA
2021-05-02,0,0,14,-14,16305,9069,205,7031,PAPUA
2021-05-03,0,0,12,-12,16305,9081,205,7019,PAPUA
2021-05-04,2,0,5,-3,16307,9086,205,7016,PAPUA
2021-05-05,11,0,11,0,16318,9097,205,7016,PAPUA
2021-05-06,19,0,18,1,16337,9115,205,7017,PAPUA
2021-05-07,2,0,0,2,16339,9115,205,7019,PAPUA
2021-05-08,1,1,2,-2,16340,9117,206,7017,PAPUA
2021-05-09,12,0,16,-4,16352,9133,206,7013,PAPUA
2021-05-10,0,0,0,0,16352,9133,206,7013,PAPUA
2021-05-11,2,0,13,-11,16354,9146,206,7002,PAPUA
2021-05-12,3,0,6,-3,16357,9152,206,6999,PAPUA
2021-05-13,0,0,0,0,16357,9152,206,6999,PAPUA
2021-05-14,0,0,2,-2,16357,9154,206,6997,PAPUA
2021-05-15,0,0,0,0,16357,9154,206,6997,PAPUA
2021-05-16,0,0,0,0,16357,9154,206,6997,PAPUA
2021-05-17,0,0,0,0,16357,9154,206,6997,PAPUA
2021-05-18,0,0,0,0,16357,9154,206,6997,PAPUA
2021-05-19,0,0,0,0,16357,9154,206,6997,PAPUA
2021-05-20,0,0,0,0,16357,9154,206,6997,PAPUA
2021-05-21,0,0,0,0,16357,9154,206,6997,PAPUA
2021-05-22,0,0,0,0,16357,9154,206,6997,PAPUA
2021-05-23,0,0,0,0,16357,9154,206,6997,PAPUA
2021-05-24,24,0,0,24,16381,9154,206,7021,PAPUA
2021-05-25,0,0,0,0,16381,9154,206,7021,PAPUA
2021-05-26,0,1,0,-1,16381,9154,207,7020,PAPUA
2021-05-27,0,0,0,0,16381,9154,207,7020,PAPUA
2021-05-28,0,1,0,-1,16381,9154,208,7019,PAPUA
2021-05-29,0,0,0,0,16381,9154,208,7019,PAPUA
2021-05-30,0,0,0,0,16381,9154,208,7019,PAPUA
2021-05-31,0,0,0,0,16381,9154,208,7019,PAPUA
2021-06-01,0,0,0,0,16381,9154,208,7019,PAPUA
2021-06-02,0,0,0,0,16381,9154,208,7019,PAPUA
2021-06-03,0,0,0,0,16381,9154,208,7019,PAPUA
2021-06-04,0,0,0,0,16381,9154,208,7019,PAPUA
2021-06-05,10,0,0,10,16391,9154,208,7029,PAPUA
2021-06-06,0,0,0,0,16391,9154,208,7029,PAPUA
2021-06-07,0,0,0,0,16391,9154,208,7029,PAPUA
2021-06-08,12,0,7,5,16403,9161,208,7034,PAPUA
2021-06-09,16,1,16,-1,16419,9177,209,7033,PAPUA
2021-06-10,25,2,16,7,16444,9193,211,7040,PAPUA
2021-06-11,24,1,16,7,16468,9209,212,7047,PAPUA
2021-06-12,15,0,7,8,16483,9216,212,7055,PAPUA
2021-06-13,6,0,17,-11,16489,9233,212,7044,PAPUA
2021-06-14,2,0,0,2,16491,9233,212,7046,PAPUA
2021-06-15,10,0,5,5,16501,9238,212,7051,PAPUA
2021-06-16,3,0,0,3,16504,9238,212,7054,PAPUA
2021-06-17,23,0,1,22,16527,9239,212,7076,PAPUA
2021-06-18,6,0,4,2,16533,9243,212,7078,PAPUA
2021-06-19,7,1,2,4,16540,9245,213,7082,PAPUA
2021-06-20,5,1,0,4,16545,9245,214,7086,PAPUA
2021-06-21,5,1,0,4,16550,9245,215,7090,PAPUA
2021-06-22,34,0,0,34,16584,9245,215,7124,PAPUA
2021-06-23,29,0,2,27,16613,9247,215,7151,PAPUA
2021-06-24,7,0,0,7,16620,9247,215,7158,PAPUA
2021-06-25,36,0,2,34,16656,9249,215,7192,PAPUA
2021-06-26,36,1,8,27,16692,9257,216,7219,PAPUA
2021-06-27,25,1,5,19,16717,9262,217,7238,PAPUA
2021-06-28,9,0,0,9,16726,9262,217,7247,PAPUA
2021-06-29,40,1,3,36,16766,9265,218,7283,PAPUA
2021-06-30,29,0,47,-18,16795,9312,218,7265,PAPUA
2021-07-01,42,0,0,42,16837,9312,218,7307,PAPUA
2021-07-02,17,0,5,12,16854,9317,218,7319,PAPUA
2021-07-03,27,2,0,25,16881,9317,220,7344,PAPUA
2021-07-04,56,0,10,46,16937,9327,220,7390,PAPUA
2021-07-05,36,1,0,35,16973,9327,221,7425,PAPUA
2021-07-06,11,0,0,11,16984,9327,221,7436,PAPUA
2021-07-07,54,3,0,51,17038,9327,224,7487,PAPUA
2021-07-08,82,1,3,78,17120,9330,225,7565,PAPUA
2021-07-09,99,1,19,79,17219,9349,226,7644,PAPUA
2021-07-10,58,1,3,54,17277,9352,227,7698,PAPUA
2021-07-11,71,0,10,61,17348,9362,227,7759,PAPUA
2021-07-12,167,1,0,166,17515,9362,228,7925,PAPUA
2021-07-13,157,1,19,137,17672,9381,229,8062,PAPUA
2021-07-14,290,0,1,289,17962,9382,229,8351,PAPUA
2021-07-15,252,0,0,252,18214,9382,229,8603,PAPUA
2021-07-16,232,0,0,232,18446,9382,229,8835,PAPUA
2021-07-17,176,0,0,176,18622,9382,229,9011,PAPUA
2021-07-18,111,2,44,65,18733,9426,231,9076,PAPUA
2021-07-19,149,1,0,148,18882,9426,232,9224,PAPUA
2021-07-20,211,0,2,209,19093,9428,232,9433,PAPUA
2021-07-21,208,3,1,204,19301,9429,235,9637,PAPUA
2021-07-22,180,1,0,179,19481,9429,236,9816,PAPUA
2021-07-23,261,4,0,257,19742,9429,240,10073,PAPUA
2021-07-24,209,4,50,155,19951,9479,244,10228,PAPUA
2021-07-25,152,3,1,148,20103,9480,247,10376,PAPUA
2021-07-26,279,6,0,273,20382,9480,253,10649,PAPUA
2021-07-27,282,2,83,197,20664,9563,255,10846,PAPUA
2021-07-28,272,4,249,19,20936,9812,259,10865,PAPUA
2021-07-29,262,10,220,32,21198,10032,269,10897,PAPUA
2021-07-30,257,25,6,226,21455,10038,294,11123,PAPUA
2021-07-31,217,3,0,214,21672,10038,297,11337,PAPUA
2021-08-01,152,8,10,134,21824,10048,305,11471,PAPUA
2021-08-02,145,5,18,122,21969,10066,310,11593,PAPUA
2021-08-03,266,6,10,250,22235,10076,316,11843,PAPUA
2021-08-04,197,6,118,73,22432,10194,322,11916,PAPUA
2021-08-05,233,0,101,132,22665,10295,322,12048,PAPUA
2021-08-06,176,3,201,-28,22841,10496,325,12020,PAPUA
2021-08-07,164,8,169,-13,23005,10665,333,12007,PAPUA
2021-08-08,70,5,163,-98,23075,10828,338,11909,PAPUA
2021-08-09,103,6,2685,-2588,23178,13513,344,9321,PAPUA
2021-08-10,164,7,244,-87,23342,13757,351,9234,PAPUA
2021-08-11,147,9,128,10,23489,13885,360,9244,PAPUA
2021-08-12,189,3,72,114,23678,13957,363,9358,PAPUA
2021-08-13,195,5,155,35,23873,14112,368,9393,PAPUA
2021-08-14,142,5,156,-19,24015,14268,373,9374,PAPUA
2021-08-15,119,0,176,-57,24134,14444,373,9317,PAPUA
2021-08-16,150,2,130,18,24284,14574,375,9335,PAPUA
2021-08-17,184,14,145,25,24468,14719,389,9360,PAPUA
2021-08-18,130,1,84,45,24598,14803,390,9405,PAPUA
2021-08-19,165,1,56,108,24763,14859,391,9513,PAPUA
2021-08-20,109,0,46,63,24872,14905,391,9576,PAPUA
2021-08-21,155,3,40,112,25027,14945,394,9688,PAPUA
2021-08-22,59,0,49,10,25086,14994,394,9698,PAPUA
2021-08-23,86,0,58,28,25172,15052,394,9726,PAPUA
2021-08-24,123,1,36,86,25295,15088,395,9812,PAPUA
2021-08-25,88,1,36,51,25383,15124,396,9863,PAPUA
2021-08-26,122,0,31,91,25505,15155,396,9954,PAPUA
2021-08-27,82,2,85,-5,25587,15240,398,9949,PAPUA
2021-08-28,95,1,281,-187,25682,15521,399,9762,PAPUA
2021-08-29,64,0,21,43,25746,15542,399,9805,PAPUA
2021-08-30,55,1,126,-72,25801,15668,400,9733,PAPUA
2021-08-31,85,2,23,60,25886,15691,402,9793,PAPUA
2021-09-01,125,1,49,75,26011,15740,403,9868,PAPUA
2021-09-02,69,1,18,50,26080,15758,404,9918,PAPUA
2021-09-03,37,2,9,26,26117,15767,406,9944,PAPUA
2021-09-04,63,5,16,42,26180,15783,411,9986,PAPUA
2021-09-05,50,0,3,47,26230,15786,411,10033,PAPUA
2021-09-06,31,0,14,17,26261,15800,411,10050,PAPUA
2021-09-07,77,0,166,-89,26338,15966,411,9961,PAPUA
2021-09-08,87,1,616,-530,26425,16582,412,9431,PAPUA
2021-09-09,41,1,374,-334,26466,16956,413,9097,PAPUA
2021-09-10,31,2,333,-304,26497,17289,415,8793,PAPUA
2021-09-11,51,2,5,44,26548,17294,417,8837,PAPUA
2021-09-12,23,11,563,-551,26571,17857,428,8286,PAPUA
2021-09-13,22,1,1865,-1844,26593,19722,429,6442,PAPUA
2021-09-14,34,2,152,-120,26627,19874,431,6322,PAPUA
2021-09-15,24,0,90,-66,26651,19964,431,6256,PAPUA
2021-09-16,24,1,4520,-4497,26675,24484,432,1759,PAPUA
2021-09-17,32,0,0,32,26707,24484,432,1791,PAPUA
2021-09-18,56,0,484,-428,26763,24968,432,1363,PAPUA
2021-09-19,30,0,0,30,26793,24968,432,1393,PAPUA
2021-09-20,17,0,33,-16,26810,25001,432,1377,PAPUA
2021-09-21,34,1,42,-9,26844,25043,433,1368,PAPUA
2021-09-22,25,0,30,-5,26869,25073,433,1363,PAPUA
2021-09-23,32,0,2,30,26901,25075,433,1393,PAPUA
2021-09-24,29,0,10,19,26930,25085,433,1412,PAPUA
2021-09-25,33,0,14,19,26963,25099,433,1431,PAPUA
2021-09-26,18,0,0,18,26981,25099,433,1449,PAPUA
2021-09-27,16,0,6,10,26997,25105,433,1459,PAPUA
2021-09-28,33,0,5,28,27030,25110,433,1487,PAPUA
2021-09-29,19,0,82,-63,27049,25192,433,1424,PAPUA
2021-09-30,10,0,5,5,27059,25197,433,1429,PAPUA
2021-10-01,21,0,2,19,27080,25199,433,1448,PAPUA
2021-10-02,12,0,43,-31,27092,25242,433,1417,PAPUA
2021-10-03,19,0,0,19,27111,25242,433,1436,PAPUA
2021-10-04,28,0,5,23,27139,25247,433,1459,PAPUA
2021-10-05,19,0,7,12,27158,25254,433,1471,PAPUA
2021-10-06,7,0,9,-2,27165,25263,433,1469,PAPUA
2021-10-07,24,0,0,24,27189,25263,433,1493,PAPUA
2021-10-08,11,0,141,-130,27200,25404,433,1363,PAPUA
2021-10-09,20,0,0,20,27220,25404,433,1383,PAPUA
2021-10-10,6,0,0,6,27226,25404,433,1389,PAPUA
2021-10-11,12,0,19,-7,27238,25423,433,1382,PAPUA
2021-10-12,11,1,31,-21,27249,25454,434,1361,PAPUA
2021-10-13,17,0,0,17,27266,25454,434,1378,PAPUA
2021-10-14,15,0,0,15,27281,25454,434,1393,PAPUA
2021-10-15,26,0,0,26,27307,25454,434,1419,PAPUA
2021-10-16,19,0,4,15,27326,25458,434,1434,PAPUA
2021-10-17,9,0,0,9,27335,25458,434,1443,PAPUA
2021-10-18,3,1,42,-40,27338,25500,435,1403,PAPUA
2021-10-19,10,0,3,7,27348,25503,435,1410,PAPUA
2021-10-20,7,0,0,7,27355,25503,435,1417,PAPUA
2021-10-21,4,0,6,-2,27359,25509,435,1415,PAPUA
2021-10-22,5,0,5,0,27364,25514,435,1415,PAPUA
2021-10-23,4,0,0,4,27368,25514,435,1419,PAPUA
2021-10-24,2,0,0,2,27370,25514,435,1421,PAPUA
2021-10-25,6,0,0,6,27376,25514,435,1427,PAPUA
2021-10-26,9,0,0,9,27385,25514,435,1436,PAPUA
2021-10-27,6,0,1,5,27391,25515,435,1441,PAPUA
2021-10-28,6,0,71,-65,27397,25586,435,1376,PAPUA
2021-10-29,17,0,0,17,27414,25586,435,1393,PAPUA
2021-10-30,3,0,0,3,27417,25586,435,1396,PAPUA
2021-10-31,6,0,0,6,27423,25586,435,1402,PAPUA
2021-11-01,3,1,4,-2,27426,25590,436,1400,PAPUA
2021-11-02,4,0,3,1,27430,25593,436,1401,PAPUA
2021-11-03,6,0,92,-86,27436,25685,436,1315,PAPUA
2021-11-04,3,0,0,3,27439,25685,436,1318,PAPUA
2021-11-05,5,0,0,5,27444,25685,436,1323,PAPUA
2021-11-06,8,0,0,8,27452,25685,436,1331,PAPUA
2021-11-07,1,0,0,1,27453,25685,436,1332,PAPUA
2021-11-08,2,0,0,2,27455,25685,436,1334,PAPUA
2021-11-09,5,0,1,4,27460,25686,436,1338,PAPUA
2021-11-10,2,0,0,2,27462,25686,436,1340,PAPUA
2021-11-11,6,0,0,6,27468,25686,436,1346,PAPUA
2021-11-12,14,0,0,14,27482,25686,436,1360,PAPUA
2021-11-13,7,0,0,7,27489,25686,436,1367,PAPUA
2021-11-14,2,0,0,2,27491,25686,436,1369,PAPUA
2021-11-15,6,0,0,6,27497,25686,436,1375,PAPUA
2021-11-16,2,0,0,2,27499,25686,436,1377,PAPUA
2021-11-17,2,0,0,2,27501,25686,436,1379,PAPUA
2021-11-18,3,0,0,3,27504,25686,436,1382,PAPUA
2021-11-19,2,0,0,2,27506,25686,436,1384,PAPUA
2021-11-20,3,0,0,3,27509,25686,436,1387,PAPUA
2021-11-21,0,0,0,0,27509,25686,436,1387,PAPUA
2021-11-22,1,0,0,1,27510,25686,436,1388,PAPUA
2021-11-23,6,0,0,6,27516,25686,436,1394,PAPUA
2021-11-24,8,0,0,8,27524,25686,436,1402,PAPUA
2021-11-25,0,2,2,-4,27524,25688,438,1398,PAPUA
2021-11-26,5,0,0,5,27529,25688,438,1403,PAPUA
2021-11-27,4,0,0,4,27533,25688,438,1407,PAPUA
2021-11-28,0,0,0,0,27533,25688,438,1407,PAPUA
2021-11-29,2,1,27,-26,27535,25715,439,1381,PAPUA
2021-11-30,1,0,0,1,27536,25715,439,1382,PAPUA
2021-12-01,2,0,0,2,27538,25715,439,1384,PAPUA
2021-12-02,2,0,8,-6,27540,25723,439,1378,PAPUA
2021-12-03,0,0,0,0,27540,25723,439,1378,PAPUA
2021-12-04,2,0,1,1,27542,25724,439,1379,PAPUA
2021-12-05,0,0,0,0,27542,25724,439,1379,PAPUA
2021-12-06,0,0,1270,-1270,27542,26994,439,109,PAPUA
2021-12-07,4,1,1,2,27546,26995,440,111,PAPUA
2021-12-08,1,0,0,1,27547,26995,440,112,PAPUA
2021-12-09,2,0,0,2,27549,26995,440,114,PAPUA
2021-12-10,0,0,2,-2,27549,26997,440,112,PAPUA
2021-12-11,2,0,0,2,27551,26997,440,114,PAPUA
2021-12-12,1,0,0,1,27552,26997,440,115,PAPUA
2021-12-13,0,0,0,0,27552,26997,440,115,PAPUA
2021-12-14,2,0,0,2,27554,26997,440,117,PAPUA
2021-12-15,1,0,0,1,27555,26997,440,118,PAPUA
2021-12-16,0,0,0,0,27555,26997,440,118,PAPUA
2021-12-17,1,0,0,1,27556,26997,440,119,PAPUA
2021-12-18,1,0,0,1,27557,26997,440,120,PAPUA
2021-12-19,0,0,0,0,27557,26997,440,120,PAPUA
2021-12-20,0,0,0,0,27557,26997,440,120,PAPUA
2021-12-21,2,0,0,2,27559,26997,440,122,PAPUA
2021-12-22,0,0,38,-38,27559,27035,440,84,PAPUA
2021-12-23,2,0,0,2,27561,27035,440,86,PAPUA
2021-12-24,3,0,2,1,27564,27037,440,87,PAPUA
2021-12-25,1,0,0,1,27565,27037,440,88,PAPUA
2021-12-26,0,0,0,0,27565,27037,440,88,PAPUA
2021-12-27,0,0,0,0,27565,27037,440,88,PAPUA
2021-12-28,1,0,0,1,27566,27037,440,89,PAPUA
2021-12-29,0,0,0,0,27566,27037,440,89,PAPUA
2021-12-30,2,0,0,2,27568,27037,440,91,PAPUA
2021-12-31,0,0,0,0,27568,27037,440,91,PAPUA
2022-01-01,0,0,1,-1,27568,27038,440,90,PAPUA
2022-01-02,0,0,0,0,27568,27038,440,90,PAPUA
2022-01-03,2,0,0,2,27570,27038,440,92,PAPUA
2022-01-04,3,0,0,3,27573,27038,440,95,PAPUA
2022-01-05,1,0,0,1,27574,27038,440,96,PAPUA
2022-01-06,1,0,0,1,27575,27038,440,97,PAPUA
2022-01-07,1,0,0,1,27576,27038,440,98,PAPUA
2022-01-08,1,0,0,1,27577,27038,440,99,PAPUA
2022-01-09,0,0,0,0,27577,27038,440,99,PAPUA
2022-01-10,1,0,0,1,27578,27038,440,100,PAPUA
2022-01-11,2,0,0,2,27580,27038,440,102,PAPUA
2022-01-12,2,0,0,2,27582,27038,440,104,PAPUA
2022-01-13,1,0,0,1,27583,27038,440,105,PAPUA
2022-01-14,1,0,0,1,27584,27038,440,106,PAPUA
2022-01-15,3,0,0,3,27587,27038,440,109,PAPUA
2022-01-16,2,0,7,-5,27589,27045,440,104,PAPUA
2022-01-17,5,0,0,5,27594,27045,440,109,PAPUA
2022-01-18,4,0,0,4,27598,27045,440,113,PAPUA
2022-01-19,5,0,0,5,27603,27045,440,118,PAPUA
2022-01-20,6,0,0,6,27609,27045,440,124,PAPUA
2022-01-21,4,0,0,4,27613,27045,440,128,PAPUA
2022-01-22,7,0,0,7,27620,27045,440,135,PAPUA
2022-01-23,2,0,0,2,27622,27045,440,137,PAPUA
2022-01-24,2,0,1,1,27624,27046,440,138,PAPUA
2022-01-25,15,0,2,13,27639,27048,440,151,PAPUA
2022-01-26,19,0,0,19,27658,27048,440,170,PAPUA
2022-01-27,14,0,0,14,27672,27048,440,184,PAPUA
2022-01-28,42,0,0,42,27714,27048,440,226,PAPUA
2022-01-29,27,0,0,27,27741,27048,440,253,PAPUA
2022-01-30,26,0,0,26,27767,27048,440,279,PAPUA
2022-01-31,41,0,0,41,27808,27048,440,320,PAPUA
2022-02-01,84,0,0,84,27892,27048,440,404,PAPUA
2022-02-02,38,0,0,38,27930,27048,440,442,PAPUA
2022-02-03,146,0,0,146,28076,27048,440,588,PAPUA
2022-02-04,201,0,0,201,28277,27048,440,789,PAPUA
2022-02-05,202,0,0,202,28479,27048,440,991,PAPUA
2022-02-06,128,0,0,128,28607,27048,440,1119,PAPUA
2022-02-07,137,0,0,137,28744,27048,440,1256,PAPUA
2022-02-08,375,0,0,375,29119,27048,440,1631,PAPUA
2022-02-09,398,0,0,398,29517,27048,440,2029,PAPUA
2022-02-10,353,2,1,350,29870,27049,442,2379,PAPUA
2022-02-11,388,0,0,388,30258,27049,442,2767,PAPUA
2022-02-12,479,0,0,479,30737,27049,442,3246,PAPUA
2022-02-13,377,0,0,377,31114,27049,442,3623,PAPUA
2022-02-14,395,0,0,395,31509,27049,442,4018,PAPUA
2022-02-15,797,0,0,797,32306,27049,442,4815,PAPUA
2022-02-16,566,0,0,566,32872,27049,442,5381,PAPUA
2022-02-17,588,0,0,588,33460,27049,442,5969,PAPUA
2022-02-18,508,0,0,508,33968,27049,442,6477,PAPUA
2022-02-19,433,0,0,433,34401,27049,442,6910,PAPUA
2022-02-20,248,0,0,248,34649,27049,442,7158,PAPUA
2022-02-21,236,0,0,236,34885,27049,442,7394,PAPUA
2022-02-22,420,0,0,420,35305,27049,442,7814,PAPUA
2022-02-23,342,0,2,340,35647,27051,442,8154,PAPUA
2022-02-24,323,0,0,323,35970,27051,442,8477,PAPUA
2022-02-25,308,0,0,308,36278,27051,442,8785,PAPUA
2022-02-26,278,0,0,278,36556,27051,442,9063,PAPUA
2022-02-27,125,0,0,125,36681,27051,442,9188,PAPUA
2022-02-28,96,0,0,96,36777,27051,442,9284,PAPUA
2022-03-01,145,0,0,145,36922,27051,442,9429,PAPUA
2022-03-02,204,0,0,204,37126,27051,442,9633,PAPUA
2022-03-03,116,0,2,114,37242,27053,442,9747,PAPUA
2022-03-04,102,0,4,98,37344,27057,442,9845,PAPUA
2022-03-05,143,0,0,143,37487,27057,442,9988,PAPUA
2022-03-06,82,0,0,82,37569,27057,442,10070,PAPUA
2022-03-07,60,0,0,60,37629,27057,442,10130,PAPUA
2022-03-08,123,0,1483,-1360,37752,28540,442,8770,PAPUA
2022-03-09,78,7,0,71,37830,28540,449,8841,PAPUA
2022-03-10,68,1,0,67,37898,28540,450,8908,PAPUA
2022-03-11,51,0,0,51,37949,28540,450,8959,PAPUA
2022-03-12,36,0,0,36,37985,28540,450,8995,PAPUA
2022-03-13,40,0,0,40,38025,28540,450,9035,PAPUA
2022-03-14,51,0,0,51,38076,28540,450,9086,PAPUA
2022-03-15,66,0,0,66,38142,28540,450,9152,PAPUA
2022-03-16,43,0,0,43,38185,28540,450,9195,PAPUA
2022-03-17,35,0,0,35,38220,28540,450,9230,PAPUA
2022-03-18,40,0,0,40,38260,28540,450,9270,PAPUA
2022-03-19,32,0,0,32,38292,28540,450,9302,PAPUA
2022-03-20,12,0,0,12,38304,28540,450,9314,PAPUA
2022-03-21,61,0,0,61,38365,28540,450,9375,PAPUA
2022-03-22,26,0,0,26,38391,28540,450,9401,PAPUA
2022-03-23,41,0,0,41,38432,28540,450,9442,PAPUA
2022-03-24,21,0,1,20,38453,28541,450,9462,PAPUA
2022-03-25,12,0,0,12,38465,28541,450,9474,PAPUA
2022-03-26,23,0,0,23,38488,28541,450,9497,PAPUA
2022-03-27,35,0,4,31,38523,28545,450,9528,PAPUA
2022-03-28,39,0,0,39,38562,28545,450,9567,PAPUA
2022-03-29,13,0,0,13,38575,28545,450,9580,PAPUA
2022-03-30,9,0,0,9,38584,28545,450,9589,PAPUA
2022-03-31,18,0,0,18,38602,28545,450,9607,PAPUA
2022-04-01,22,0,0,22,38624,28545,450,9629,PAPUA
2022-04-02,8,0,1,7,38632,28546,450,9636,PAPUA
2022-04-03,10,0,14,-4,38642,28560,450,9632,PAPUA
2022-04-04,8,0,7,1,38650,28567,450,9633,PAPUA
2022-04-05,6,0,0,6,38656,28567,450,9639,PAPUA
2022-04-06,33,0,5,28,38689,28572,450,9667,PAPUA
2022-04-07,15,0,0,15,38704,28572,450,9682,PAPUA
2022-04-08,19,1,13,5,38723,28585,451,9687,PAPUA
2022-04-09,40,1,28,11,38763,28613,452,9698,PAPUA
2022-04-10,4,0,0,4,38767,28613,452,9702,PAPUA
2022-04-11,4,0,0,4,38771,28613,452,9706,PAPUA
2022-04-12,10,0,2,8,38781,28615,452,9714,PAPUA
2022-04-13,3,0,0,3,38784,28615,452,9717,PAPUA
2022-04-14,13,0,0,13,38797,28615,452,9730,PAPUA
2022-04-15,4,0,0,4,38801,28615,452,9734,PAPUA
2022-04-16,11,0,0,11,38812,28615,452,9745,PAPUA
2022-04-17,6,0,1,5,38818,28616,452,9750,PAPUA
2022-04-18,2,0,3,-1,38820,28619,452,9749,PAPUA
2022-04-19,3,0,0,3,38823,28619,452,9752,PAPUA
2022-04-20,2,0,0,2,38825,28619,452,9754,PAPUA
2022-04-21,4,0,3346,-3342,38829,31965,452,6412,PAPUA
2022-04-22,9,0,6322,-6313,38838,38287,452,99,PAPUA
2022-04-23,4,0,0,4,38842,38287,452,103,PAPUA
2022-04-24,3,0,0,3,38845,38287,452,106,PAPUA
2022-04-25,5,1,0,4,38850,38287,453,110,PAPUA
2022-04-26,2,0,0,2,38852,38287,453,112,PAPUA
2022-04-27,4,0,0,4,38856,38287,453,116,PAPUA
2022-04-28,6,0,0,6,38862,38287,453,122,PAPUA
2022-04-29,3,0,0,3,38865,38287,453,125,PAPUA
2022-04-30,5,0,0,5,38870,38287,453,130,PAPUA
2022-05-01,4,0,0,4,38874,38287,453,134,PAPUA
2022-05-02,2,0,0,2,38876,38287,453,136,PAPUA
2022-05-03,2,0,0,2,38878,38287,453,138,PAPUA
2022-05-04,1,0,0,1,38879,38287,453,139,PAPUA
2022-05-05,2,0,0,2,38881,38287,453,141,PAPUA
2022-05-06,2,0,0,2,38883,38287,453,143,PAPUA
2022-05-07,3,0,0,3,38886,38287,453,146,PAPUA
2022-05-08,1,0,0,1,38887,38287,453,147,PAPUA
2022-05-09,3,0,0,3,38890,38287,453,150,PAPUA
2022-05-10,0,0,0,0,38890,38287,453,150,PAPUA
2022-05-11,4,0,0,4,38894,38287,453,154,PAPUA
2022-05-12,3,0,0,3,38897,38287,453,157,PAPUA
2022-05-13,2,0,0,2,38899,38287,453,159,PAPUA
2022-05-14,3,0,0,3,38902,38287,453,162,PAPUA
2022-05-15,0,0,0,0,38902,38287,453,162,PAPUA
2022-05-16,0,0,0,0,38902,38287,453,162,PAPUA
2022-05-17,5,0,0,5,38907,38287,453,167,PAPUA
2022-05-18,1,0,0,1,38908,38287,453,168,PAPUA
2022-05-19,3,0,0,3,38911,38287,453,171,PAPUA
2022-05-20,4,0,0,4,38915,38287,453,175,PAPUA
2022-05-21,0,0,0,0,38915,38287,453,175,PAPUA
2022-05-22,1,0,0,1,38916,38287,453,176,PAPUA
2022-05-23,1,1,136,-136,38917,38423,454,40,PAPUA
2022-05-24,1,0,0,1,38918,38423,454,41,PAPUA
2022-05-25,2,0,0,2,38920,38423,454,43,PAPUA
2022-05-26,0,0,0,0,38920,38423,454,43,PAPUA
2022-05-27,3,0,0,3,38923,38423,454,46,PAPUA
2022-05-28,2,0,0,2,38925,38423,454,48,PAPUA
2022-05-29,0,0,0,0,38925,38423,454,48,PAPUA
2022-05-30,1,0,0,1,38926,38423,454,49,PAPUA
2022-05-31,0,0,0,0,38926,38423,454,49,PAPUA
2022-06-01,1,0,0,1,38927,38423,454,50,PAPUA
2022-06-02,1,0,0,1,38928,38423,454,51,PAPUA
2022-06-03,2,0,0,2,38930,38423,454,53,PAPUA
2022-06-04,2,0,0,2,38932,38423,454,55,PAPUA
2022-06-05,1,0,0,1,38933,38423,454,56,PAPUA
2022-06-06,1,0,0,1,38934,38423,454,57,PAPUA
2022-06-07,1,0,0,1,38935,38423,454,58,PAPUA
2022-06-08,2,0,0,2,38937,38423,454,60,PAPUA
2022-06-09,1,0,23,-22,38938,38446,454,38,PAPUA
2022-06-10,1,1,0,0,38939,38446,455,38,PAPUA
2022-06-11,1,0,0,1,38940,38446,455,39,PAPUA
2022-06-12,1,0,0,1,38941,38446,455,40,PAPUA
2022-06-13,1,0,0,1,38942,38446,455,41,PAPUA
2022-06-14,1,0,0,1,38943,38446,455,42,PAPUA
2022-06-15,2,0,0,2,38945,38446,455,44,PAPUA
2022-06-16,3,0,0,3,38948,38446,455,47,PAPUA
2022-06-17,4,0,24,-20,38952,38470,455,27,PAPUA
2022-06-18,6,0,0,6,38958,38470,455,33,PAPUA
2022-06-19,0,0,0,0,38958,38470,455,33,PAPUA
2022-06-20,3,0,0,3,38961,38470,455,36,PAPUA
2022-06-21,3,0,0,3,38964,38470,455,39,PAPUA
2022-06-22,1,0,0,1,38965,38470,455,40,PAPUA
2022-06-23,1,0,0,1,38966,38470,455,41,PAPUA
2022-06-24,0,0,0,0,38966,38470,455,41,PAPUA
2022-06-25,5,0,0,5,38971,38470,455,46,PAPUA
2022-06-26,2,0,0,2,38973,38470,455,48,PAPUA
2022-06-27,3,0,9,-6,38976,38479,455,42,PAPUA
2022-06-28,1,0,0,1,38977,38479,455,43,PAPUA
2022-06-29,1,0,0,1,38978,38479,455,44,PAPUA
2022-06-30,2,0,0,2,38980,38479,455,46,PAPUA
2022-07-01,3,0,0,3,38983,38479,455,49,PAPUA
2022-07-02,3,0,0,3,38986,38479,455,52,PAPUA
2022-07-03,1,0,0,1,38987,38479,455,53,PAPUA
2022-07-04,3,0,0,3,38990,38479,455,56,PAPUA
2022-07-05,2,0,0,2,38992,38479,455,58,PAPUA
2022-07-06,7,0,0,7,38999,38479,455,65,PAPUA
2022-07-07,5,0,10,-5,39004,38489,455,60,PAPUA
2022-07-08,5,0,0,5,39009,38489,455,65,PAPUA
2022-07-09,4,0,0,4,39013,38489,455,69,PAPUA
2022-07-10,1,0,0,1,39014,38489,455,70,PAPUA
2022-07-11,8,0,26,-18,39022,38515,455,52,PAPUA
2022-07-12,2,0,0,2,39024,38515,455,54,PAPUA
2022-07-13,5,0,0,5,39029,38515,455,59,PAPUA
2022-07-14,3,0,0,3,39032,38515,455,62,PAPUA
2022-07-15,3,0,0,3,39035,38515,455,65,PAPUA
2022-07-16,5,0,0,5,39040,38515,455,70,PAPUA
2022-07-17,4,0,0,4,39044,38515,455,74,PAPUA
2022-07-18,3,0,0,3,39047,38515,455,77,PAPUA
2022-07-19,10,0,0,10,39057,38515,455,87,PAPUA
2022-07-20,19,0,0,19,39076,38515,455,106,PAPUA
2022-07-21,12,0,0,12,39088,38515,455,118,PAPUA
2022-07-22,8,0,10,-2,39096,38525,455,116,PAPUA
2022-07-23,6,0,0,6,39102,38525,455,122,PAPUA
2022-07-24,6,0,0,6,39108,38525,455,128,PAPUA
2022-07-25,6,0,12,-6,39114,38537,455,122,PAPUA
2022-07-26,9,0,0,9,39123,38537,455,131,PAPUA
2022-07-27,26,0,0,26,39149,38537,455,157,PAPUA
2022-07-28,19,0,0,19,39168,38537,455,176,PAPUA
2022-07-29,20,0,0,20,39188,38537,455,196,PAPUA
2022-07-30,13,0,0,13,39201,38537,455,209,PAPUA
2022-07-31,10,0,0,10,39211,38537,455,219,PAPUA
2022-08-01,6,0,54,-48,39217,38591,455,171,PAPUA
2022-08-02,18,0,0,18,39235,38591,455,189,PAPUA
2022-08-03,20,0,0,20,39255,38591,455,209,PAPUA
2022-08-04,23,0,0,23,39278,38591,455,232,PAPUA
2022-08-05,21,0,0,21,39299,38591,455,253,PAPUA
2022-08-06,23,0,0,23,39322,38591,455,276,PAPUA
2022-08-07,9,0,0,9,39331,38591,455,285,PAPUA
2022-08-08,13,0,0,13,39344,38591,455,298,PAPUA
2022-08-09,36,0,81,-45,39380,38672,455,253,PAPUA
2022-08-10,25,0,0,25,39405,38672,455,278,PAPUA
2022-08-11,32,0,0,32,39437,38672,455,310,PAPUA
2022-08-12,26,0,0,26,39463,38672,455,336,PAPUA
2022-08-13,25,0,0,25,39488,38672,455,361,PAPUA
2022-08-14,11,0,0,11,39499,38672,455,372,PAPUA
2022-08-15,15,0,0,15,39514,38672,455,387,PAPUA
2022-08-16,41,0,0,41,39555,38672,455,428,PAPUA
2022-08-17,9,0,0,9,39564,38672,455,437,PAPUA
2022-08-18,16,0,0,16,39580,38672,455,453,PAPUA
2022-08-19,44,0,0,44,39624,38672,455,497,PAPUA
2022-08-20,17,0,0,17,39641,38672,455,514,PAPUA
2022-08-21,19,0,0,19,39660,38672,455,533,PAPUA
2022-08-22,11,0,85,-74,39671,38757,455,459,PAPUA
2022-08-23,20,0,0,20,39691,38757,455,479,PAPUA
2022-08-24,22,0,75,-53,39713,38832,455,426,PAPUA
2022-08-25,29,0,0,29,39742,38832,455,455,PAPUA
2022-08-26,18,0,0,18,39760,38832,455,473,PAPUA
2022-08-27,21,0,0,21,39781,38832,455,494,PAPUA
2022-08-28,10,0,0,10,39791,38832,455,504,PAPUA
2022-08-29,10,0,0,10,39801,38832,455,514,PAPUA
2022-08-30,29,0,267,-238,39830,39099,455,276,PAPUA
2022-08-31,30,0,0,30,39860,39099,455,306,PAPUA
2022-09-01,28,0,0,28,39888,39099,455,334,PAPUA
2022-09-02,9,0,0,9,39897,39099,455,343,PAPUA
2022-09-03,10,0,0,10,39907,39099,455,353,PAPUA
2022-09-04,4,0,0,4,39911,39099,455,357,PAPUA
2022-09-05,8,0,86,-78,39919,39185,455,279,PAPUA
2022-09-06,14,0,0,14,39933,39185,455,293,PAPUA
2022-09-07,9,0,0,9,39942,39185,455,302,PAPUA
2022-09-08,11,0,0,11,39953,39185,455,313,PAPUA
2022-09-09,14,0,0,14,39967,39185,455,327,PAPUA
2022-09-10,3,0,0,3,39970,39185,455,330,PAPUA
2022-09-11,7,0,0,7,39977,39185,455,337,PAPUA
2022-09-12,9,0,160,-151,39986,39345,455,186,PAPUA
2022-09-13,15,0,0,15,40001,39345,455,201,PAPUA
2022-09-14,3,0,0,3,40004,39345,455,204,PAPUA
2022-09-15,14,0,0,14,40018,39345,455,218,PAPUA
2022-09-16,7,0,87,-80,40025,39432,455,138,PAPUA
2022-09-17,8,0,0,8,40033,39432,455,146,PAPUA
2022-09-18,6,0,0,6,40039,39432,455,152,PAPUA
2022-09-19,9,0,19,-10,40048,39451,455,142,PAPUA
2022-09-20,12,0,0,12,40060,39451,455,154,PAPUA
2022-09-21,12,0,0,12,40072,39451,455,166,PAPUA
2022-09-22,8,0,26,-18,40080,39477,455,148,PAPUA
2022-09-23,9,0,0,9,40089,39477,455,157,PAPUA
2022-09-24,5,0,0,5,40094,39477,455,162,PAPUA
2022-09-25,2,0,0,2,40096,39477,455,164,PAPUA
2022-09-26,10,0,37,-27,40106,39514,455,137,PAPUA
2022-09-27,6,0,0,6,40112,39514,455,143,PAPUA
2022-09-28,13,0,0,13,40125,39514,455,156,PAPUA
2022-09-29,3,0,0,3,40128,39514,455,159,PAPUA
2022-09-30,10,0,0,10,40138,39514,455,169,PAPUA
2020-03-27,2,0,0,2,2,0,0,2,PAPUA BARAT
2020-03-28,0,0,0,0,2,0,0,2,PAPUA BARAT
2020-03-29,0,0,0,0,2,0,0,2,PAPUA BARAT
2020-03-30,0,0,0,0,2,0,0,2,PAPUA BARAT
2020-03-31,0,0,0,0,2,0,0,2,PAPUA BARAT
2020-04-01,0,0,0,0,2,0,0,2,PAPUA BARAT
2020-04-02,0,0,0,0,2,0,0,2,PAPUA BARAT
2020-04-03,0,0,0,0,2,0,0,2,PAPUA BARAT
2020-04-04,0,0,0,0,2,0,0,2,PAPUA BARAT
2020-04-05,0,0,0,0,2,0,0,2,PAPUA BARAT
2020-04-06,0,0,0,0,2,0,0,2,PAPUA BARAT
2020-04-07,0,0,0,0,2,0,0,2,PAPUA BARAT
2020-04-08,0,0,0,0,2,0,0,2,PAPUA BARAT
2020-04-09,0,0,0,0,2,0,0,2,PAPUA BARAT
2020-04-10,0,0,0,0,2,0,0,2,PAPUA BARAT
2020-04-11,0,0,0,0,2,0,0,2,PAPUA BARAT
2020-04-12,0,0,0,0,2,0,0,2,PAPUA BARAT
2020-04-13,0,0,0,0,2,0,0,2,PAPUA BARAT
2020-04-14,0,0,0,0,2,0,0,2,PAPUA BARAT
2020-04-15,0,0,0,0,2,0,0,2,PAPUA BARAT
2020-04-16,2,0,0,2,4,0,0,4,PAPUA BARAT
2020-04-17,0,0,0,0,4,0,0,4,PAPUA BARAT
2020-04-18,0,0,0,0,4,0,0,4,PAPUA BARAT
2020-04-19,2,0,0,2,6,0,0,6,PAPUA BARAT
2020-04-20,0,0,0,0,6,0,0,6,PAPUA BARAT
2020-04-21,0,0,0,0,6,0,0,6,PAPUA BARAT
2020-04-22,1,0,0,1,7,0,0,7,PAPUA BARAT
2020-04-23,5,0,0,5,12,0,0,12,PAPUA BARAT
2020-04-24,2,0,0,2,14,0,0,14,PAPUA BARAT
2020-04-25,1,0,0,1,15,0,0,15,PAPUA BARAT
2020-04-26,0,0,0,0,15,0,0,15,PAPUA BARAT
2020-04-27,0,0,0,0,15,0,0,15,PAPUA BARAT
2020-04-28,17,0,0,17,32,0,0,32,PAPUA BARAT
2020-04-29,0,0,0,0,32,0,0,32,PAPUA BARAT
2020-04-30,0,0,0,0,32,0,0,32,PAPUA BARAT
2020-05-01,4,0,0,4,36,0,0,36,PAPUA BARAT
2020-05-02,1,0,0,1,37,0,0,37,PAPUA BARAT
2020-05-03,0,0,0,0,37,0,0,37,PAPUA BARAT
2020-05-04,0,0,0,0,37,0,0,37,PAPUA BARAT
2020-05-05,5,0,0,5,42,0,0,42,PAPUA BARAT
2020-05-06,4,0,0,4,46,0,0,46,PAPUA BARAT
2020-05-07,0,0,0,0,46,0,0,46,PAPUA BARAT
2020-05-08,0,0,0,0,46,0,0,46,PAPUA BARAT
2020-05-09,0,0,0,0,46,0,0,46,PAPUA BARAT
2020-05-10,14,0,2,12,60,2,0,58,PAPUA BARAT
2020-05-11,0,0,0,0,60,2,0,58,PAPUA BARAT
2020-05-12,0,0,0,0,60,2,0,58,PAPUA BARAT
2020-05-13,0,0,0,0,60,2,0,58,PAPUA BARAT
2020-05-14,14,0,0,14,74,2,0,72,PAPUA BARAT
2020-05-15,0,0,0,0,74,2,0,72,PAPUA BARAT
2020-05-16,9,0,3,6,83,5,0,78,PAPUA BARAT
2020-05-17,3,0,0,3,86,5,0,81,PAPUA BARAT
2020-05-18,0,0,0,0,86,5,0,81,PAPUA BARAT
2020-05-19,0,0,0,0,86,5,0,81,PAPUA BARAT
2020-05-20,1,0,0,1,87,5,0,82,PAPUA BARAT
2020-05-21,2,0,1,1,89,6,0,83,PAPUA BARAT
2020-05-22,8,0,4,4,97,10,0,87,PAPUA BARAT
2020-05-23,8,1,6,1,105,16,1,88,PAPUA BARAT
2020-05-24,1,0,0,1,106,16,1,89,PAPUA BARAT
2020-05-25,0,0,2,-2,106,18,1,87,PAPUA BARAT
2020-05-26,2,0,11,-9,108,29,1,78,PAPUA BARAT
2020-05-27,0,0,1,-1,108,30,1,77,PAPUA BARAT
2020-05-28,20,0,2,18,128,32,1,95,PAPUA BARAT
2020-05-29,5,0,3,2,133,35,1,97,PAPUA BARAT
2020-05-30,4,0,7,-3,137,42,1,94,PAPUA BARAT
2020-05-31,2,0,4,-2,139,46,1,92,PAPUA BARAT
2020-06-01,0,0,0,0,139,46,1,92,PAPUA BARAT
2020-06-02,4,0,0,4,143,46,1,96,PAPUA BARAT
2020-06-03,0,0,0,0,143,46,1,96,PAPUA BARAT
2020-06-04,1,0,2,-1,144,48,1,95,PAPUA BARAT
2020-06-05,1,0,13,-12,145,61,1,83,PAPUA BARAT
2020-06-06,2,0,0,2,147,61,1,85,PAPUA BARAT
2020-06-07,1,0,0,1,148,61,1,86,PAPUA BARAT
2020-06-08,0,0,0,0,148,61,1,86,PAPUA BARAT
2020-06-09,4,0,1,3,152,62,1,89,PAPUA BARAT
2020-06-10,6,0,7,-1,158,69,1,88,PAPUA BARAT
2020-06-11,3,0,1,2,161,70,1,90,PAPUA BARAT
2020-06-12,3,0,1,2,164,71,1,92,PAPUA BARAT
2020-06-13,3,1,0,2,167,71,2,94,PAPUA BARAT
2020-06-14,1,0,1,0,168,72,2,94,PAPUA BARAT
2020-06-15,0,0,0,0,168,72,2,94,PAPUA BARAT
2020-06-16,3,0,6,-3,171,78,2,91,PAPUA BARAT
2020-06-17,1,0,2,-1,172,80,2,90,PAPUA BARAT
2020-06-18,4,0,19,-15,176,99,2,75,PAPUA BARAT
2020-06-19,3,0,7,-4,179,106,2,71,PAPUA BARAT
2020-06-20,0,0,1,-1,179,107,2,70,PAPUA BARAT
2020-06-21,1,0,0,1,180,107,2,71,PAPUA BARAT
2020-06-22,0,0,0,0,180,107,2,71,PAPUA BARAT
2020-06-23,0,0,0,0,180,107,2,71,PAPUA BARAT
2020-06-24,1,0,11,-10,181,118,2,61,PAPUA BARAT
2020-06-25,6,0,2,4,187,120,2,65,PAPUA BARAT
2020-06-26,0,0,1,-1,187,121,2,64,PAPUA BARAT
2020-06-27,1,0,2,-1,188,123,2,63,PAPUA BARAT
2020-06-28,1,0,0,1,189,123,2,64,PAPUA BARAT
2020-06-29,1,1,1,-1,190,124,3,63,PAPUA BARAT
2020-06-30,1,0,0,1,191,124,3,64,PAPUA BARAT
2020-07-01,3,0,8,-5,194,132,3,59,PAPUA BARAT
2020-07-02,1,0,4,-3,195,136,3,56,PAPUA BARAT
2020-07-03,4,0,0,4,199,136,3,60,PAPUA BARAT
2020-07-04,3,0,1,2,202,137,3,62,PAPUA BARAT
2020-07-05,2,0,5,-3,204,142,3,59,PAPUA BARAT
2020-07-06,8,0,5,3,212,147,3,62,PAPUA BARAT
2020-07-07,1,0,1,0,213,148,3,62,PAPUA BARAT
2020-07-08,0,0,1,-1,213,149,3,61,PAPUA BARAT
2020-07-09,5,0,0,5,218,149,3,66,PAPUA BARAT
2020-07-10,3,0,1,2,221,150,3,68,PAPUA BARAT
2020-07-11,5,0,1,4,226,151,3,72,PAPUA BARAT
2020-07-12,3,0,4,-1,229,155,3,71,PAPUA BARAT
2020-07-13,0,0,2,-2,229,157,3,69,PAPUA BARAT
2020-07-14,5,0,2,3,234,159,3,72,PAPUA BARAT
2020-07-15,0,0,4,-4,234,163,3,68,PAPUA BARAT
2020-07-16,2,0,0,2,236,163,3,70,PAPUA BARAT
2020-07-17,4,0,1,3,240,164,3,73,PAPUA BARAT
2020-07-18,34,1,1,32,274,165,4,105,PAPUA BARAT
2020-07-19,2,0,3,-1,276,168,4,104,PAPUA BARAT
2020-07-20,18,0,3,15,294,171,4,119,PAPUA BARAT
2020-07-21,2,0,1,1,296,172,4,120,PAPUA BARAT
2020-07-22,4,0,3,1,300,175,4,121,PAPUA BARAT
2020-07-23,6,0,11,-5,306,186,4,116,PAPUA BARAT
2020-07-24,1,0,1,0,307,187,4,116,PAPUA BARAT
2020-07-25,1,0,0,1,308,187,4,117,PAPUA BARAT
2020-07-26,3,0,0,3,311,187,4,120,PAPUA BARAT
2020-07-27,2,0,1,1,313,188,4,121,PAPUA BARAT
2020-07-28,1,0,24,-23,314,212,4,98,PAPUA BARAT
2020-07-29,15,0,2,13,329,214,4,111,PAPUA BARAT
2020-07-30,15,1,21,-7,344,235,5,104,PAPUA BARAT
2020-07-31,2,0,0,2,346,235,5,106,PAPUA BARAT
2020-08-01,16,0,0,16,362,235,5,122,PAPUA BARAT
2020-08-02,7,0,3,4,369,238,5,126,PAPUA BARAT
2020-08-03,0,0,0,0,369,238,5,126,PAPUA BARAT
2020-08-04,9,0,5,4,378,243,5,130,PAPUA BARAT
2020-08-05,9,0,1,8,387,244,5,138,PAPUA BARAT
2020-08-06,11,0,29,-18,398,273,5,120,PAPUA BARAT
2020-08-07,32,0,5,27,430,278,5,147,PAPUA BARAT
2020-08-08,13,0,11,2,443,289,5,149,PAPUA BARAT
2020-08-09,1,0,0,1,444,289,5,150,PAPUA BARAT
2020-08-10,4,0,17,-13,448,306,5,137,PAPUA BARAT
2020-08-11,1,0,5,-4,449,311,5,133,PAPUA BARAT
2020-08-12,9,1,5,3,458,316,6,136,PAPUA BARAT
2020-08-13,20,0,15,5,478,331,6,141,PAPUA BARAT
2020-08-14,0,0,16,-16,478,347,6,125,PAPUA BARAT
2020-08-15,6,0,1,5,484,348,6,130,PAPUA BARAT
2020-08-16,4,0,5,-1,488,353,6,129,PAPUA BARAT
2020-08-17,1,0,1,0,489,354,6,129,PAPUA BARAT
2020-08-18,11,0,31,-20,500,385,6,109,PAPUA BARAT
2020-08-19,12,0,21,-9,512,406,6,100,PAPUA BARAT
2020-08-20,6,0,1,5,518,407,6,105,PAPUA BARAT
2020-08-21,2,0,1,1,520,408,6,106,PAPUA BARAT
2020-08-22,3,0,5,-2,523,413,6,104,PAPUA BARAT
2020-08-23,2,1,0,1,525,413,7,105,PAPUA BARAT
2020-08-24,8,0,6,2,533,419,7,107,PAPUA BARAT
2020-08-25,0,0,0,0,533,419,7,107,PAPUA BARAT
2020-08-26,46,2,17,27,579,436,9,134,PAPUA BARAT
2020-08-27,7,1,9,-3,586,445,10,131,PAPUA BARAT
2020-08-28,5,0,6,-1,591,451,10,130,PAPUA BARAT
2020-08-29,19,0,0,19,610,451,10,149,PAPUA BARAT
2020-08-30,5,0,1,4,615,452,10,153,PAPUA BARAT
2020-08-31,43,0,5,38,658,457,10,191,PAPUA BARAT
2020-09-01,22,2,19,1,680,476,12,192,PAPUA BARAT
2020-09-02,4,0,6,-2,684,482,12,190,PAPUA BARAT
2020-09-03,22,0,1,21,706,483,12,211,PAPUA BARAT
2020-09-04,18,0,5,13,724,488,12,224,PAPUA BARAT
2020-09-05,5,0,14,-9,729,502,12,215,PAPUA BARAT
2020-09-06,10,1,0,9,739,502,13,224,PAPUA BARAT
2020-09-07,21,0,7,14,760,509,13,238,PAPUA BARAT
2020-09-08,1,0,3,-2,761,512,13,236,PAPUA BARAT
2020-09-09,14,0,8,6,775,520,13,242,PAPUA BARAT
2020-09-10,6,0,3,3,781,523,13,245,PAPUA BARAT
2020-09-11,37,2,17,18,818,540,15,263,PAPUA BARAT
2020-09-12,51,1,5,45,869,545,16,308,PAPUA BARAT
2020-09-13,0,0,0,0,869,545,16,308,PAPUA BARAT
2020-09-14,84,2,15,67,953,560,18,375,PAPUA BARAT
2020-09-15,42,0,10,32,995,570,18,407,PAPUA BARAT
2020-09-16,32,0,17,15,1027,587,18,422,PAPUA BARAT
2020-09-17,43,0,6,37,1070,593,18,459,PAPUA BARAT
2020-09-18,44,1,100,-57,1114,693,19,402,PAPUA BARAT
2020-09-19,40,0,0,40,1154,693,19,442,PAPUA BARAT
2020-09-20,54,0,38,16,1208,731,19,458,PAPUA BARAT
2020-09-21,17,0,10,7,1225,741,19,465,PAPUA BARAT
2020-09-22,58,0,2,56,1283,743,19,521,PAPUA BARAT
2020-09-23,68,0,16,52,1351,759,19,573,PAPUA BARAT
2020-09-24,0,0,0,0,1351,759,19,573,PAPUA BARAT
2020-09-25,121,3,87,31,1472,846,22,604,PAPUA BARAT
2020-09-26,98,0,11,87,1570,857,22,691,PAPUA BARAT
2020-09-27,33,0,15,18,1603,872,22,709,PAPUA BARAT
2020-09-28,51,2,31,18,1654,903,24,727,PAPUA BARAT
2020-09-29,26,2,10,14,1680,913,26,741,PAPUA BARAT
2020-09-30,37,1,20,16,1717,933,27,757,PAPUA BARAT
2020-10-01,24,0,6,18,1741,939,27,775,PAPUA BARAT
2020-10-02,40,0,0,40,1781,939,27,815,PAPUA BARAT
2020-10-03,36,1,2,33,1817,941,28,848,PAPUA BARAT
2020-10-04,69,0,66,3,1886,1007,28,851,PAPUA BARAT
2020-10-05,9,0,18,-9,1895,1025,28,842,PAPUA BARAT
2020-10-06,89,0,52,37,1984,1077,28,879,PAPUA BARAT
2020-10-07,55,2,34,19,2039,1111,30,898,PAPUA BARAT
2020-10-08,180,0,7,173,2219,1118,30,1071,PAPUA BARAT
2020-10-09,84,0,69,15,2303,1187,30,1086,PAPUA BARAT
2020-10-10,32,0,15,17,2335,1202,30,1103,PAPUA BARAT
2020-10-11,105,0,45,60,2440,1247,30,1163,PAPUA BARAT
2020-10-12,16,1,28,-13,2456,1275,31,1150,PAPUA BARAT
2020-10-13,34,1,602,-569,2490,1877,32,581,PAPUA BARAT
2020-10-14,0,0,0,0,2490,1877,32,581,PAPUA BARAT
2020-10-15,126,3,51,72,2616,1928,35,653,PAPUA BARAT
2020-10-16,97,0,36,61,2713,1964,35,714,PAPUA BARAT
2020-10-17,96,1,52,43,2809,2016,36,757,PAPUA BARAT
2020-10-18,133,1,28,104,2942,2044,37,861,PAPUA BARAT
2020-10-19,8,2,7,-1,2950,2051,39,860,PAPUA BARAT
2020-10-20,14,1,83,-70,2964,2134,40,790,PAPUA BARAT
2020-10-21,26,3,37,-14,2990,2171,43,776,PAPUA BARAT
2020-10-22,58,0,14,44,3048,2185,43,820,PAPUA BARAT
2020-10-23,81,2,32,47,3129,2217,45,867,PAPUA BARAT
2020-10-24,19,1,75,-57,3148,2292,46,810,PAPUA BARAT
2020-10-25,5,0,204,-199,3153,2496,46,611,PAPUA BARAT
2020-10-26,4,2,15,-13,3157,2511,48,598,PAPUA BARAT
2020-10-27,70,0,228,-158,3227,2739,48,440,PAPUA BARAT
2020-10-28,81,2,94,-15,3308,2833,50,425,PAPUA BARAT
2020-10-29,6,0,11,-5,3314,2844,50,420,PAPUA BARAT
2020-10-30,35,0,0,35,3349,2844,50,455,PAPUA BARAT
2020-10-31,8,0,87,-79,3357,2931,50,376,PAPUA BARAT
2020-11-01,33,1,35,-3,3390,2966,51,373,PAPUA BARAT
2020-11-02,0,0,0,0,3390,2966,51,373,PAPUA BARAT
2020-11-03,68,0,21,47,3458,2987,51,420,PAPUA BARAT
2020-11-04,16,1,9,6,3474,2996,52,426,PAPUA BARAT
2020-11-05,21,0,9,12,3495,3005,52,438,PAPUA BARAT
2020-11-06,54,0,7,47,3549,3012,52,485,PAPUA BARAT
2020-11-07,42,0,10,32,3591,3022,52,517,PAPUA BARAT
2020-11-08,44,0,117,-73,3635,3139,52,444,PAPUA BARAT
2020-11-09,6,2,5,-1,3641,3144,54,443,PAPUA BARAT
2020-11-10,19,0,2,17,3660,3146,54,460,PAPUA BARAT
2020-11-11,55,0,29,26,3715,3175,54,486,PAPUA BARAT
2020-11-12,5,0,14,-9,3720,3189,54,477,PAPUA BARAT
2020-11-13,19,0,12,7,3739,3201,54,484,PAPUA BARAT
2020-11-14,20,0,17,3,3759,3218,54,487,PAPUA BARAT
2020-11-15,0,0,93,-93,3759,3311,54,394,PAPUA BARAT
2020-11-16,0,1,11,-12,3759,3322,55,382,PAPUA BARAT
2020-11-17,0,0,13,-13,3759,3335,55,369,PAPUA BARAT
2020-11-18,58,0,68,-10,3817,3403,55,359,PAPUA BARAT
2020-11-19,29,2,42,-15,3846,3445,57,344,PAPUA BARAT
2020-11-20,54,0,3,51,3900,3448,57,395,PAPUA BARAT
2020-11-21,60,3,25,32,3960,3473,60,427,PAPUA BARAT
2020-11-22,39,1,43,-5,3999,3516,61,422,PAPUA BARAT
2020-11-23,23,1,44,-22,4022,3560,62,400,PAPUA BARAT
2020-11-24,60,0,20,40,4082,3580,62,440,PAPUA BARAT
2020-11-25,60,0,19,41,4142,3599,62,481,PAPUA BARAT
2020-11-26,43,0,26,17,4185,3625,62,498,PAPUA BARAT
2020-11-27,12,0,11,1,4197,3636,62,499,PAPUA BARAT
2020-11-28,28,2,10,16,4225,3646,64,515,PAPUA BARAT
2020-11-29,4,2,1,1,4229,3647,66,516,PAPUA BARAT
2020-11-30,16,1,12,3,4245,3659,67,519,PAPUA BARAT
2020-12-01,64,1,31,32,4309,3690,68,551,PAPUA BARAT
2020-12-02,15,0,30,-15,4324,3720,68,536,PAPUA BARAT
2020-12-03,5,0,35,-30,4329,3755,68,506,PAPUA BARAT
2020-12-04,18,0,24,-6,4347,3779,68,500,PAPUA BARAT
2020-12-05,12,0,22,-10,4359,3801,68,490,PAPUA BARAT
2020-12-06,2,0,36,-34,4361,3837,68,456,PAPUA BARAT
2020-12-07,6,1,2,3,4367,3839,69,459,PAPUA BARAT
2020-12-08,8,2,31,-25,4375,3870,71,434,PAPUA BARAT
2020-12-09,41,1,40,0,4416,3910,72,434,PAPUA BARAT
2020-12-10,22,1,55,-34,4438,3965,73,400,PAPUA BARAT
2020-12-11,9,0,41,-32,4447,4006,73,368,PAPUA BARAT
2020-12-12,26,0,38,-12,4473,4044,73,356,PAPUA BARAT
2020-12-13,36,0,14,22,4509,4058,73,378,PAPUA BARAT
2020-12-14,5,1,27,-23,4514,4085,74,355,PAPUA BARAT
2020-12-15,8,2,9,-3,4522,4094,76,352,PAPUA BARAT
2020-12-16,8,0,20,-12,4530,4114,76,340,PAPUA BARAT
2020-12-17,12,0,13,-1,4542,4127,76,339,PAPUA BARAT
2020-12-18,36,0,12,24,4578,4139,76,363,PAPUA BARAT
2020-12-19,33,0,36,-3,4611,4175,76,360,PAPUA BARAT
2020-12-20,8,0,26,-18,4619,4201,76,342,PAPUA BARAT
2020-12-21,38,0,12,26,4657,4213,76,368,PAPUA BARAT
2020-12-22,6,0,8,-2,4663,4221,76,366,PAPUA BARAT
2020-12-23,20,1,9,10,4683,4230,77,376,PAPUA BARAT
2020-12-24,27,0,9,18,4710,4239,77,394,PAPUA BARAT
2020-12-25,33,0,5,28,4743,4244,77,422,PAPUA BARAT
2020-12-26,14,0,46,-32,4757,4290,77,390,PAPUA BARAT
2020-12-27,13,0,9,4,4770,4299,77,394,PAPUA BARAT
2020-12-28,2,0,16,-14,4772,4315,77,380,PAPUA BARAT
2020-12-29,4,0,17,-13,4776,4332,77,367,PAPUA BARAT
2020-12-30,4,0,26,-22,4780,4358,77,345,PAPUA BARAT
2020-12-31,29,0,29,0,4809,4387,77,345,PAPUA BARAT
2021-01-01,13,1,3,9,4822,4390,78,354,PAPUA BARAT
2021-01-02,13,1,23,-11,4835,4413,79,343,PAPUA BARAT
2021-01-03,14,0,44,-30,4849,4457,79,313,PAPUA BARAT
2021-01-04,10,0,27,-17,4859,4484,79,296,PAPUA BARAT
2021-01-05,26,0,21,5,4885,4505,79,301,PAPUA BARAT
2021-01-06,11,0,16,-5,4896,4521,79,296,PAPUA BARAT
2021-01-07,26,0,4,22,4922,4525,79,318,PAPUA BARAT
2021-01-08,15,1,30,-16,4937,4555,80,302,PAPUA BARAT
2021-01-09,17,1,3,13,4954,4558,81,315,PAPUA BARAT
2021-01-10,23,0,0,23,4977,4558,81,338,PAPUA BARAT
2021-01-11,19,0,18,1,4996,4576,81,339,PAPUA BARAT
2021-01-12,24,0,11,13,5020,4587,81,352,PAPUA BARAT
2021-01-13,19,1,12,6,5039,4599,82,358,PAPUA BARAT
2021-01-14,10,0,5,5,5049,4604,82,363,PAPUA BARAT
2021-01-15,16,0,10,6,5065,4614,82,369,PAPUA BARAT
2021-01-16,43,0,6,37,5108,4620,82,406,PAPUA BARAT
2021-01-17,9,0,16,-7,5117,4636,82,399,PAPUA BARAT
2021-01-18,19,1,8,10,5136,4644,83,409,PAPUA BARAT
2021-01-19,9,0,6,3,5145,4650,83,412,PAPUA BARAT
2021-01-20,5,0,5,0,5150,4655,83,412,PAPUA BARAT
2021-01-21,41,0,24,17,5191,4679,83,429,PAPUA BARAT
2021-01-22,18,0,7,11,5209,4686,83,440,PAPUA BARAT
2021-01-23,16,0,21,-5,5225,4707,83,435,PAPUA BARAT
2021-01-24,19,0,9,10,5244,4716,83,445,PAPUA BARAT
2021-01-25,25,0,18,7,5269,4734,83,452,PAPUA BARAT
2021-01-26,16,0,21,-5,5285,4755,83,447,PAPUA BARAT
2021-01-27,19,1,11,7,5304,4766,84,454,PAPUA BARAT
2021-01-28,18,0,11,7,5322,4777,84,461,PAPUA BARAT
2021-01-29,25,1,21,3,5347,4798,85,464,PAPUA BARAT
2021-01-30,28,0,17,11,5375,4815,85,475,PAPUA BARAT
2021-01-31,18,2,25,-9,5393,4840,87,466,PAPUA BARAT
2021-02-01,3,0,24,-21,5396,4864,87,445,PAPUA BARAT
2021-02-02,18,0,23,-5,5414,4887,87,440,PAPUA BARAT
2021-02-03,28,0,31,-3,5442,4918,87,437,PAPUA BARAT
2021-02-04,4,0,30,-26,5446,4948,87,411,PAPUA BARAT
2021-02-05,12,0,17,-5,5458,4965,87,406,PAPUA BARAT
2021-02-06,12,0,16,-4,5470,4981,87,402,PAPUA BARAT
2021-02-07,12,0,9,3,5482,4990,87,405,PAPUA BARAT
2021-02-08,23,0,24,-1,5505,5014,87,404,PAPUA BARAT
2021-02-09,24,0,26,-2,5529,5040,87,402,PAPUA BARAT
2021-02-10,18,0,19,-1,5547,5059,87,401,PAPUA BARAT
2021-02-11,9,1,11,-3,5556,5070,88,398,PAPUA BARAT
2021-02-12,29,0,21,8,5585,5091,88,406,PAPUA BARAT
2021-02-13,5,0,27,-22,5590,5118,88,384,PAPUA BARAT
2021-02-14,21,7,9,5,5611,5127,95,389,PAPUA BARAT
2021-02-15,20,0,5,15,5631,5132,95,404,PAPUA BARAT
2021-02-16,7,0,0,7,5638,5132,95,411,PAPUA BARAT
2021-02-17,39,0,7,32,5677,5139,95,443,PAPUA BARAT
2021-02-18,19,0,24,-5,5696,5163,95,438,PAPUA BARAT
2021-02-19,12,0,5,7,5708,5168,95,445,PAPUA BARAT
2021-02-20,24,2,99,-77,5732,5267,97,368,PAPUA BARAT
2021-02-21,19,0,16,3,5751,5283,97,371,PAPUA BARAT
2021-02-22,27,0,23,4,5778,5306,97,375,PAPUA BARAT
2021-02-23,23,2,13,8,5801,5319,99,383,PAPUA BARAT
2021-02-24,45,0,27,18,5846,5346,99,401,PAPUA BARAT
2021-02-25,23,1,22,0,5869,5368,100,401,PAPUA BARAT
2021-02-26,28,0,37,-9,5897,5405,100,392,PAPUA BARAT
2021-02-27,27,0,23,4,5924,5428,100,396,PAPUA BARAT
2021-02-28,27,1,27,-1,5951,5455,101,395,PAPUA BARAT
2021-03-01,15,0,7,8,5966,5462,101,403,PAPUA BARAT
2021-03-02,23,0,22,1,5989,5484,101,404,PAPUA BARAT
2021-03-03,37,0,24,13,6026,5508,101,417,PAPUA BARAT
2021-03-04,23,0,32,-9,6049,5540,101,408,PAPUA BARAT
2021-03-05,22,0,14,8,6071,5554,101,416,PAPUA BARAT
2021-03-06,38,0,24,14,6109,5578,101,430,PAPUA BARAT
2021-03-07,12,0,32,-20,6121,5610,101,410,PAPUA BARAT
2021-03-08,11,1,13,-3,6132,5623,102,407,PAPUA BARAT
2021-03-09,43,0,33,10,6175,5656,102,417,PAPUA BARAT
2021-03-10,24,0,12,12,6199,5668,102,429,PAPUA BARAT
2021-03-11,29,0,14,15,6228,5682,102,444,PAPUA BARAT
2021-03-12,21,0,34,-13,6249,5716,102,431,PAPUA BARAT
2021-03-13,31,0,15,16,6280,5731,102,447,PAPUA BARAT
2021-03-14,29,0,23,6,6309,5754,102,453,PAPUA BARAT
2021-03-15,8,0,23,-15,6317,5777,102,438,PAPUA BARAT
2021-03-16,21,1,19,1,6338,5796,103,439,PAPUA BARAT
2021-03-17,33,1,18,14,6371,5814,104,453,PAPUA BARAT
2021-03-18,32,1,30,1,6403,5844,105,454,PAPUA BARAT
2021-03-19,19,0,26,-7,6422,5870,105,447,PAPUA BARAT
2021-03-20,32,1,30,1,6454,5900,106,448,PAPUA BARAT
2021-03-21,30,0,28,2,6484,5928,106,450,PAPUA BARAT
2021-03-22,12,0,30,-18,6496,5958,106,432,PAPUA BARAT
2021-03-23,20,0,19,1,6516,5977,106,433,PAPUA BARAT
2021-03-24,13,0,21,-8,6529,5998,106,425,PAPUA BARAT
2021-03-25,17,0,40,-23,6546,6038,106,402,PAPUA BARAT
2021-03-26,13,0,49,-36,6559,6087,106,366,PAPUA BARAT
2021-03-27,31,0,29,2,6590,6116,106,368,PAPUA BARAT
2021-03-28,24,0,34,-10,6614,6150,106,358,PAPUA BARAT
2021-03-29,8,0,5,3,6622,6155,106,361,PAPUA BARAT
2021-03-30,12,0,16,-4,6634,6171,106,357,PAPUA BARAT
2021-03-31,15,1,20,-6,6649,6191,107,351,PAPUA BARAT
2021-04-01,15,0,20,-5,6664,6211,107,346,PAPUA BARAT
2021-04-02,23,0,19,4,6687,6230,107,350,PAPUA BARAT
2021-04-03,12,0,32,-20,6699,6262,107,330,PAPUA BARAT
2021-04-04,16,1,11,4,6715,6273,108,334,PAPUA BARAT
2021-04-05,9,0,26,-17,6724,6299,108,317,PAPUA BARAT
2021-04-06,16,1,9,6,6740,6308,109,323,PAPUA BARAT
2021-04-07,20,3,21,-4,6760,6329,112,319,PAPUA BARAT
2021-04-08,25,0,29,-4,6785,6358,112,315,PAPUA BARAT
2021-04-09,24,0,20,4,6809,6378,112,319,PAPUA BARAT
2021-04-10,12,0,20,-8,6821,6398,112,311,PAPUA BARAT
2021-04-11,9,0,7,2,6830,6405,112,313,PAPUA BARAT
2021-04-12,8,0,9,-1,6838,6414,112,312,PAPUA BARAT
2021-04-13,49,0,17,32,6887,6431,112,344,PAPUA BARAT
2021-04-14,21,0,19,2,6908,6450,112,346,PAPUA BARAT
2021-04-15,10,0,9,1,6918,6459,112,347,PAPUA BARAT
2021-04-16,22,0,23,-1,6940,6482,112,346,PAPUA BARAT
2021-04-17,19,0,43,-24,6959,6525,112,322,PAPUA BARAT
2021-04-18,10,0,28,-18,6969,6553,112,304,PAPUA BARAT
2021-04-19,7,1,16,-10,6976,6569,113,294,PAPUA BARAT
2021-04-20,10,0,22,-12,6986,6591,113,282,PAPUA BARAT
2021-04-21,11,0,5,6,6997,6596,113,288,PAPUA BARAT
2021-04-22,29,0,30,-1,7026,6626,113,287,PAPUA BARAT
2021-04-23,19,0,14,5,7045,6640,113,292,PAPUA BARAT
2021-04-24,15,0,20,-5,7060,6660,113,287,PAPUA BARAT
2021-04-25,3,2,17,-16,7063,6677,115,271,PAPUA BARAT
2021-04-26,9,0,11,-2,7072,6688,115,269,PAPUA BARAT
2021-04-27,29,1,15,13,7101,6703,116,282,PAPUA BARAT
2021-04-28,30,2,16,12,7131,6719,118,294,PAPUA BARAT
2021-04-29,15,0,59,-44,7146,6778,118,250,PAPUA BARAT
2021-04-30,6,1,29,-24,7152,6807,119,226,PAPUA BARAT
2021-05-01,21,0,28,-7,7173,6835,119,219,PAPUA BARAT
2021-05-02,10,0,7,3,7183,6842,119,222,PAPUA BARAT
2021-05-03,1,0,20,-19,7184,6862,119,203,PAPUA BARAT
2021-05-04,19,0,5,14,7203,6867,119,217,PAPUA BARAT
2021-05-05,18,0,31,-13,7221,6898,119,204,PAPUA BARAT
2021-05-06,9,0,10,-1,7230,6908,119,203,PAPUA BARAT
2021-05-07,27,0,25,2,7257,6933,119,205,PAPUA BARAT
2021-05-08,8,0,14,-6,7265,6947,119,199,PAPUA BARAT
2021-05-09,8,0,18,-10,7273,6965,119,189,PAPUA BARAT
2021-05-10,6,0,13,-7,7279,6978,119,182,PAPUA BARAT
2021-05-11,16,0,18,-2,7295,6996,119,180,PAPUA BARAT
2021-05-12,20,0,3,17,7315,6999,119,197,PAPUA BARAT
2021-05-13,2,0,25,-23,7317,7024,119,174,PAPUA BARAT
2021-05-14,3,0,10,-7,7320,7034,119,167,PAPUA BARAT
2021-05-15,3,0,10,-7,7323,7044,119,160,PAPUA BARAT
2021-05-16,4,0,13,-9,7327,7057,119,151,PAPUA BARAT
2021-05-17,1,1,14,-14,7328,7071,120,137,PAPUA BARAT
2021-05-18,18,2,36,-20,7346,7107,122,117,PAPUA BARAT
2021-05-19,5,0,11,-6,7351,7118,122,111,PAPUA BARAT
2021-05-20,5,0,0,5,7356,7118,122,116,PAPUA BARAT
2021-05-21,26,2,36,-12,7382,7154,124,104,PAPUA BARAT
2021-05-22,3,0,12,-9,7385,7166,124,95,PAPUA BARAT
2021-05-23,17,1,9,7,7402,7175,125,102,PAPUA BARAT
2021-05-24,1,0,15,-14,7403,7190,125,88,PAPUA BARAT
2021-05-25,2,0,10,-8,7405,7200,125,80,PAPUA BARAT
2021-05-26,11,2,2,7,7416,7202,127,87,PAPUA BARAT
2021-05-27,2,1,0,1,7418,7202,128,88,PAPUA BARAT
2021-05-28,16,2,4,10,7434,7206,130,98,PAPUA BARAT
2021-05-29,7,1,5,1,7441,7211,131,99,PAPUA BARAT
2021-05-30,2,0,8,-6,7443,7219,131,93,PAPUA BARAT
2021-05-31,16,0,3,13,7459,7222,131,106,PAPUA BARAT
2021-06-01,6,0,1,5,7465,7223,131,111,PAPUA BARAT
2021-06-02,3,2,12,-11,7468,7235,133,100,PAPUA BARAT
2021-06-03,13,0,15,-2,7481,7250,133,98,PAPUA BARAT
2021-06-04,10,0,11,-1,7491,7261,133,97,PAPUA BARAT
2021-06-05,5,0,6,-1,7496,7267,133,96,PAPUA BARAT
2021-06-06,22,0,19,3,7518,7286,133,99,PAPUA BARAT
2021-06-07,1,0,9,-8,7519,7295,133,91,PAPUA BARAT
2021-06-08,14,0,36,-22,7533,7331,133,69,PAPUA BARAT
2021-06-09,3,0,4,-1,7536,7335,133,68,PAPUA BARAT
2021-06-10,2,0,18,-16,7538,7353,133,52,PAPUA BARAT
2021-06-11,11,0,9,2,7549,7362,133,54,PAPUA BARAT
2021-06-12,9,0,6,3,7558,7368,133,57,PAPUA BARAT
2021-06-13,10,0,5,5,7568,7373,133,62,PAPUA BARAT
2021-06-14,9,0,5,4,7577,7378,133,66,PAPUA BARAT
2021-06-15,13,0,10,3,7590,7388,133,69,PAPUA BARAT
2021-06-16,21,0,6,15,7611,7394,133,84,PAPUA BARAT
2021-06-17,34,1,16,17,7645,7410,134,101,PAPUA BARAT
2021-06-18,36,1,0,35,7681,7410,135,136,PAPUA BARAT
2021-06-19,29,0,2,27,7710,7412,135,163,PAPUA BARAT
2021-06-20,45,0,6,39,7755,7418,135,202,PAPUA BARAT
2021-06-21,5,0,2,3,7760,7420,135,205,PAPUA BARAT
2021-06-22,18,0,11,7,7778,7431,135,212,PAPUA BARAT
2021-06-23,67,0,6,61,7845,7437,135,273,PAPUA BARAT
2021-06-24,91,0,19,72,7936,7456,135,345,PAPUA BARAT
2021-06-25,73,2,6,65,8009,7462,137,410,PAPUA BARAT
2021-06-26,118,2,6,110,8127,7468,139,520,PAPUA BARAT
2021-06-27,126,1,19,106,8253,7487,140,626,PAPUA BARAT
2021-06-28,92,0,12,80,8345,7499,140,706,PAPUA BARAT
2021-06-29,108,0,34,74,8453,7533,140,780,PAPUA BARAT
2021-06-30,125,1,32,92,8578,7565,141,872,PAPUA BARAT
2021-07-01,119,1,20,98,8697,7585,142,970,PAPUA BARAT
2021-07-02,238,2,29,207,8935,7614,144,1177,PAPUA BARAT
2021-07-03,162,0,3,159,9097,7617,144,1336,PAPUA BARAT
2021-07-04,223,0,20,203,9320,7637,144,1539,PAPUA BARAT
2021-07-05,281,0,32,249,9601,7669,144,1788,PAPUA BARAT
2021-07-06,208,0,39,169,9809,7708,144,1957,PAPUA BARAT
2021-07-07,225,1,43,181,10034,7751,145,2138,PAPUA BARAT
2021-07-08,246,3,71,172,10280,7822,148,2310,PAPUA BARAT
2021-07-09,165,4,46,115,10445,7868,152,2425,PAPUA BARAT
2021-07-10,155,2,46,107,10600,7914,154,2532,PAPUA BARAT
2021-07-11,163,0,63,100,10763,7977,154,2632,PAPUA BARAT
2021-07-12,116,4,96,16,10879,8073,158,2648,PAPUA BARAT
2021-07-13,220,5,73,142,11099,8146,163,2790,PAPUA BARAT
2021-07-14,487,3,163,321,11586,8309,166,3111,PAPUA BARAT
2021-07-15,277,3,287,-13,11863,8596,169,3098,PAPUA BARAT
2021-07-16,477,7,220,250,12340,8816,176,3348,PAPUA BARAT
2021-07-17,236,2,372,-138,12576,9188,178,3210,PAPUA BARAT
2021-07-18,124,3,123,-2,12700,9311,181,3208,PAPUA BARAT
2021-07-19,58,3,112,-57,12758,9423,184,3151,PAPUA BARAT
2021-07-20,271,2,171,98,13029,9594,186,3249,PAPUA BARAT
2021-07-21,189,0,213,-24,13218,9807,186,3225,PAPUA BARAT
2021-07-22,127,5,137,-15,13345,9944,191,3210,PAPUA BARAT
2021-07-23,195,2,213,-20,13540,10157,193,3190,PAPUA BARAT
2021-07-24,98,2,176,-80,13638,10333,195,3110,PAPUA BARAT
2021-07-25,217,13,440,-236,13855,10773,208,2874,PAPUA BARAT
2021-07-26,62,5,260,-203,13917,11033,213,2671,PAPUA BARAT
2021-07-27,148,3,350,-205,14065,11383,216,2466,PAPUA BARAT
2021-07-28,84,0,186,-102,14149,11569,216,2364,PAPUA BARAT
2021-07-29,262,3,393,-134,14411,11962,219,2230,PAPUA BARAT
2021-07-30,156,6,267,-117,14567,12229,225,2113,PAPUA BARAT
2021-07-31,252,1,125,126,14819,12354,226,2239,PAPUA BARAT
2021-08-01,201,3,76,122,15020,12430,229,2361,PAPUA BARAT
2021-08-02,101,1,410,-310,15121,12840,230,2051,PAPUA BARAT
2021-08-03,166,1,122,43,15287,12962,231,2094,PAPUA BARAT
2021-08-04,126,0,124,2,15413,13086,231,2096,PAPUA BARAT
2021-08-05,217,1,152,64,15630,13238,232,2160,PAPUA BARAT
2021-08-06,58,0,237,-179,15688,13475,232,1981,PAPUA BARAT
2021-08-07,109,4,135,-30,15797,13610,236,1951,PAPUA BARAT
2021-08-08,54,0,160,-106,15851,13770,236,1845,PAPUA BARAT
2021-08-09,330,1,202,127,16181,13972,237,1972,PAPUA BARAT
2021-08-10,342,2,264,76,16523,14236,239,2048,PAPUA BARAT
2021-08-11,281,4,413,-136,16804,14649,243,1912,PAPUA BARAT
2021-08-12,180,4,222,-46,16984,14871,247,1866,PAPUA BARAT
2021-08-13,109,0,95,14,17093,14966,247,1880,PAPUA BARAT
2021-08-14,78,2,121,-45,17171,15087,249,1835,PAPUA BARAT
2021-08-15,49,4,226,-181,17220,15313,253,1654,PAPUA BARAT
2021-08-16,21,1,91,-71,17241,15404,254,1583,PAPUA BARAT
2021-08-17,33,4,120,-91,17274,15524,258,1492,PAPUA BARAT
2021-08-18,66,2,151,-87,17340,15675,260,1405,PAPUA BARAT
2021-08-19,73,1,178,-106,17413,15853,261,1299,PAPUA BARAT
2021-08-20,45,0,86,-41,17458,15939,261,1258,PAPUA BARAT
2021-08-21,17,4,304,-291,17475,16243,265,967,PAPUA BARAT
2021-08-22,5,1,272,-268,17480,16515,266,699,PAPUA BARAT
2021-08-23,16,0,108,-92,17496,16623,266,607,PAPUA BARAT
2021-08-24,36,1,204,-169,17532,16827,267,438,PAPUA BARAT
2021-08-25,46,0,96,-50,17578,16923,267,388,PAPUA BARAT
2021-08-26,110,2,95,13,17688,17018,269,401,PAPUA BARAT
2021-08-27,33,0,137,-104,17721,17155,269,297,PAPUA BARAT
2021-08-28,8,1,76,-69,17729,17231,270,228,PAPUA BARAT
2021-08-29,13,1,41,-29,17742,17272,271,199,PAPUA BARAT
2021-08-30,17,1,24,-8,17759,17296,272,191,PAPUA BARAT
2021-08-31,32,0,37,-5,17791,17333,272,186,PAPUA BARAT
2021-09-01,142,1,60,81,17933,17393,273,267,PAPUA BARAT
2021-09-02,39,0,105,-66,17972,17498,273,201,PAPUA BARAT
2021-09-03,21,0,67,-46,17993,17565,273,155,PAPUA BARAT
2021-09-04,21,0,45,-24,18014,17610,273,131,PAPUA BARAT
2021-09-05,45,0,17,28,18059,17627,273,159,PAPUA BARAT
2021-09-06,16,0,25,-9,18075,17652,273,150,PAPUA BARAT
2021-09-07,37,0,29,8,18112,17681,273,158,PAPUA BARAT
2021-09-08,37,0,33,4,18149,17714,273,162,PAPUA BARAT
2021-09-09,18,0,11,7,18167,17725,273,169,PAPUA BARAT
2021-09-10,6,0,22,-16,18173,17747,273,153,PAPUA BARAT
2021-09-11,10,1,14,-5,18183,17761,274,148,PAPUA BARAT
2021-09-12,7,0,11,-4,18190,17772,274,144,PAPUA BARAT
2021-09-13,5,0,11,-6,18195,17783,274,138,PAPUA BARAT
2021-09-14,6,0,9,-3,18201,17792,274,135,PAPUA BARAT
2021-09-15,7,1,8,-2,18208,17800,275,133,PAPUA BARAT
2021-09-16,14,0,15,-1,18222,17815,275,132,PAPUA BARAT
2021-09-17,4,1,42,-39,18226,17857,276,93,PAPUA BARAT
2021-09-18,9,0,8,1,18235,17865,276,94,PAPUA BARAT
2021-09-19,3,0,5,-2,18238,17870,276,92,PAPUA BARAT
2021-09-20,1,0,11,-10,18239,17881,276,82,PAPUA BARAT
2021-09-21,31,0,4,27,18270,17885,276,109,PAPUA BARAT
2021-09-22,11,0,36,-25,18281,17921,276,84,PAPUA BARAT
2021-09-23,27,0,9,18,18308,17930,276,102,PAPUA BARAT
2021-09-24,12,1,23,-12,18320,17953,277,90,PAPUA BARAT
2021-09-25,7,0,9,-2,18327,17962,277,88,PAPUA BARAT
2021-09-26,1,1,7,-7,18328,17969,278,81,PAPUA BARAT
2021-09-27,2,0,13,-11,18330,17982,278,70,PAPUA BARAT
2021-09-28,6,0,0,6,18336,17982,278,76,PAPUA BARAT
2021-09-29,5,0,4,1,18341,17986,278,77,PAPUA BARAT
2021-09-30,1,0,11,-10,18342,17997,278,67,PAPUA BARAT
2021-10-01,4,0,3,1,18346,18000,278,68,PAPUA BARAT
2021-10-02,5,0,13,-8,18351,18013,278,60,PAPUA BARAT
2021-10-03,8,0,2,6,18359,18015,278,66,PAPUA BARAT
2021-10-04,2,0,4,-2,18361,18019,278,64,PAPUA BARAT
2021-10-05,13,0,10,3,18374,18029,278,67,PAPUA BARAT
2021-10-06,29,0,5,24,18403,18034,278,91,PAPUA BARAT
2021-10-07,18,0,2,16,18421,18036,278,107,PAPUA BARAT
2021-10-08,26,0,1,25,18447,18037,278,132,PAPUA BARAT
2021-10-09,1,0,6,-5,18448,18043,278,127,PAPUA BARAT
2021-10-10,1,0,3,-2,18449,18046,278,125,PAPUA BARAT
2021-10-11,0,0,5,-5,18449,18051,278,120,PAPUA BARAT
2021-10-12,1,0,1,0,18450,18052,278,120,PAPUA BARAT
2021-10-13,0,0,5,-5,18450,18057,278,115,PAPUA BARAT
2021-10-14,2,0,4,-2,18452,18061,278,113,PAPUA BARAT
2021-10-15,5,0,5,0,18457,18066,278,113,PAPUA BARAT
2021-10-16,1,0,12,-11,18458,18078,278,102,PAPUA BARAT
2021-10-17,1,0,0,1,18459,18078,278,103,PAPUA BARAT
2021-10-18,6,0,3,3,18465,18081,278,106,PAPUA BARAT
2021-10-19,0,1,9,-10,18465,18090,279,96,PAPUA BARAT
2021-10-20,4,0,20,-16,18469,18110,279,80,PAPUA BARAT
2021-10-21,5,0,0,5,18474,18110,279,85,PAPUA BARAT
2021-10-22,3,0,2,1,18477,18112,279,86,PAPUA BARAT
2021-10-23,2,0,0,2,18479,18112,279,88,PAPUA BARAT
2021-10-24,0,0,0,0,18479,18112,279,88,PAPUA BARAT
2021-10-25,0,0,1,-1,18479,18113,279,87,PAPUA BARAT
2021-10-26,4,0,67,-63,18483,18180,279,24,PAPUA BARAT
2021-10-27,1,0,3,-2,18484,18183,279,22,PAPUA BARAT
2021-10-28,0,0,1,-1,18484,18184,279,21,PAPUA BARAT
2021-10-29,2,0,0,2,18486,18184,279,23,PAPUA BARAT
2021-10-30,0,0,0,0,18486,18184,279,23,PAPUA BARAT
2021-10-31,0,1,0,-1,18486,18184,280,22,PAPUA BARAT
2021-11-01,8,0,6,2,18494,18190,280,24,PAPUA BARAT
2021-11-02,31,0,1,30,18525,18191,280,54,PAPUA BARAT
2021-11-03,15,0,3,12,18540,18194,280,66,PAPUA BARAT
2021-11-04,6,0,0,6,18546,18194,280,72,PAPUA BARAT
2021-11-05,10,0,5,5,18556,18199,280,77,PAPUA BARAT
2021-11-06,6,0,2,4,18562,18201,280,81,PAPUA BARAT
2021-11-07,19,0,0,19,18581,18201,280,100,PAPUA BARAT
2021-11-08,5,1,0,4,18586,18201,281,104,PAPUA BARAT
2021-11-09,8,0,2,6,18594,18203,281,110,PAPUA BARAT
2021-11-10,8,1,0,7,18602,18203,282,117,PAPUA BARAT
2021-11-11,8,0,2,6,18610,18205,282,123,PAPUA BARAT
2021-11-12,10,0,0,10,18620,18205,282,133,PAPUA BARAT
2021-11-13,4,0,1,3,18624,18206,282,136,PAPUA BARAT
2021-11-14,12,0,2,10,18636,18208,282,146,PAPUA BARAT
2021-11-15,3,0,0,3,18639,18208,282,149,PAPUA BARAT
2021-11-16,11,0,0,11,18650,18208,282,160,PAPUA BARAT
2021-11-17,7,0,3,4,18657,18211,282,164,PAPUA BARAT
2021-11-18,9,0,0,9,18666,18211,282,173,PAPUA BARAT
2021-11-19,5,0,3,2,18671,18214,282,175,PAPUA BARAT
2021-11-20,5,0,1,4,18676,18215,282,179,PAPUA BARAT
2021-11-21,5,0,0,5,18681,18215,282,184,PAPUA BARAT
2021-11-22,4,0,3,1,18685,18218,282,185,PAPUA BARAT
2021-11-23,3,0,4,-1,18688,18222,282,184,PAPUA BARAT
2021-11-24,7,0,6,1,18695,18228,282,185,PAPUA BARAT
2021-11-25,2,0,0,2,18697,18228,282,187,PAPUA BARAT
2021-11-26,4,0,2,2,18701,18230,282,189,PAPUA BARAT
2021-11-27,8,0,1,7,18709,18231,282,196,PAPUA BARAT
2021-11-28,2,0,1,1,18711,18232,282,197,PAPUA BARAT
2021-11-29,2,0,3,-1,18713,18235,282,196,PAPUA BARAT
2021-11-30,5,0,0,5,18718,18235,282,201,PAPUA BARAT
2021-12-01,2,0,0,2,18720,18235,282,203,PAPUA BARAT
2021-12-02,8,0,2,6,18728,18237,282,209,PAPUA BARAT
2021-12-03,4,0,0,4,18732,18237,282,213,PAPUA BARAT
2021-12-04,8,0,0,8,18740,18237,282,221,PAPUA BARAT
2021-12-05,5,0,1,4,18745,18238,282,225,PAPUA BARAT
2021-12-06,4,0,1,3,18749,18239,282,228,PAPUA BARAT
2021-12-07,11,0,3,8,18760,18242,282,236,PAPUA BARAT
2021-12-08,2,0,0,2,18762,18242,282,238,PAPUA BARAT
2021-12-09,7,0,0,7,18769,18242,282,245,PAPUA BARAT
2021-12-10,3,0,1,2,18772,18243,282,247,PAPUA BARAT
2021-12-11,4,0,0,4,18776,18243,282,251,PAPUA BARAT
2021-12-12,7,0,1,6,18783,18244,282,257,PAPUA BARAT
2021-12-13,6,0,0,6,18789,18244,282,263,PAPUA BARAT
2021-12-14,5,0,0,5,18794,18244,282,268,PAPUA BARAT
2021-12-15,5,0,0,5,18799,18244,282,273,PAPUA BARAT
2021-12-16,16,0,0,16,18815,18244,282,289,PAPUA BARAT
2021-12-17,7,0,0,7,18822,18244,282,296,PAPUA BARAT
2021-12-18,16,0,0,16,18838,18244,282,312,PAPUA BARAT
2021-12-19,6,0,4,2,18844,18248,282,314,PAPUA BARAT
2021-12-20,0,0,0,0,18844,18248,282,314,PAPUA BARAT
2021-12-21,5,0,0,5,18849,18248,282,319,PAPUA BARAT
2021-12-22,4,0,0,4,18853,18248,282,323,PAPUA BARAT
2021-12-23,2,0,1,1,18855,18249,282,324,PAPUA BARAT
2021-12-24,4,0,1,3,18859,18250,282,327,PAPUA BARAT
2021-12-25,11,0,0,11,18870,18250,282,338,PAPUA BARAT
2021-12-26,4,0,14,-10,18874,18264,282,328,PAPUA BARAT
2021-12-27,7,0,3,4,18881,18267,282,332,PAPUA BARAT
2021-12-28,13,0,0,13,18894,18267,282,345,PAPUA BARAT
2021-12-29,36,0,84,-48,18930,18351,282,297,PAPUA BARAT
2021-12-30,23,0,207,-184,18953,18558,282,113,PAPUA BARAT
2021-12-31,1,0,27,-26,18954,18585,282,87,PAPUA BARAT
2022-01-01,9,0,16,-7,18963,18601,282,80,PAPUA BARAT
2022-01-02,2,0,6,-4,18965,18607,282,76,PAPUA BARAT
2022-01-03,7,0,0,7,18972,18607,282,83,PAPUA BARAT
2022-01-04,13,0,5,8,18985,18612,282,91,PAPUA BARAT
2022-01-05,12,0,4,8,18997,18616,282,99,PAPUA BARAT
2022-01-06,4,0,49,-45,19001,18665,282,54,PAPUA BARAT
2022-01-07,2,0,13,-11,19003,18678,282,43,PAPUA BARAT
2022-01-08,7,0,5,2,19010,18683,282,45,PAPUA BARAT
2022-01-09,1,0,0,1,19011,18683,282,46,PAPUA BARAT
2022-01-10,1,0,7,-6,19012,18690,282,40,PAPUA BARAT
2022-01-11,2,0,7,-5,19014,18697,282,35,PAPUA BARAT
2022-01-12,0,0,1,-1,19014,18698,282,34,PAPUA BARAT
2022-01-13,9,0,2,7,19023,18700,282,41,PAPUA BARAT
2022-01-14,3,0,4,-1,19026,18704,282,40,PAPUA BARAT
2022-01-15,1,0,4,-3,19027,18708,282,37,PAPUA BARAT
2022-01-16,1,0,1,0,19028,18709,282,37,PAPUA BARAT
2022-01-17,0,0,20,-20,19028,18729,282,17,PAPUA BARAT
2022-01-18,1,0,2,-1,19029,18731,282,16,PAPUA BARAT
2022-01-19,1,0,1,0,19030,18732,282,16,PAPUA BARAT
2022-01-20,1,0,1,0,19031,18733,282,16,PAPUA BARAT
2022-01-21,2,0,5,-3,19033,18738,282,13,PAPUA BARAT
2022-01-22,3,0,0,3,19036,18738,282,16,PAPUA BARAT
2022-01-23,1,0,1,0,19037,18739,282,16,PAPUA BARAT
2022-01-24,0,0,2,-2,19037,18741,282,14,PAPUA BARAT
2022-01-25,8,0,3,5,19045,18744,282,19,PAPUA BARAT
2022-01-26,3,0,1,2,19048,18745,282,21,PAPUA BARAT
2022-01-27,6,0,1,5,19054,18746,282,26,PAPUA BARAT
2022-01-28,4,0,1,3,19058,18747,282,29,PAPUA BARAT
2022-01-29,6,0,2,4,19064,18749,282,33,PAPUA BARAT
2022-01-30,1,0,1,0,19065,18750,282,33,PAPUA BARAT
2022-01-31,8,0,2,6,19073,18752,282,39,PAPUA BARAT
2022-02-01,26,0,0,26,19099,18752,282,65,PAPUA BARAT
2022-02-02,26,0,3,23,19125,18755,282,88,PAPUA BARAT
2022-02-03,60,0,2,58,19185,18757,282,146,PAPUA BARAT
2022-02-04,63,0,7,56,19248,18764,282,202,PAPUA BARAT
2022-02-05,58,0,1,57,19306,18765,282,259,PAPUA BARAT
2022-02-06,36,0,9,27,19342,18774,282,286,PAPUA BARAT
2022-02-07,35,0,5,30,19377,18779,282,316,PAPUA BARAT
2022-02-08,129,1,12,116,19506,18791,283,432,PAPUA BARAT
2022-02-09,136,0,15,121,19642,18806,283,553,PAPUA BARAT
2022-02-10,171,0,23,148,19813,18829,283,701,PAPUA BARAT
2022-02-11,133,0,24,109,19946,18853,283,810,PAPUA BARAT
2022-02-12,240,1,40,199,20186,18893,284,1009,PAPUA BARAT
2022-02-13,173,0,59,114,20359,18952,284,1123,PAPUA BARAT
2022-02-14,169,0,43,126,20528,18995,284,1249,PAPUA BARAT
2022-02-15,276,0,54,222,20804,19049,284,1471,PAPUA BARAT
2022-02-16,313,0,69,244,21117,19118,284,1715,PAPUA BARAT
2022-02-17,348,0,92,256,21465,19210,284,1971,PAPUA BARAT
2022-02-18,211,0,115,96,21676,19325,284,2067,PAPUA BARAT
2022-02-19,378,0,118,260,22054,19443,284,2327,PAPUA BARAT
2022-02-20,209,0,158,51,22263,19601,284,2378,PAPUA BARAT
2022-02-21,122,0,172,-50,22385,19773,284,2328,PAPUA BARAT
2022-02-22,263,0,290,-27,22648,20063,284,2301,PAPUA BARAT
2022-02-23,184,0,234,-50,22832,20297,284,2251,PAPUA BARAT
2022-02-24,146,0,157,-11,22978,20454,284,2240,PAPUA BARAT
2022-02-25,109,1,346,-238,23087,20800,285,2002,PAPUA BARAT
2022-02-26,167,1,160,6,23254,20960,286,2008,PAPUA BARAT
2022-02-27,88,0,310,-222,23342,21270,286,1786,PAPUA BARAT
2022-02-28,64,2,155,-93,23406,21425,288,1693,PAPUA BARAT
2022-03-01,103,0,272,-169,23509,21697,288,1524,PAPUA BARAT
2022-03-02,162,0,290,-128,23671,21987,288,1396,PAPUA BARAT
2022-03-03,132,0,96,36,23803,22083,288,1432,PAPUA BARAT
2022-03-04,126,1,241,-116,23929,22324,289,1316,PAPUA BARAT
2022-03-05,117,0,131,-14,24046,22455,289,1302,PAPUA BARAT
2022-03-06,61,0,159,-98,24107,22614,289,1204,PAPUA BARAT
2022-03-07,132,0,88,44,24239,22702,289,1248,PAPUA BARAT
2022-03-08,165,1,124,40,24404,22826,290,1288,PAPUA BARAT
2022-03-09,68,1,148,-81,24472,22974,291,1207,PAPUA BARAT
2022-03-10,71,0,43,28,24543,23017,291,1235,PAPUA BARAT
2022-03-11,47,0,180,-133,24590,23197,291,1102,PAPUA BARAT
2022-03-12,51,0,39,12,24641,23236,291,1114,PAPUA BARAT
2022-03-13,27,1,64,-38,24668,23300,292,1076,PAPUA BARAT
2022-03-14,28,1,159,-132,24696,23459,293,944,PAPUA BARAT
2022-03-15,41,0,126,-85,24737,23585,293,859,PAPUA BARAT
2022-03-16,23,0,115,-92,24760,23700,293,767,PAPUA BARAT
2022-03-17,32,0,113,-81,24792,23813,293,686,PAPUA BARAT
2022-03-18,15,0,188,-173,24807,24001,293,513,PAPUA BARAT
2022-03-19,14,0,68,-54,24821,24069,293,459,PAPUA BARAT
2022-03-20,5,0,60,-55,24826,24129,293,404,PAPUA BARAT
2022-03-21,9,1,97,-89,24835,24226,294,315,PAPUA BARAT
2022-03-22,93,0,175,-82,24928,24401,294,233,PAPUA BARAT
2022-03-23,26,1,13,12,24954,24414,295,245,PAPUA BARAT
2022-03-24,2,1,51,-50,24956,24465,296,195,PAPUA BARAT
2022-03-25,3,0,49,-46,24959,24514,296,149,PAPUA BARAT
2022-03-26,15,0,21,-6,24974,24535,296,143,PAPUA BARAT
2022-03-27,2,0,8,-6,24976,24543,296,137,PAPUA BARAT
2022-03-28,0,1,50,-51,24976,24593,297,86,PAPUA BARAT
2022-03-29,9,1,9,-1,24985,24602,298,85,PAPUA BARAT
2022-03-30,3,0,10,-7,24988,24612,298,78,PAPUA BARAT
2022-03-31,6,1,8,-3,24994,24620,299,75,PAPUA BARAT
2022-04-01,7,1,19,-13,25001,24639,300,62,PAPUA BARAT
2022-04-02,2,0,9,-7,25003,24648,300,55,PAPUA BARAT
2022-04-03,2,0,5,-3,25005,24653,300,52,PAPUA BARAT
2022-04-04,14,0,6,8,25019,24659,300,60,PAPUA BARAT
2022-04-05,1,0,2,-1,25020,24661,300,59,PAPUA BARAT
2022-04-06,7,0,2,5,25027,24663,300,64,PAPUA BARAT
2022-04-07,7,0,8,-1,25034,24671,300,63,PAPUA BARAT
2022-04-08,5,0,4,1,25039,24675,300,64,PAPUA BARAT
2022-04-09,2,0,1,1,25041,24676,300,65,PAPUA BARAT
2022-04-10,1,0,1,0,25042,24677,300,65,PAPUA BARAT
2022-04-11,0,0,6,-6,25042,24683,300,59,PAPUA BARAT
2022-04-12,2,0,6,-4,25044,24689,300,55,PAPUA BARAT
2022-04-13,7,0,15,-8,25051,24704,300,47,PAPUA BARAT
2022-04-14,3,1,6,-4,25054,24710,301,43,PAPUA BARAT
2022-04-15,4,0,6,-2,25058,24716,301,41,PAPUA BARAT
2022-04-16,0,0,3,-3,25058,24719,301,38,PAPUA BARAT
2022-04-17,1,0,1,0,25059,24720,301,38,PAPUA BARAT
2022-04-18,1,0,12,-11,25060,24732,301,27,PAPUA BARAT
2022-04-19,5,0,0,5,25065,24732,301,32,PAPUA BARAT
2022-04-20,1,1,1,-1,25066,24733,302,31,PAPUA BARAT
2022-04-21,9,0,10,-1,25075,24743,302,30,PAPUA BARAT
2022-04-22,1,0,0,1,25076,24743,302,31,PAPUA BARAT
2022-04-23,7,0,0,7,25083,24743,302,38,PAPUA BARAT
2022-04-24,24,0,23,1,25107,24766,302,39,PAPUA BARAT
2022-04-25,3,0,7,-4,25110,24773,302,35,PAPUA BARAT
2022-04-26,5,0,2,3,25115,24775,302,38,PAPUA BARAT
2022-04-27,3,0,2,1,25118,24777,302,39,PAPUA BARAT
2022-04-28,2,0,0,2,25120,24777,302,41,PAPUA BARAT
2022-04-29,2,0,1,1,25122,24778,302,42,PAPUA BARAT
2022-04-30,2,0,2,0,25124,24780,302,42,PAPUA BARAT
2022-05-01,0,0,2,-2,25124,24782,302,40,PAPUA BARAT
2022-05-02,2,0,1,1,25126,24783,302,41,PAPUA BARAT
2022-05-03,0,0,2,-2,25126,24785,302,39,PAPUA BARAT
2022-05-04,3,0,3,0,25129,24788,302,39,PAPUA BARAT
2022-05-05,1,0,0,1,25130,24788,302,40,PAPUA BARAT
2022-05-06,3,0,0,3,25133,24788,302,43,PAPUA BARAT
2022-05-07,1,0,1,0,25134,24789,302,43,PAPUA BARAT
2022-05-08,0,0,3,-3,25134,24792,302,40,PAPUA BARAT
2022-05-09,1,0,18,-17,25135,24810,302,23,PAPUA BARAT
2022-05-10,5,1,0,4,25140,24810,303,27,PAPUA BARAT
2022-05-11,1,0,0,1,25141,24810,303,28,PAPUA BARAT
2022-05-12,3,0,10,-7,25144,24820,303,21,PAPUA BARAT
2022-05-13,2,0,0,2,25146,24820,303,23,PAPUA BARAT
2022-05-14,5,0,3,2,25151,24823,303,25,PAPUA BARAT
2022-05-15,0,0,4,-4,25151,24827,303,21,PAPUA BARAT
2022-05-16,0,0,2,-2,25151,24829,303,19,PAPUA BARAT
2022-05-17,1,0,0,1,25152,24829,303,20,PAPUA BARAT
2022-05-18,0,0,1,-1,25152,24830,303,19,PAPUA BARAT
2022-05-19,0,0,2,-2,25152,24832,303,17,PAPUA BARAT
2022-05-20,7,0,0,7,25159,24832,303,24,PAPUA BARAT
2022-05-21,1,0,2,-1,25160,24834,303,23,PAPUA BARAT
2022-05-22,2,0,5,-3,25162,24839,303,20,PAPUA BARAT
2022-05-23,2,0,4,-2,25164,24843,303,18,PAPUA BARAT
2022-05-24,9,0,3,6,25173,24846,303,24,PAPUA BARAT
2022-05-25,4,0,0,4,25177,24846,303,28,PAPUA BARAT
2022-05-26,3,0,1,2,25180,24847,303,30,PAPUA BARAT
2022-05-27,4,0,0,4,25184,24847,303,34,PAPUA BARAT
2022-05-28,8,0,0,8,25192,24847,303,42,PAPUA BARAT
2022-05-29,3,0,1,2,25195,24848,303,44,PAPUA BARAT
2022-05-30,4,0,4,0,25199,24852,303,44,PAPUA BARAT
2022-05-31,9,0,4,5,25208,24856,303,49,PAPUA BARAT
2022-06-01,2,0,2,0,25210,24858,303,49,PAPUA BARAT
2022-06-02,4,0,0,4,25214,24858,303,53,PAPUA BARAT
2022-06-03,5,0,0,5,25219,24858,303,58,PAPUA BARAT
2022-06-04,11,0,12,-1,25230,24870,303,57,PAPUA BARAT
2022-06-05,6,0,9,-3,25236,24879,303,54,PAPUA BARAT
2022-06-06,7,0,0,7,25243,24879,303,61,PAPUA BARAT
2022-06-07,3,0,6,-3,25246,24885,303,58,PAPUA BARAT
2022-06-08,5,0,8,-3,25251,24893,303,55,PAPUA BARAT
2022-06-09,6,0,4,2,25257,24897,303,57,PAPUA BARAT
2022-06-10,1,0,6,-5,25258,24903,303,52,PAPUA BARAT
2022-06-11,1,0,0,1,25259,24903,303,53,PAPUA BARAT
2022-06-12,1,0,0,1,25260,24903,303,54,PAPUA BARAT
2022-06-13,3,0,19,-16,25263,24922,303,38,PAPUA BARAT
2022-06-14,4,0,13,-9,25267,24935,303,29,PAPUA BARAT
2022-06-15,5,0,13,-8,25272,24948,303,21,PAPUA BARAT
2022-06-16,5,0,0,5,25277,24948,303,26,PAPUA BARAT
2022-06-17,3,0,0,3,25280,24948,303,29,PAPUA BARAT
2022-06-18,1,0,1,0,25281,24949,303,29,PAPUA BARAT
2022-06-19,1,0,0,1,25282,24949,303,30,PAPUA BARAT
2022-06-20,0,0,1,-1,25282,24950,303,29,PAPUA BARAT
2022-06-21,3,0,0,3,25285,24950,303,32,PAPUA BARAT
2022-06-22,0,0,0,0,25285,24950,303,32,PAPUA BARAT
2022-06-23,2,0,8,-6,25287,24958,303,26,PAPUA BARAT
2022-06-24,4,0,3,1,25291,24961,303,27,PAPUA BARAT
2022-06-25,1,0,0,1,25292,24961,303,28,PAPUA BARAT
2022-06-26,2,0,4,-2,25294,24965,303,26,PAPUA BARAT
2022-06-27,5,0,1,4,25299,24966,303,30,PAPUA BARAT
2022-06-28,3,0,3,0,25302,24969,303,30,PAPUA BARAT
2022-06-29,5,0,0,5,25307,24969,303,35,PAPUA BARAT
2022-06-30,1,0,0,1,25308,24969,303,36,PAPUA BARAT
2022-07-01,1,0,0,1,25309,24969,303,37,PAPUA BARAT
2022-07-02,0,0,1,-1,25309,24970,303,36,PAPUA BARAT
2022-07-03,1,0,2,-1,25310,24972,303,35,PAPUA BARAT
2022-07-04,2,0,1,1,25312,24973,303,36,PAPUA BARAT
2022-07-05,6,0,9,-3,25318,24982,303,33,PAPUA BARAT
2022-07-06,1,0,2,-1,25319,24984,303,32,PAPUA BARAT
2022-07-07,2,0,2,0,25321,24986,303,32,PAPUA BARAT
2022-07-08,3,0,3,0,25324,24989,303,32,PAPUA BARAT
2022-07-09,0,0,0,0,25324,24989,303,32,PAPUA BARAT
2022-07-10,0,0,3,-3,25324,24992,303,29,PAPUA BARAT
2022-07-11,3,0,9,-6,25327,25001,303,23,PAPUA BARAT
2022-07-12,3,0,3,0,25330,25004,303,23,PAPUA BARAT
2022-07-13,3,0,1,2,25333,25005,303,25,PAPUA BARAT
2022-07-14,2,0,0,2,25335,25005,303,27,PAPUA BARAT
2022-07-15,2,0,6,-4,25337,25011,303,23,PAPUA BARAT
2022-07-16,2,0,0,2,25339,25011,303,25,PAPUA BARAT
2022-07-17,9,0,0,9,25348,25011,303,34,PAPUA BARAT
2022-07-18,4,0,2,2,25352,25013,303,36,PAPUA BARAT
2022-07-19,0,0,3,-3,25352,25016,303,33,PAPUA BARAT
2022-07-20,9,0,2,7,25361,25018,303,40,PAPUA BARAT
2022-07-21,6,0,1,5,25367,25019,303,45,PAPUA BARAT
2022-07-22,6,0,3,3,25373,25022,303,48,PAPUA BARAT
2022-07-23,2,0,3,-1,25375,25025,303,47,PAPUA BARAT
2022-07-24,1,0,2,-1,25376,25027,303,46,PAPUA BARAT
2022-07-25,4,0,3,1,25380,25030,303,47,PAPUA BARAT
2022-07-26,10,0,1,9,25390,25031,303,56,PAPUA BARAT
2022-07-27,5,0,8,-3,25395,25039,303,53,PAPUA BARAT
2022-07-28,5,0,2,3,25400,25041,303,56,PAPUA BARAT
2022-07-29,6,0,3,3,25406,25044,303,59,PAPUA BARAT
2022-07-30,5,0,8,-3,25411,25052,303,56,PAPUA BARAT
2022-07-31,0,0,5,-5,25411,25057,303,51,PAPUA BARAT
2022-08-01,3,0,10,-7,25414,25067,303,44,PAPUA BARAT
2022-08-02,9,0,3,6,25423,25070,303,50,PAPUA BARAT
2022-08-03,3,0,2,1,25426,25072,303,51,PAPUA BARAT
2022-08-04,4,0,1,3,25430,25073,303,54,PAPUA BARAT
2022-08-05,11,0,7,4,25441,25080,303,58,PAPUA BARAT
2022-08-06,2,0,5,-3,25443,25085,303,55,PAPUA BARAT
2022-08-07,9,0,6,3,25452,25091,303,58,PAPUA BARAT
2022-08-08,3,0,8,-5,25455,25099,303,53,PAPUA BARAT
2022-08-09,12,0,1,11,25467,25100,303,64,PAPUA BARAT
2022-08-10,8,0,3,5,25475,25103,303,69,PAPUA BARAT
2022-08-11,5,0,5,0,25480,25108,303,69,PAPUA BARAT
2022-08-12,7,0,13,-6,25487,25121,303,63,PAPUA BARAT
2022-08-13,8,0,0,8,25495,25121,303,71,PAPUA BARAT
2022-08-14,2,0,5,-3,25497,25126,303,68,PAPUA BARAT
2022-08-15,11,0,7,4,25508,25133,303,72,PAPUA BARAT
2022-08-16,14,1,11,2,25522,25144,304,74,PAPUA BARAT
2022-08-17,5,0,11,-6,25527,25155,304,68,PAPUA BARAT
2022-08-18,5,0,7,-2,25532,25162,304,66,PAPUA BARAT
2022-08-19,5,0,5,0,25537,25167,304,66,PAPUA BARAT
2022-08-20,7,0,4,3,25544,25171,304,69,PAPUA BARAT
2022-08-21,5,0,6,-1,25549,25177,304,68,PAPUA BARAT
2022-08-22,10,0,6,4,25559,25183,304,72,PAPUA BARAT
2022-08-23,18,0,5,13,25577,25188,304,85,PAPUA BARAT
2022-08-24,21,0,7,14,25598,25195,304,99,PAPUA BARAT
2022-08-25,12,0,4,8,25610,25199,304,107,PAPUA BARAT
2022-08-26,16,0,16,0,25626,25215,304,107,PAPUA BARAT
2022-08-27,11,1,8,2,25637,25223,305,109,PAPUA BARAT
2022-08-28,10,0,6,4,25647,25229,305,113,PAPUA BARAT
2022-08-29,9,0,8,1,25656,25237,305,114,PAPUA BARAT
2022-08-30,5,0,4,1,25661,25241,305,115,PAPUA BARAT
2022-08-31,10,0,10,0,25671,25251,305,115,PAPUA BARAT
2022-09-01,8,0,9,-1,25679,25260,305,114,PAPUA BARAT
2022-09-02,6,0,10,-4,25685,25270,305,110,PAPUA BARAT
2022-09-03,10,0,16,-6,25695,25286,305,104,PAPUA BARAT
2022-09-04,4,0,19,-15,25699,25305,305,89,PAPUA BARAT
2022-09-05,8,0,5,3,25707,25310,305,92,PAPUA BARAT
2022-09-06,12,0,16,-4,25719,25326,305,88,PAPUA BARAT
2022-09-07,7,0,9,-2,25726,25335,305,86,PAPUA BARAT
2022-09-08,22,0,3,19,25748,25338,305,105,PAPUA BARAT
2022-09-09,9,0,5,4,25757,25343,305,109,PAPUA BARAT
2022-09-10,13,0,15,-2,25770,25358,305,107,PAPUA BARAT
2022-09-11,3,0,3,0,25773,25361,305,107,PAPUA BARAT
2022-09-12,2,0,3,-1,25775,25364,305,106,PAPUA BARAT
2022-09-13,14,0,10,4,25789,25374,305,110,PAPUA BARAT
2022-09-14,11,0,9,2,25800,25383,305,112,PAPUA BARAT
2022-09-15,6,0,10,-4,25806,25393,305,108,PAPUA BARAT
2022-09-16,13,1,3,9,25819,25396,306,117,PAPUA BARAT
2022-09-17,12,0,23,-11,25831,25419,306,106,PAPUA BARAT
2022-09-18,3,0,8,-5,25834,25427,306,101,PAPUA BARAT
2022-09-19,8,0,14,-6,25842,25441,306,95,PAPUA BARAT
2022-09-20,8,0,3,5,25850,25444,306,100,PAPUA BARAT
2022-09-21,12,0,3,9,25862,25447,306,109,PAPUA BARAT
2022-09-22,5,0,11,-6,25867,25458,306,103,PAPUA BARAT
2022-09-23,12,0,7,5,25879,25465,306,108,PAPUA BARAT
2022-09-24,9,0,9,0,25888,25474,306,108,PAPUA BARAT
2022-09-25,5,0,0,5,25893,25474,306,113,PAPUA BARAT
2022-09-26,4,0,27,-23,25897,25501,306,90,PAPUA BARAT
2022-09-27,5,0,0,5,25902,25501,306,95,PAPUA BARAT
2022-09-28,3,0,0,3,25905,25501,306,98,PAPUA BARAT
2022-09-29,1,0,0,1,25906,25501,306,99,PAPUA BARAT
2022-09-30,7,0,0,7,25913,25501,306,106,PAPUA BARAT
2020-03-14,3,0,0,3,3,0,0,3,KALIMANTAN TIMUR
2020-03-15,2,0,0,2,5,0,0,5,KALIMANTAN TIMUR
2020-03-16,1,0,0,1,6,0,0,6,KALIMANTAN TIMUR
2020-03-17,1,0,0,1,7,0,0,7,KALIMANTAN TIMUR
2020-03-18,0,0,0,0,7,0,0,7,KALIMANTAN TIMUR
2020-03-19,0,0,0,0,7,0,0,7,KALIMANTAN TIMUR
2020-03-20,0,0,0,0,7,0,0,7,KALIMANTAN TIMUR
2020-03-21,0,0,0,0,7,0,0,7,KALIMANTAN TIMUR
2020-03-22,0,0,0,0,7,0,0,7,KALIMANTAN TIMUR
2020-03-23,1,0,0,1,8,0,0,8,KALIMANTAN TIMUR
2020-03-24,0,0,0,0,8,0,0,8,KALIMANTAN TIMUR
2020-03-25,0,0,0,0,8,0,0,8,KALIMANTAN TIMUR
2020-03-26,0,0,0,0,8,0,0,8,KALIMANTAN TIMUR
2020-03-27,0,0,0,0,8,0,0,8,KALIMANTAN TIMUR
2020-03-28,5,0,0,5,13,0,0,13,KALIMANTAN TIMUR
2020-03-29,0,0,0,0,13,0,0,13,KALIMANTAN TIMUR
2020-03-30,0,0,0,0,13,0,0,13,KALIMANTAN TIMUR
2020-03-31,3,1,0,2,16,0,1,15,KALIMANTAN TIMUR
2020-04-01,1,0,0,1,17,0,1,16,KALIMANTAN TIMUR
2020-04-02,0,0,0,0,17,0,1,16,KALIMANTAN TIMUR
2020-04-03,1,0,0,1,18,0,1,17,KALIMANTAN TIMUR
2020-04-04,1,0,1,0,19,1,1,17,KALIMANTAN TIMUR
2020-04-05,1,0,0,1,20,1,1,18,KALIMANTAN TIMUR
2020-04-06,5,0,0,5,25,1,1,23,KALIMANTAN TIMUR
2020-04-07,0,0,0,0,25,1,1,23,KALIMANTAN TIMUR
2020-04-08,1,0,0,1,26,1,1,24,KALIMANTAN TIMUR
2020-04-09,1,0,5,-4,27,6,1,20,KALIMANTAN TIMUR
2020-04-10,4,0,0,4,31,6,1,24,KALIMANTAN TIMUR
2020-04-11,0,0,0,0,31,6,1,24,KALIMANTAN TIMUR
2020-04-12,0,0,0,0,31,6,1,24,KALIMANTAN TIMUR
2020-04-13,0,0,0,0,31,6,1,24,KALIMANTAN TIMUR
2020-04-14,0,0,0,0,31,6,1,24,KALIMANTAN TIMUR
2020-04-15,0,0,0,0,31,6,1,24,KALIMANTAN TIMUR
2020-04-16,8,0,5,3,39,11,1,27,KALIMANTAN TIMUR
2020-04-17,0,0,1,-1,39,12,1,26,KALIMANTAN TIMUR
2020-04-18,8,0,0,8,47,12,1,34,KALIMANTAN TIMUR
2020-04-19,4,0,0,4,51,12,1,38,KALIMANTAN TIMUR
2020-04-20,4,0,0,4,55,12,1,42,KALIMANTAN TIMUR
2020-04-21,5,0,0,5,60,12,1,47,KALIMANTAN TIMUR
2020-04-22,1,0,0,1,61,12,1,48,KALIMANTAN TIMUR
2020-04-23,4,0,0,4,65,12,1,52,KALIMANTAN TIMUR
2020-04-24,6,0,2,4,71,14,1,56,KALIMANTAN TIMUR
2020-04-25,11,0,0,11,82,14,1,67,KALIMANTAN TIMUR
2020-04-26,8,0,1,7,90,15,1,74,KALIMANTAN TIMUR
2020-04-27,1,0,1,0,91,16,1,74,KALIMANTAN TIMUR
2020-04-28,7,0,0,7,98,16,1,81,KALIMANTAN TIMUR
2020-04-29,2,0,0,2,100,16,1,83,KALIMANTAN TIMUR
2020-04-30,13,0,0,13,113,16,1,96,KALIMANTAN TIMUR
2020-05-01,2,0,1,1,115,17,1,97,KALIMANTAN TIMUR
2020-05-02,12,0,0,12,127,17,1,109,KALIMANTAN TIMUR
2020-05-03,7,0,0,7,134,17,1,116,KALIMANTAN TIMUR
2020-05-04,2,0,0,2,136,17,1,118,KALIMANTAN TIMUR
2020-05-05,1,0,0,1,137,17,1,119,KALIMANTAN TIMUR
2020-05-06,10,0,0,10,147,17,1,129,KALIMANTAN TIMUR
2020-05-07,0,0,0,0,147,17,1,129,KALIMANTAN TIMUR
2020-05-08,17,0,8,9,164,25,1,138,KALIMANTAN TIMUR
2020-05-09,5,0,6,-1,169,31,1,137,KALIMANTAN TIMUR
2020-05-10,3,0,1,2,172,32,1,139,KALIMANTAN TIMUR
2020-05-11,7,1,4,2,179,36,2,141,KALIMANTAN TIMUR
2020-05-12,2,0,2,0,181,38,2,141,KALIMANTAN TIMUR
2020-05-13,2,0,5,-3,183,43,2,138,KALIMANTAN TIMUR
2020-05-14,7,0,9,-2,190,52,2,136,KALIMANTAN TIMUR
2020-05-15,9,0,2,7,199,54,2,143,KALIMANTAN TIMUR
2020-05-16,0,0,1,-1,199,55,2,142,KALIMANTAN TIMUR
2020-05-17,0,0,2,-2,199,57,2,140,KALIMANTAN TIMUR
2020-05-18,1,0,9,-8,200,66,2,132,KALIMANTAN TIMUR
2020-05-19,3,0,3,0,203,69,2,132,KALIMANTAN TIMUR
2020-05-20,5,0,4,1,208,73,2,133,KALIMANTAN TIMUR
2020-05-21,1,0,10,-9,209,83,2,124,KALIMANTAN TIMUR
2020-05-22,4,0,5,-1,213,88,2,123,KALIMANTAN TIMUR
2020-05-23,1,0,2,-1,214,90,2,122,KALIMANTAN TIMUR
2020-05-24,2,0,0,2,216,90,2,124,KALIMANTAN TIMUR
2020-05-25,1,0,8,-7,217,98,2,117,KALIMANTAN TIMUR
2020-05-26,1,0,1,0,218,99,2,117,KALIMANTAN TIMUR
2020-05-27,2,0,4,-2,220,103,2,115,KALIMANTAN TIMUR
2020-05-28,1,0,3,-2,221,106,2,113,KALIMANTAN TIMUR
2020-05-29,4,0,7,-3,225,113,2,110,KALIMANTAN TIMUR
2020-05-30,4,0,15,-11,229,128,2,99,KALIMANTAN TIMUR
2020-05-31,4,0,7,-3,233,135,2,96,KALIMANTAN TIMUR
2020-06-01,2,0,2,0,235,137,2,96,KALIMANTAN TIMUR
2020-06-02,1,0,1,0,236,138,2,96,KALIMANTAN TIMUR
2020-06-03,9,0,2,7,245,140,2,103,KALIMANTAN TIMUR
2020-06-04,6,0,6,0,251,146,2,103,KALIMANTAN TIMUR
2020-06-05,1,0,0,1,252,146,2,104,KALIMANTAN TIMUR
2020-06-06,9,0,18,-9,261,164,2,95,KALIMANTAN TIMUR
2020-06-07,2,0,3,-1,263,167,2,94,KALIMANTAN TIMUR
2020-06-08,9,0,3,6,272,170,2,100,KALIMANTAN TIMUR
2020-06-09,12,0,2,10,284,172,2,110,KALIMANTAN TIMUR
2020-06-10,9,0,4,5,293,176,2,115,KALIMANTAN TIMUR
2020-06-11,2,0,7,-5,295,183,2,110,KALIMANTAN TIMUR
2020-06-12,6,1,8,-3,301,191,3,107,KALIMANTAN TIMUR
2020-06-13,2,0,9,-7,303,200,3,100,KALIMANTAN TIMUR
2020-06-14,2,0,10,-8,305,210,3,92,KALIMANTAN TIMUR
2020-06-15,2,0,0,2,307,210,3,94,KALIMANTAN TIMUR
2020-06-16,8,0,11,-3,315,221,3,91,KALIMANTAN TIMUR
2020-06-17,4,0,16,-12,319,237,3,79,KALIMANTAN TIMUR
2020-06-18,6,0,16,-10,325,253,3,69,KALIMANTAN TIMUR
2020-06-19,12,0,2,10,337,255,3,79,KALIMANTAN TIMUR
2020-06-20,6,0,5,1,343,260,3,80,KALIMANTAN TIMUR
2020-06-21,11,0,2,9,354,262,3,89,KALIMANTAN TIMUR
2020-06-22,1,0,1,0,355,263,3,89,KALIMANTAN TIMUR
2020-06-23,8,0,1,7,363,264,3,96,KALIMANTAN TIMUR
2020-06-24,8,1,7,0,371,271,4,96,KALIMANTAN TIMUR
2020-06-25,14,0,19,-5,385,290,4,91,KALIMANTAN TIMUR
2020-06-26,7,1,4,2,392,294,5,93,KALIMANTAN TIMUR
2020-06-27,7,0,4,3,399,298,5,96,KALIMANTAN TIMUR
2020-06-28,8,0,9,-1,407,307,5,95,KALIMANTAN TIMUR
2020-06-29,6,0,1,5,413,308,5,100,KALIMANTAN TIMUR
2020-06-30,4,0,8,-4,417,316,5,96,KALIMANTAN TIMUR
2020-07-01,6,0,12,-6,423,328,5,90,KALIMANTAN TIMUR
2020-07-02,5,0,11,-6,428,339,5,84,KALIMANTAN TIMUR
2020-07-03,10,1,7,2,438,346,6,86,KALIMANTAN TIMUR
2020-07-04,7,0,6,1,445,352,6,87,KALIMANTAN TIMUR
2020-07-05,24,0,2,22,469,354,6,109,KALIMANTAN TIMUR
2020-07-06,11,1,0,10,480,354,7,119,KALIMANTAN TIMUR
2020-07-07,5,1,12,-8,485,366,8,111,KALIMANTAN TIMUR
2020-07-08,8,0,4,4,493,370,8,115,KALIMANTAN TIMUR
2020-07-09,5,0,7,-2,498,377,8,113,KALIMANTAN TIMUR
2020-07-10,16,1,7,8,514,384,9,121,KALIMANTAN TIMUR
2020-07-11,21,0,8,13,535,392,9,134,KALIMANTAN TIMUR
2020-07-12,15,2,3,10,550,395,11,144,KALIMANTAN TIMUR
2020-07-13,4,0,9,-5,554,404,11,139,KALIMANTAN TIMUR
2020-07-14,21,0,8,13,575,412,11,152,KALIMANTAN TIMUR
2020-07-15,29,0,6,23,604,418,11,175,KALIMANTAN TIMUR
2020-07-16,17,0,13,4,621,431,11,179,KALIMANTAN TIMUR
2020-07-17,36,0,14,22,657,445,11,201,KALIMANTAN TIMUR
2020-07-18,22,0,10,12,679,455,11,213,KALIMANTAN TIMUR
2020-07-19,15,1,1,13,694,456,12,226,KALIMANTAN TIMUR
2020-07-20,23,1,15,7,717,471,13,233,KALIMANTAN TIMUR
2020-07-21,55,0,3,52,772,474,13,285,KALIMANTAN TIMUR
2020-07-22,24,3,25,-4,796,499,16,281,KALIMANTAN TIMUR
2020-07-23,28,0,40,-12,824,539,16,269,KALIMANTAN TIMUR
2020-07-24,25,1,23,1,849,562,17,270,KALIMANTAN TIMUR
2020-07-25,47,1,21,25,896,583,18,295,KALIMANTAN TIMUR
2020-07-26,26,1,16,9,922,599,19,304,KALIMANTAN TIMUR
2020-07-27,15,0,17,-2,937,616,19,302,KALIMANTAN TIMUR
2020-07-28,52,0,28,24,989,644,19,326,KALIMANTAN TIMUR
2020-07-29,47,0,40,7,1036,684,19,333,KALIMANTAN TIMUR
2020-07-30,56,2,21,33,1092,705,21,366,KALIMANTAN TIMUR
2020-07-31,45,1,11,33,1137,716,22,399,KALIMANTAN TIMUR
2020-08-01,6,1,6,-1,1143,722,23,398,KALIMANTAN TIMUR
2020-08-02,63,4,4,55,1206,726,27,453,KALIMANTAN TIMUR
2020-08-03,19,3,21,-5,1225,747,30,448,KALIMANTAN TIMUR
2020-08-04,47,1,29,17,1272,776,31,465,KALIMANTAN TIMUR
2020-08-05,59,0,44,15,1331,820,31,480,KALIMANTAN TIMUR
2020-08-06,30,1,37,-8,1361,857,32,472,KALIMANTAN TIMUR
2020-08-07,81,4,47,30,1442,904,36,502,KALIMANTAN TIMUR
2020-08-08,28,1,21,6,1470,925,37,508,KALIMANTAN TIMUR
2020-08-09,45,4,10,31,1515,935,41,539,KALIMANTAN TIMUR
2020-08-10,31,1,72,-42,1546,1007,42,497,KALIMANTAN TIMUR
2020-08-11,102,3,56,43,1648,1063,45,540,KALIMANTAN TIMUR
2020-08-12,36,1,42,-7,1684,1105,46,533,KALIMANTAN TIMUR
2020-08-13,20,1,24,-5,1704,1129,47,528,KALIMANTAN TIMUR
2020-08-14,82,3,55,24,1786,1184,50,552,KALIMANTAN TIMUR
2020-08-15,44,1,11,32,1830,1195,51,584,KALIMANTAN TIMUR
2020-08-16,73,20,44,9,1903,1239,71,593,KALIMANTAN TIMUR
2020-08-17,95,3,56,36,1998,1295,74,629,KALIMANTAN TIMUR
2020-08-18,71,1,32,38,2069,1327,75,667,KALIMANTAN TIMUR
2020-08-19,72,3,41,28,2141,1368,78,695,KALIMANTAN TIMUR
2020-08-20,22,2,15,5,2163,1383,80,700,KALIMANTAN TIMUR
2020-08-21,154,5,41,108,2317,1424,85,808,KALIMANTAN TIMUR
2020-08-22,107,1,69,37,2424,1493,86,845,KALIMANTAN TIMUR
2020-08-23,65,14,44,7,2489,1537,100,852,KALIMANTAN TIMUR
2020-08-24,35,2,7,26,2524,1544,102,878,KALIMANTAN TIMUR
2020-08-25,106,7,136,-37,2630,1680,109,841,KALIMANTAN TIMUR
2020-08-26,107,1,59,47,2737,1739,110,888,KALIMANTAN TIMUR
2020-08-27,177,7,38,132,2914,1777,117,1020,KALIMANTAN TIMUR
2020-08-28,79,3,35,41,2993,1812,120,1061,KALIMANTAN TIMUR
2020-08-29,156,6,30,120,3149,1842,126,1181,KALIMANTAN TIMUR
2020-08-30,156,2,11,143,3305,1853,128,1324,KALIMANTAN TIMUR
2020-08-31,106,1,62,43,3411,1915,129,1367,KALIMANTAN TIMUR
2020-09-01,50,2,17,31,3461,1932,131,1398,KALIMANTAN TIMUR
2020-09-02,66,0,57,9,3527,1989,131,1407,KALIMANTAN TIMUR
2020-09-03,131,17,67,47,3658,2056,148,1454,KALIMANTAN TIMUR
2020-09-04,220,3,74,143,3878,2130,151,1597,KALIMANTAN TIMUR
2020-09-05,103,7,109,-13,3981,2239,158,1584,KALIMANTAN TIMUR
2020-09-06,146,6,144,-4,4127,2383,164,1580,KALIMANTAN TIMUR
2020-09-07,52,3,9,40,4179,2392,167,1620,KALIMANTAN TIMUR
2020-09-08,66,7,47,12,4245,2439,174,1632,KALIMANTAN TIMUR
2020-09-09,69,2,85,-18,4314,2524,176,1614,KALIMANTAN TIMUR
2020-09-10,73,3,106,-36,4387,2630,179,1578,KALIMANTAN TIMUR
2020-09-11,127,2,79,46,4514,2709,181,1624,KALIMANTAN TIMUR
2020-09-12,121,3,72,46,4635,2781,184,1670,KALIMANTAN TIMUR
2020-09-13,142,2,123,17,4777,2904,186,1687,KALIMANTAN TIMUR
2020-09-14,92,2,145,-55,4869,3049,188,1632,KALIMANTAN TIMUR
2020-09-15,41,3,65,-27,4910,3114,191,1605,KALIMANTAN TIMUR
2020-09-16,176,5,148,23,5086,3262,196,1628,KALIMANTAN TIMUR
2020-09-17,136,3,82,51,5222,3344,199,1679,KALIMANTAN TIMUR
2020-09-18,92,6,137,-51,5314,3481,205,1628,KALIMANTAN TIMUR
2020-09-19,85,2,68,15,5399,3549,207,1643,KALIMANTAN TIMUR
2020-09-20,47,1,50,-4,5446,3599,208,1639,KALIMANTAN TIMUR
2020-09-21,149,5,63,81,5595,3662,213,1720,KALIMANTAN TIMUR
2020-09-22,97,5,126,-34,5692,3788,218,1686,KALIMANTAN TIMUR
2020-09-23,157,4,185,-32,5849,3973,222,1654,KALIMANTAN TIMUR
2020-09-24,150,4,98,48,5999,4071,226,1702,KALIMANTAN TIMUR
2020-09-25,310,6,44,260,6309,4115,232,1962,KALIMANTAN TIMUR
2020-09-26,176,2,77,97,6485,4192,234,2059,KALIMANTAN TIMUR
2020-09-27,114,3,108,3,6599,4300,237,2062,KALIMANTAN TIMUR
2020-09-28,94,2,124,-32,6693,4424,239,2030,KALIMANTAN TIMUR
2020-09-29,94,9,38,47,6787,4462,248,2077,KALIMANTAN TIMUR
2020-09-30,180,15,209,-44,6967,4671,263,2033,KALIMANTAN TIMUR
2020-10-01,99,15,83,1,7066,4754,278,2034,KALIMANTAN TIMUR
2020-10-02,251,6,68,177,7317,4822,284,2211,KALIMANTAN TIMUR
2020-10-03,97,2,122,-27,7414,4944,286,2184,KALIMANTAN TIMUR
2020-10-04,191,1,188,2,7605,5132,287,2186,KALIMANTAN TIMUR
2020-10-05,92,8,159,-75,7697,5291,295,2111,KALIMANTAN TIMUR
2020-10-06,157,3,119,35,7854,5410,298,2146,KALIMANTAN TIMUR
2020-10-07,156,2,86,68,8010,5496,300,2214,KALIMANTAN TIMUR
2020-10-08,194,11,193,-10,8204,5689,311,2204,KALIMANTAN TIMUR
2020-10-09,106,8,148,-50,8310,5837,319,2154,KALIMANTAN TIMUR
2020-10-10,112,1,102,9,8422,5939,320,2163,KALIMANTAN TIMUR
2020-10-11,154,3,168,-17,8576,6107,323,2146,KALIMANTAN TIMUR
2020-10-12,53,2,51,0,8629,6158,325,2146,KALIMANTAN TIMUR
2020-10-13,89,3,22,64,8718,6180,328,2210,KALIMANTAN TIMUR
2020-10-14,161,3,218,-60,8879,6398,331,2150,KALIMANTAN TIMUR
2020-10-15,134,6,111,17,9013,6509,337,2167,KALIMANTAN TIMUR
2020-10-16,73,2,163,-92,9086,6672,339,2075,KALIMANTAN TIMUR
2020-10-17,153,1,219,-67,9239,6891,340,2008,KALIMANTAN TIMUR
2020-10-18,312,2,170,140,9551,7061,342,2148,KALIMANTAN TIMUR
2020-10-19,78,2,55,21,9629,7116,344,2169,KALIMANTAN TIMUR
2020-10-20,62,0,115,-53,9691,7231,344,2116,KALIMANTAN TIMUR
2020-10-21,149,5,101,43,9840,7332,349,2159,KALIMANTAN TIMUR
2020-10-22,198,7,154,37,10038,7486,356,2196,KALIMANTAN TIMUR
2020-10-23,185,2,197,-14,10223,7683,358,2182,KALIMANTAN TIMUR
2020-10-24,191,2,135,54,10414,7818,360,2236,KALIMANTAN TIMUR
2020-10-25,142,3,123,16,10556,7941,363,2252,KALIMANTAN TIMUR
2020-10-26,88,1,107,-20,10644,8048,364,2232,KALIMANTAN TIMUR
2020-10-27,109,4,175,-70,10753,8223,368,2162,KALIMANTAN TIMUR
2020-10-28,167,1,71,95,10920,8294,369,2257,KALIMANTAN TIMUR
2020-10-29,162,6,217,-61,11082,8511,375,2196,KALIMANTAN TIMUR
2020-10-30,164,1,208,-45,11246,8719,376,2151,KALIMANTAN TIMUR
2020-10-31,92,7,223,-138,11338,8942,383,2013,KALIMANTAN TIMUR
2020-11-01,139,5,155,-21,11477,9097,388,1992,KALIMANTAN TIMUR
2020-11-02,70,1,191,-122,11547,9288,389,1870,KALIMANTAN TIMUR
2020-11-03,125,3,228,-106,11672,9516,392,1764,KALIMANTAN TIMUR
2020-11-04,113,1,92,20,11785,9608,393,1784,KALIMANTAN TIMUR
2020-11-05,243,0,192,51,12028,9800,393,1835,KALIMANTAN TIMUR
2020-11-06,152,0,96,56,12180,9896,393,1891,KALIMANTAN TIMUR
2020-11-07,218,3,243,-28,12398,10139,396,1863,KALIMANTAN TIMUR
2020-11-08,161,6,175,-20,12559,10314,402,1843,KALIMANTAN TIMUR
2020-11-09,58,3,251,-196,12617,10565,405,1647,KALIMANTAN TIMUR
2020-11-10,101,4,115,-18,12718,10680,409,1629,KALIMANTAN TIMUR
2020-11-11,267,3,92,172,12985,10772,412,1801,KALIMANTAN TIMUR
2020-11-12,189,4,206,-21,13174,10978,416,1780,KALIMANTAN TIMUR
2020-11-13,217,3,266,-52,13391,11244,419,1728,KALIMANTAN TIMUR
2020-11-14,117,6,114,-3,13508,11358,425,1725,KALIMANTAN TIMUR
2020-11-15,159,3,241,-85,13667,11599,428,1640,KALIMANTAN TIMUR
2020-11-16,125,2,173,-50,13792,11772,430,1590,KALIMANTAN TIMUR
2020-11-17,143,0,171,-28,13935,11943,430,1562,KALIMANTAN TIMUR
2020-11-18,203,2,67,134,14138,12010,432,1696,KALIMANTAN TIMUR
2020-11-19,104,2,20,82,14242,12030,434,1778,KALIMANTAN TIMUR
2020-11-20,133,3,37,93,14375,12067,437,1871,KALIMANTAN TIMUR
2020-11-21,207,2,151,54,14582,12218,439,1925,KALIMANTAN TIMUR
2020-11-22,112,1,143,-32,14694,12361,440,1893,KALIMANTAN TIMUR
2020-11-23,109,2,53,54,14803,12414,442,1947,KALIMANTAN TIMUR
2020-11-24,71,5,98,-32,14874,12512,447,1915,KALIMANTAN TIMUR
2020-11-25,157,0,269,-112,15031,12781,447,1803,KALIMANTAN TIMUR
2020-11-26,176,7,102,67,15207,12883,454,1870,KALIMANTAN TIMUR
2020-11-27,130,7,153,-30,15337,13036,461,1840,KALIMANTAN TIMUR
2020-11-28,170,3,123,44,15507,13159,464,1884,KALIMANTAN TIMUR
2020-11-29,164,1,70,93,15671,13229,465,1977,KALIMANTAN TIMUR
2020-11-30,92,4,401,-313,15763,13630,469,1664,KALIMANTAN TIMUR
2020-12-01,93,1,130,-38,15856,13760,470,1626,KALIMANTAN TIMUR
2020-12-02,244,1,113,130,16100,13873,471,1756,KALIMANTAN TIMUR
2020-12-03,251,3,145,103,16351,14018,474,1859,KALIMANTAN TIMUR
2020-12-04,188,4,113,71,16539,14131,478,1930,KALIMANTAN TIMUR
2020-12-05,198,0,142,56,16737,14273,478,1986,KALIMANTAN TIMUR
2020-12-06,153,2,129,22,16890,14402,480,2008,KALIMANTAN TIMUR
2020-12-07,76,6,156,-86,16966,14558,486,1922,KALIMANTAN TIMUR
2020-12-08,202,1,180,21,17168,14738,487,1943,KALIMANTAN TIMUR
2020-12-09,233,4,121,108,17401,14859,491,2051,KALIMANTAN TIMUR
2020-12-10,82,6,168,-92,17483,15027,497,1959,KALIMANTAN TIMUR
2020-12-11,169,3,107,59,17652,15134,500,2018,KALIMANTAN TIMUR
2020-12-12,130,2,127,1,17782,15261,502,2019,KALIMANTAN TIMUR
2020-12-13,173,1,184,-12,17955,15445,503,2007,KALIMANTAN TIMUR
2020-12-14,88,4,151,-67,18043,15596,507,1940,KALIMANTAN TIMUR
2020-12-15,314,2,138,174,18357,15734,509,2114,KALIMANTAN TIMUR
2020-12-16,207,6,149,52,18564,15883,515,2166,KALIMANTAN TIMUR
2020-12-17,182,5,154,23,18746,16037,520,2189,KALIMANTAN TIMUR
2020-12-18,225,4,137,84,18971,16174,524,2273,KALIMANTAN TIMUR
2020-12-19,213,6,181,26,19184,16355,530,2299,KALIMANTAN TIMUR
2020-12-20,124,9,124,-9,19308,16479,539,2290,KALIMANTAN TIMUR
2020-12-21,174,5,239,-70,19482,16718,544,2220,KALIMANTAN TIMUR
2020-12-22,151,6,69,76,19633,16787,550,2296,KALIMANTAN TIMUR
2020-12-23,348,4,137,207,19981,16924,554,2503,KALIMANTAN TIMUR
2020-12-24,305,4,169,132,20286,17093,558,2635,KALIMANTAN TIMUR
2020-12-25,167,7,147,13,20453,17240,565,2648,KALIMANTAN TIMUR
2020-12-26,241,7,153,81,20694,17393,572,2729,KALIMANTAN TIMUR
2020-12-27,149,2,218,-71,20843,17611,574,2658,KALIMANTAN TIMUR
2020-12-28,86,5,135,-54,20929,17746,579,2604,KALIMANTAN TIMUR
2020-12-29,252,3,184,65,21181,17930,582,2669,KALIMANTAN TIMUR
2020-12-30,257,7,188,62,21438,18118,589,2731,KALIMANTAN TIMUR
2020-12-31,303,4,187,112,21741,18305,593,2843,KALIMANTAN TIMUR
2021-01-01,256,8,172,76,21997,18477,601,2919,KALIMANTAN TIMUR
2021-01-02,172,2,184,-14,22169,18661,603,2905,KALIMANTAN TIMUR
2021-01-03,246,3,166,77,22415,18827,606,2982,KALIMANTAN TIMUR
2021-01-04,141,4,162,-25,22556,18989,610,2957,KALIMANTAN TIMUR
2021-01-05,232,6,216,10,22788,19205,616,2967,KALIMANTAN TIMUR
2021-01-06,307,5,148,154,23095,19353,621,3121,KALIMANTAN TIMUR
2021-01-07,389,6,217,166,23484,19570,627,3287,KALIMANTAN TIMUR
2021-01-08,416,6,201,209,23900,19771,633,3496,KALIMANTAN TIMUR
2021-01-09,327,6,159,162,24227,19930,639,3658,KALIMANTAN TIMUR
2021-01-10,302,3,254,45,24529,20184,642,3703,KALIMANTAN TIMUR
2021-01-11,183,10,252,-79,24712,20436,652,3624,KALIMANTAN TIMUR
2021-01-12,264,8,290,-34,24976,20726,660,3590,KALIMANTAN TIMUR
2021-01-13,390,3,209,178,25366,20935,663,3768,KALIMANTAN TIMUR
2021-01-14,325,11,208,106,25691,21143,674,3874,KALIMANTAN TIMUR
2021-01-15,477,9,239,229,26168,21382,683,4103,KALIMANTAN TIMUR
2021-01-16,459,6,251,202,26627,21633,689,4305,KALIMANTAN TIMUR
2021-01-17,375,9,316,50,27002,21949,698,4355,KALIMANTAN TIMUR
2021-01-18,273,5,277,-9,27275,22226,703,4346,KALIMANTAN TIMUR
2021-01-19,382,9,306,67,27657,22532,712,4413,KALIMANTAN TIMUR
2021-01-20,447,10,271,166,28104,22803,722,4579,KALIMANTAN TIMUR
2021-01-21,386,10,230,146,28490,23033,732,4725,KALIMANTAN TIMUR
2021-01-22,456,9,277,170,28946,23310,741,4895,KALIMANTAN TIMUR
2021-01-23,493,8,262,223,29439,23572,749,5118,KALIMANTAN TIMUR
2021-01-24,359,7,306,46,29798,23878,756,5164,KALIMANTAN TIMUR
2021-01-25,260,7,373,-120,30058,24251,763,5044,KALIMANTAN TIMUR
2021-01-26,439,8,260,171,30497,24511,771,5215,KALIMANTAN TIMUR
2021-01-27,597,4,276,317,31094,24787,775,5532,KALIMANTAN TIMUR
2021-01-28,365,5,318,42,31459,25105,780,5574,KALIMANTAN TIMUR
2021-01-29,530,7,361,162,31989,25466,787,5736,KALIMANTAN TIMUR
2021-01-30,549,8,309,232,32538,25775,795,5968,KALIMANTAN TIMUR
2021-01-31,535,8,446,81,33073,26221,803,6049,KALIMANTAN TIMUR
2021-02-01,294,12,324,-42,33367,26545,815,6007,KALIMANTAN TIMUR
2021-02-02,357,6,404,-53,33724,26949,821,5954,KALIMANTAN TIMUR
2021-02-03,735,11,399,325,34459,27348,832,6279,KALIMANTAN TIMUR
2021-02-04,601,10,569,22,35060,27917,842,6301,KALIMANTAN TIMUR
2021-02-05,642,8,421,213,35702,28338,850,6514,KALIMANTAN TIMUR
2021-02-06,491,18,401,72,36193,28739,868,6586,KALIMANTAN TIMUR
2021-02-07,406,11,337,58,36599,29076,879,6644,KALIMANTAN TIMUR
2021-02-08,292,9,337,-54,36891,29413,888,6590,KALIMANTAN TIMUR
2021-02-09,435,9,395,31,37326,29808,897,6621,KALIMANTAN TIMUR
2021-02-10,405,11,303,91,37731,30111,908,6712,KALIMANTAN TIMUR
2021-02-11,514,4,634,-124,38245,30745,912,6588,KALIMANTAN TIMUR
2021-02-12,741,8,445,288,38986,31190,920,6876,KALIMANTAN TIMUR
2021-02-13,249,7,401,-159,39235,31591,927,6717,KALIMANTAN TIMUR
2021-02-14,267,14,395,-142,39502,31986,941,6575,KALIMANTAN TIMUR
2021-02-15,280,7,389,-116,39782,32375,948,6459,KALIMANTAN TIMUR
2021-02-16,262,2,167,93,40044,32542,950,6552,KALIMANTAN TIMUR
2021-02-17,358,9,197,152,40402,32739,959,6704,KALIMANTAN TIMUR
2021-02-18,422,8,394,20,40824,33133,967,6724,KALIMANTAN TIMUR
2021-02-19,577,11,430,136,41401,33563,978,6860,KALIMANTAN TIMUR
2021-02-20,436,12,644,-220,41837,34207,990,6640,KALIMANTAN TIMUR
2021-02-21,319,12,488,-181,42156,34695,1002,6459,KALIMANTAN TIMUR
2021-02-22,325,12,404,-91,42481,35099,1014,6368,KALIMANTAN TIMUR
2021-02-23,338,5,427,-94,42819,35526,1019,6274,KALIMANTAN TIMUR
2021-02-24,355,12,426,-83,43174,35952,1031,6191,KALIMANTAN TIMUR
2021-02-25,313,9,575,-271,43487,36527,1040,5920,KALIMANTAN TIMUR
2021-02-26,401,5,345,51,43888,36872,1045,5971,KALIMANTAN TIMUR
2021-02-27,292,7,521,-236,44180,37393,1052,5735,KALIMANTAN TIMUR
2021-02-28,307,3,369,-65,44487,37762,1055,5670,KALIMANTAN TIMUR
2021-03-01,348,8,401,-61,44835,38163,1063,5609,KALIMANTAN TIMUR
2021-03-02,246,12,474,-240,45081,38637,1075,5369,KALIMANTAN TIMUR
2021-03-03,282,5,374,-97,45363,39011,1080,5272,KALIMANTAN TIMUR
2021-03-04,393,4,332,57,45756,39343,1084,5329,KALIMANTAN TIMUR
2021-03-05,240,7,391,-158,45996,39734,1091,5171,KALIMANTAN TIMUR
2021-03-06,300,2,377,-79,46296,40111,1093,5092,KALIMANTAN TIMUR
2021-03-07,277,6,316,-45,46573,40427,1099,5047,KALIMANTAN TIMUR
2021-03-08,112,5,306,-199,46685,40733,1104,4848,KALIMANTAN TIMUR
2021-03-09,218,4,356,-142,46903,41089,1108,4706,KALIMANTAN TIMUR
2021-03-10,238,8,363,-133,47141,41452,1116,4573,KALIMANTAN TIMUR
2021-03-11,354,8,366,-20,47495,41818,1124,4553,KALIMANTAN TIMUR
2021-03-12,168,8,277,-117,47663,42095,1132,4436,KALIMANTAN TIMUR
2021-03-13,210,2,190,18,47873,42285,1134,4454,KALIMANTAN TIMUR
2021-03-14,170,4,282,-116,48043,42567,1138,4338,KALIMANTAN TIMUR
2021-03-15,159,3,377,-221,48202,42944,1141,4117,KALIMANTAN TIMUR
2021-03-16,203,7,175,21,48405,43119,1148,4138,KALIMANTAN TIMUR
2021-03-17,179,2,279,-102,48584,43398,1150,4036,KALIMANTAN TIMUR
2021-03-18,255,9,308,-62,48839,43706,1159,3974,KALIMANTAN TIMUR
2021-03-19,218,6,229,-17,49057,43935,1165,3957,KALIMANTAN TIMUR
2021-03-20,178,5,271,-98,49235,44206,1170,3859,KALIMANTAN TIMUR
2021-03-21,172,6,309,-143,49407,44515,1176,3716,KALIMANTAN TIMUR
2021-03-22,65,5,329,-269,49472,44844,1181,3447,KALIMANTAN TIMUR
2021-03-23,186,1,261,-76,49658,45105,1182,3371,KALIMANTAN TIMUR
2021-03-24,222,5,301,-84,49880,45406,1187,3287,KALIMANTAN TIMUR
2021-03-25,253,9,332,-88,50133,45738,1196,3199,KALIMANTAN TIMUR
2021-03-26,191,6,491,-306,50324,46229,1202,2893,KALIMANTAN TIMUR
2021-03-27,164,2,233,-71,50488,46462,1204,2822,KALIMANTAN TIMUR
2021-03-28,134,4,292,-162,50622,46754,1208,2660,KALIMANTAN TIMUR
2021-03-29,100,3,241,-144,50722,46995,1211,2516,KALIMANTAN TIMUR
2021-03-30,202,8,219,-25,50924,47214,1219,2491,KALIMANTAN TIMUR
2021-03-31,160,2,133,25,51084,47347,1221,2516,KALIMANTAN TIMUR
2021-04-01,167,8,159,0,51251,47506,1229,2516,KALIMANTAN TIMUR
2021-04-02,190,4,166,20,51441,47672,1233,2536,KALIMANTAN TIMUR
2021-04-03,118,8,142,-32,51559,47814,1241,2504,KALIMANTAN TIMUR
2021-04-04,120,3,174,-57,51679,47988,1244,2447,KALIMANTAN TIMUR
2021-04-05,73,3,231,-161,51752,48219,1247,2286,KALIMANTAN TIMUR
2021-04-06,156,4,142,10,51908,48361,1251,2296,KALIMANTAN TIMUR
2021-04-07,141,6,347,-212,52049,48708,1257,2084,KALIMANTAN TIMUR
2021-04-08,118,1,161,-44,52167,48869,1258,2040,KALIMANTAN TIMUR
2021-04-09,163,1,196,-34,52330,49065,1259,2006,KALIMANTAN TIMUR
2021-04-10,149,5,198,-54,52479,49263,1264,1952,KALIMANTAN TIMUR
2021-04-11,162,3,205,-46,52641,49468,1267,1906,KALIMANTAN TIMUR
2021-04-12,72,6,127,-61,52713,49595,1273,1845,KALIMANTAN TIMUR
2021-04-13,131,1,168,-38,52844,49763,1274,1807,KALIMANTAN TIMUR
2021-04-14,157,2,143,12,53001,49906,1276,1819,KALIMANTAN TIMUR
2021-04-15,145,3,226,-84,53146,50132,1279,1735,KALIMANTAN TIMUR
2021-04-16,98,1,190,-93,53244,50322,1280,1642,KALIMANTAN TIMUR
2021-04-17,159,3,160,-4,53403,50482,1283,1638,KALIMANTAN TIMUR
2021-04-18,157,3,170,-16,53560,50652,1286,1622,KALIMANTAN TIMUR
2021-04-19,96,6,130,-40,53656,50782,1292,1582,KALIMANTAN TIMUR
2021-04-20,117,4,144,-31,53773,50926,1296,1551,KALIMANTAN TIMUR
2021-04-21,147,1,119,27,53920,51045,1297,1578,KALIMANTAN TIMUR
2021-04-22,143,2,105,36,54063,51150,1299,1614,KALIMANTAN TIMUR
2021-04-23,151,2,137,12,54214,51287,1301,1626,KALIMANTAN TIMUR
2021-04-24,107,2,175,-70,54321,51462,1303,1556,KALIMANTAN TIMUR
2021-04-25,128,2,95,31,54449,51557,1305,1587,KALIMANTAN TIMUR
2021-04-26,67,4,157,-94,54516,51714,1309,1493,KALIMANTAN TIMUR
2021-04-27,115,5,175,-65,54631,51889,1314,1428,KALIMANTAN TIMUR
2021-04-28,151,3,116,32,54782,52005,1317,1460,KALIMANTAN TIMUR
2021-04-29,124,3,129,-8,54906,52134,1320,1452,KALIMANTAN TIMUR
2021-04-30,133,0,144,-11,55039,52278,1320,1441,KALIMANTAN TIMUR
2021-05-01,115,0,156,-41,55154,52434,1320,1400,KALIMANTAN TIMUR
2021-05-02,35,5,98,-68,55189,52532,1325,1332,KALIMANTAN TIMUR
2021-05-03,65,4,143,-82,55254,52675,1329,1250,KALIMANTAN TIMUR
2021-05-04,109,2,93,14,55363,52768,1331,1264,KALIMANTAN TIMUR
2021-05-05,107,3,82,22,55470,52850,1334,1286,KALIMANTAN TIMUR
2021-05-06,83,2,103,-22,55553,52953,1336,1264,KALIMANTAN TIMUR
2021-05-07,84,5,134,-55,55637,53087,1341,1209,KALIMANTAN TIMUR
2021-05-08,91,2,161,-72,55728,53248,1343,1137,KALIMANTAN TIMUR
2021-05-09,69,2,176,-109,55797,53424,1345,1028,KALIMANTAN TIMUR
2021-05-10,70,2,95,-27,55867,53519,1347,1001,KALIMANTAN TIMUR
2021-05-11,66,2,82,-18,55933,53601,1349,983,KALIMANTAN TIMUR
2021-05-12,93,1,61,31,56026,53662,1350,1014,KALIMANTAN TIMUR
2021-05-13,66,1,68,-3,56092,53730,1351,1011,KALIMANTAN TIMUR
2021-05-14,11,1,75,-65,56103,53805,1352,946,KALIMANTAN TIMUR
2021-05-15,46,1,54,-9,56149,53859,1353,937,KALIMANTAN TIMUR
2021-05-16,43,1,77,-35,56192,53936,1354,902,KALIMANTAN TIMUR
2021-05-17,48,4,88,-44,56240,54024,1358,858,KALIMANTAN TIMUR
2021-05-18,113,3,98,12,56353,54122,1361,870,KALIMANTAN TIMUR
2021-05-19,104,2,70,32,56457,54192,1363,902,KALIMANTAN TIMUR
2021-05-20,80,0,69,11,56537,54261,1363,913,KALIMANTAN TIMUR
2021-05-21,70,4,115,-49,56607,54376,1367,864,KALIMANTAN TIMUR
2021-05-22,72,0,56,16,56679,54432,1367,880,KALIMANTAN TIMUR
2021-05-23,79,1,60,18,56758,54492,1368,898,KALIMANTAN TIMUR
2021-05-24,86,1,55,30,56844,54547,1369,928,KALIMANTAN TIMUR
2021-05-25,85,6,48,31,56929,54595,1375,959,KALIMANTAN TIMUR
2021-05-26,66,2,70,-6,56995,54665,1377,953,KALIMANTAN TIMUR
2021-05-27,54,1,91,-38,57049,54756,1378,915,KALIMANTAN TIMUR
2021-05-28,52,3,92,-43,57101,54848,1381,872,KALIMANTAN TIMUR
2021-05-29,120,1,101,18,57221,54949,1382,890,KALIMANTAN TIMUR
2021-05-30,114,2,98,14,57335,55047,1384,904,KALIMANTAN TIMUR
2021-05-31,67,2,143,-78,57402,55190,1386,826,KALIMANTAN TIMUR
2021-06-01,73,0,57,16,57475,55247,1386,842,KALIMANTAN TIMUR
2021-06-02,53,5,87,-39,57528,55334,1391,803,KALIMANTAN TIMUR
2021-06-03,71,1,54,16,57599,55388,1392,819,KALIMANTAN TIMUR
2021-06-04,91,1,59,31,57690,55447,1393,850,KALIMANTAN TIMUR
2021-06-05,63,0,62,1,57753,55509,1393,851,KALIMANTAN TIMUR
2021-06-06,58,4,67,-13,57811,55576,1397,838,KALIMANTAN TIMUR
2021-06-07,32,6,73,-47,57843,55649,1403,791,KALIMANTAN TIMUR
2021-06-08,76,3,49,24,57919,55698,1406,815,KALIMANTAN TIMUR
2021-06-09,69,1,88,-20,57988,55786,1407,795,KALIMANTAN TIMUR
2021-06-10,81,2,69,10,58069,55855,1409,805,KALIMANTAN TIMUR
2021-06-11,64,5,64,-5,58133,55919,1414,800,KALIMANTAN TIMUR
2021-06-12,63,1,51,11,58196,55970,1415,811,KALIMANTAN TIMUR
2021-06-13,83,0,53,30,58279,56023,1415,841,KALIMANTAN TIMUR
2021-06-14,52,0,68,-16,58331,56091,1415,825,KALIMANTAN TIMUR
2021-06-15,107,0,89,18,58438,56180,1415,843,KALIMANTAN TIMUR
2021-06-16,113,1,65,47,58551,56245,1416,890,KALIMANTAN TIMUR
2021-06-17,148,2,49,97,58699,56294,1418,987,KALIMANTAN TIMUR
2021-06-18,118,4,74,40,58817,56368,1422,1027,KALIMANTAN TIMUR
2021-06-19,116,2,76,38,58933,56444,1424,1065,KALIMANTAN TIMUR
2021-06-20,114,5,60,49,59047,56504,1429,1114,KALIMANTAN TIMUR
2021-06-21,133,0,67,66,59180,56571,1429,1180,KALIMANTAN TIMUR
2021-06-22,192,4,93,95,59372,56664,1433,1275,KALIMANTAN TIMUR
2021-06-23,187,3,58,126,59559,56722,1436,1401,KALIMANTAN TIMUR
2021-06-24,269,4,61,204,59828,56783,1440,1605,KALIMANTAN TIMUR
2021-06-25,281,3,91,187,60109,56874,1443,1792,KALIMANTAN TIMUR
2021-06-26,341,6,61,274,60450,56935,1449,2066,KALIMANTAN TIMUR
2021-06-27,379,8,73,298,60829,57008,1457,2364,KALIMANTAN TIMUR
2021-06-28,303,5,96,202,61132,57104,1462,2566,KALIMANTAN TIMUR
2021-06-29,392,11,99,282,61524,57203,1473,2848,KALIMANTAN TIMUR
2021-06-30,395,11,75,309,61919,57278,1484,3157,KALIMANTAN TIMUR
2021-07-01,489,8,89,392,62408,57367,1492,3549,KALIMANTAN TIMUR
2021-07-02,531,8,112,411,62939,57479,1500,3960,KALIMANTAN TIMUR
2021-07-03,504,15,234,255,63443,57713,1515,4215,KALIMANTAN TIMUR
2021-07-04,605,15,227,363,64048,57940,1530,4578,KALIMANTAN TIMUR
2021-07-05,348,17,172,159,64396,58112,1547,4737,KALIMANTAN TIMUR
2021-07-06,581,14,188,379,64977,58300,1561,5116,KALIMANTAN TIMUR
2021-07-07,607,20,261,326,65584,58561,1581,5442,KALIMANTAN TIMUR
2021-07-08,784,22,194,568,66368,58755,1603,6010,KALIMANTAN TIMUR
2021-07-09,813,14,346,453,67181,59101,1617,6463,KALIMANTAN TIMUR
2021-07-10,811,21,359,431,67992,59460,1638,6894,KALIMANTAN TIMUR
2021-07-11,922,42,342,538,68914,59802,1680,7432,KALIMANTAN TIMUR
2021-07-12,791,19,244,528,69705,60046,1699,7960,KALIMANTAN TIMUR
2021-07-13,1199,45,384,770,70904,60430,1744,8730,KALIMANTAN TIMUR
2021-07-14,1313,32,366,915,72217,60796,1776,9645,KALIMANTAN TIMUR
2021-07-15,1224,37,437,750,73441,61233,1813,10395,KALIMANTAN TIMUR
2021-07-16,1373,41,573,759,74814,61806,1854,11154,KALIMANTAN TIMUR
2021-07-17,1346,30,551,765,76160,62357,1884,11919,KALIMANTAN TIMUR
2021-07-18,1197,43,580,574,77357,62937,1927,12493,KALIMANTAN TIMUR
2021-07-19,753,65,597,91,78110,63534,1992,12584,KALIMANTAN TIMUR
2021-07-20,975,70,447,458,79085,63981,2062,13042,KALIMANTAN TIMUR
2021-07-21,732,50,380,302,79817,64361,2112,13344,KALIMANTAN TIMUR
2021-07-22,1543,60,588,895,81360,64949,2172,14239,KALIMANTAN TIMUR
2021-07-23,1202,49,642,511,82562,65591,2221,14750,KALIMANTAN TIMUR
2021-07-24,1681,59,702,920,84243,66293,2280,15670,KALIMANTAN TIMUR
2021-07-25,1380,59,772,549,85623,67065,2339,16219,KALIMANTAN TIMUR
2021-07-26,747,66,699,-18,86370,67764,2405,16201,KALIMANTAN TIMUR
2021-07-27,1570,42,908,620,87940,68672,2447,16821,KALIMANTAN TIMUR
2021-07-28,1710,75,910,725,89650,69582,2522,17546,KALIMANTAN TIMUR
2021-07-29,1241,70,1171,0,90891,70753,2592,17546,KALIMANTAN TIMUR
2021-07-30,1881,50,1172,659,92772,71925,2642,18205,KALIMANTAN TIMUR
2021-07-31,1332,63,921,348,94104,72846,2705,18553,KALIMANTAN TIMUR
2021-08-01,1359,62,1392,-95,95463,74238,2767,18458,KALIMANTAN TIMUR
2021-08-02,881,39,1562,-720,96344,75800,2806,17738,KALIMANTAN TIMUR
2021-08-03,1143,49,1199,-105,97487,76999,2855,17633,KALIMANTAN TIMUR
2021-08-04,1738,63,1384,291,99225,78383,2918,17924,KALIMANTAN TIMUR
2021-08-05,1650,78,1580,-8,100875,79963,2996,17916,KALIMANTAN TIMUR
2021-08-06,1434,65,2095,-726,102309,82058,3061,17190,KALIMANTAN TIMUR
2021-08-07,1451,63,1375,13,103760,83433,3124,17203,KALIMANTAN TIMUR
2021-08-08,1256,76,1354,-174,105016,84787,3200,17029,KALIMANTAN TIMUR
2021-08-09,848,52,1818,-1022,105864,86605,3252,16007,KALIMANTAN TIMUR
2021-08-10,1248,64,1942,-758,107112,88547,3316,15249,KALIMANTAN TIMUR
2021-08-11,1458,52,1505,-99,108570,90052,3368,15150,KALIMANTAN TIMUR
2021-08-12,937,51,1608,-722,109507,91660,3419,14428,KALIMANTAN TIMUR
2021-08-13,1153,56,1508,-411,110660,93168,3475,14017,KALIMANTAN TIMUR
2021-08-14,922,56,1368,-502,111582,94536,3531,13515,KALIMANTAN TIMUR
2021-08-15,619,51,1379,-811,112201,95915,3582,12704,KALIMANTAN TIMUR
2021-08-16,516,58,1499,-1041,112717,97414,3640,11663,KALIMANTAN TIMUR
2021-08-17,750,47,1271,-568,113467,98685,3687,11095,KALIMANTAN TIMUR
2021-08-18,486,61,1316,-891,113953,100001,3748,10204,KALIMANTAN TIMUR
2021-08-19,881,64,1026,-209,114834,101027,3812,9995,KALIMANTAN TIMUR
2021-08-20,729,34,1120,-425,115563,102147,3846,9570,KALIMANTAN TIMUR
2021-08-21,522,30,971,-479,116085,103118,3876,9091,KALIMANTAN TIMUR
2021-08-22,484,20,1382,-918,116569,104500,3896,8173,KALIMANTAN TIMUR
2021-08-23,384,26,747,-389,116953,105247,3922,7784,KALIMANTAN TIMUR
2021-08-24,618,27,854,-263,117571,106101,3949,7521,KALIMANTAN TIMUR
2021-08-25,707,37,971,-301,118278,107072,3986,7220,KALIMANTAN TIMUR
2021-08-26,488,30,695,-237,118766,107767,4016,6983,KALIMANTAN TIMUR
2021-08-27,409,21,1012,-624,119175,108779,4037,6359,KALIMANTAN TIMUR
2021-08-28,367,12,495,-140,119542,109274,4049,6219,KALIMANTAN TIMUR
2021-08-29,267,20,542,-295,119809,109816,4069,5924,KALIMANTAN TIMUR
2021-08-30,265,12,596,-343,120074,110412,4081,5581,KALIMANTAN TIMUR
2021-08-31,440,7,658,-225,120514,111070,4088,5356,KALIMANTAN TIMUR
2021-09-01,443,23,575,-155,120957,111645,4111,5201,KALIMANTAN TIMUR
2021-09-02,397,12,463,-78,121354,112108,4123,5123,KALIMANTAN TIMUR
2021-09-03,283,19,612,-348,121637,112720,4142,4775,KALIMANTAN TIMUR
2021-09-04,283,17,473,-207,121920,113193,4159,4568,KALIMANTAN TIMUR
2021-09-05,247,16,524,-293,122167,113717,4175,4275,KALIMANTAN TIMUR
2021-09-06,145,11,571,-437,122312,114288,4186,3838,KALIMANTAN TIMUR
2021-09-07,332,12,544,-224,122644,114832,4198,3614,KALIMANTAN TIMUR
2021-09-08,289,8,362,-81,122933,115194,4206,3533,KALIMANTAN TIMUR
2021-09-09,222,11,359,-148,123155,115553,4217,3385,KALIMANTAN TIMUR
2021-09-10,190,9,460,-279,123345,116013,4226,3106,KALIMANTAN TIMUR
2021-09-11,192,15,343,-166,123537,116356,4241,2940,KALIMANTAN TIMUR
2021-09-12,136,13,306,-183,123673,116662,4254,2757,KALIMANTAN TIMUR
2021-09-13,73,8,265,-200,123746,116927,4262,2557,KALIMANTAN TIMUR
2021-09-14,173,11,341,-179,123919,117268,4273,2378,KALIMANTAN TIMUR
2021-09-15,123,10,277,-164,124042,117545,4283,2214,KALIMANTAN TIMUR
2021-09-16,86,5,221,-140,124128,117766,4288,2074,KALIMANTAN TIMUR
2021-09-17,190,5,305,-120,124318,118071,4293,1954,KALIMANTAN TIMUR
2021-09-18,132,5,248,-121,124450,118319,4298,1833,KALIMANTAN TIMUR
2021-09-19,63,8,157,-102,124513,118476,4306,1731,KALIMANTAN TIMUR
2021-09-20,77,3,251,-177,124590,118727,4309,1554,KALIMANTAN TIMUR
2021-09-21,152,3,209,-60,124742,118936,4312,1494,KALIMANTAN TIMUR
2021-09-22,113,4,154,-45,124855,119090,4316,1449,KALIMANTAN TIMUR
2021-09-23,107,2,167,-62,124962,119257,4318,1387,KALIMANTAN TIMUR
2021-09-24,110,2,162,-54,125072,119419,4320,1333,KALIMANTAN TIMUR
2021-09-25,58,2,161,-105,125130,119580,4322,1228,KALIMANTAN TIMUR
2021-09-26,54,1,91,-38,125184,119671,4323,1190,KALIMANTAN TIMUR
2021-09-27,54,2,178,-126,125238,119849,4325,1064,KALIMANTAN TIMUR
2021-09-28,51,3,142,-94,125289,119991,4328,970,KALIMANTAN TIMUR
2021-09-29,66,4,87,-25,125355,120078,4332,945,KALIMANTAN TIMUR
2021-09-30,45,1,93,-49,125400,120171,4333,896,KALIMANTAN TIMUR
2021-10-01,49,3,114,-68,125449,120285,4336,828,KALIMANTAN TIMUR
2021-10-02,51,1,78,-28,125500,120363,4337,800,KALIMANTAN TIMUR
2021-10-03,40,1,101,-62,125540,120464,4338,738,KALIMANTAN TIMUR
2021-10-04,29,4,89,-64,125569,120553,4342,674,KALIMANTAN TIMUR
2021-10-05,61,1,74,-14,125630,120627,4343,660,KALIMANTAN TIMUR
2021-10-06,47,0,99,-52,125677,120726,4343,608,KALIMANTAN TIMUR
2021-10-07,64,5,67,-8,125741,120793,4348,600,KALIMANTAN TIMUR
2021-10-08,44,2,71,-29,125785,120864,4350,571,KALIMANTAN TIMUR
2021-10-09,32,3,46,-17,125817,120910,4353,554,KALIMANTAN TIMUR
2021-10-10,33,3,59,-29,125850,120969,4356,525,KALIMANTAN TIMUR
2021-10-11,20,3,56,-39,125870,121025,4359,486,KALIMANTAN TIMUR
2021-10-12,41,1,39,1,125911,121064,4360,487,KALIMANTAN TIMUR
2021-10-13,20,5,63,-48,125931,121127,4365,439,KALIMANTAN TIMUR
2021-10-14,39,4,43,-8,125970,121170,4369,431,KALIMANTAN TIMUR
2021-10-15,22,1,66,-45,125992,121236,4370,386,KALIMANTAN TIMUR
2021-10-16,33,0,32,1,126025,121268,4370,387,KALIMANTAN TIMUR
2021-10-17,13,2,53,-42,126038,121321,4372,345,KALIMANTAN TIMUR
2021-10-18,14,3,51,-40,126052,121372,4375,305,KALIMANTAN TIMUR
2021-10-19,31,3,51,-23,126083,121423,4378,282,KALIMANTAN TIMUR
2021-10-20,25,2,30,-7,126108,121453,4380,275,KALIMANTAN TIMUR
2021-10-21,25,0,43,-18,126133,121496,4380,257,KALIMANTAN TIMUR
2021-10-22,24,2,32,-10,126157,121528,4382,247,KALIMANTAN TIMUR
2021-10-23,30,0,41,-11,126187,121569,4382,236,KALIMANTAN TIMUR
2021-10-24,21,3,28,-10,126208,121597,4385,226,KALIMANTAN TIMUR
2021-10-25,10,2,36,-28,126218,121633,4387,198,KALIMANTAN TIMUR
2021-10-26,20,1,23,-4,126238,121656,4388,194,KALIMANTAN TIMUR
2021-10-27,20,1,19,0,126258,121675,4389,194,KALIMANTAN TIMUR
2021-10-28,15,2,20,-7,126273,121695,4391,187,KALIMANTAN TIMUR
2021-10-29,19,0,15,4,126292,121710,4391,191,KALIMANTAN TIMUR
2021-10-30,9,0,28,-19,126301,121738,4391,172,KALIMANTAN TIMUR
2021-10-31,9,0,15,-6,126310,121753,4391,166,KALIMANTAN TIMUR
2021-11-01,14,0,26,-12,126324,121779,4391,154,KALIMANTAN TIMUR
2021-11-02,23,0,22,1,126347,121801,4391,155,KALIMANTAN TIMUR
2021-11-03,15,0,20,-5,126362,121821,4391,150,KALIMANTAN TIMUR
2021-11-04,14,0,14,0,126376,121835,4391,150,KALIMANTAN TIMUR
2021-11-05,6,0,25,-19,126382,121860,4391,131,KALIMANTAN TIMUR
2021-11-06,11,0,14,-3,126393,121874,4391,128,KALIMANTAN TIMUR
2021-11-07,11,0,16,-5,126404,121890,4391,123,KALIMANTAN TIMUR
2021-11-08,2,0,14,-12,126406,121904,4391,111,KALIMANTAN TIMUR
2021-11-09,8,0,8,0,126414,121912,4391,111,KALIMANTAN TIMUR
2021-11-10,9,0,15,-6,126423,121927,4391,105,KALIMANTAN TIMUR
2021-11-11,1,0,14,-13,126424,121941,4391,92,KALIMANTAN TIMUR
2021-11-12,5,0,15,-10,126429,121956,4391,82,KALIMANTAN TIMUR
2021-11-13,7,0,23,-16,126436,121979,4391,66,KALIMANTAN TIMUR
2021-11-14,14,0,14,0,126450,121993,4391,66,KALIMANTAN TIMUR
2021-11-15,10,0,15,-5,126460,122008,4391,61,KALIMANTAN TIMUR
2021-11-16,9,0,11,-2,126469,122019,4391,59,KALIMANTAN TIMUR
2021-11-17,5,0,5,0,126474,122024,4391,59,KALIMANTAN TIMUR
2021-11-18,5,0,1,4,126479,122025,4391,63,KALIMANTAN TIMUR
2021-11-19,5,0,4,1,126484,122029,4391,64,KALIMANTAN TIMUR
2021-11-20,7,0,4,3,126491,122033,4391,67,KALIMANTAN TIMUR
2021-11-21,6,0,3,3,126497,122036,4391,70,KALIMANTAN TIMUR
2021-11-22,9,0,8,1,126506,122044,4391,71,KALIMANTAN TIMUR
2021-11-23,5,0,6,-1,126511,122050,4391,70,KALIMANTAN TIMUR
2021-11-24,10,1,7,2,126521,122057,4392,72,KALIMANTAN TIMUR
2021-11-25,4,0,5,-1,126525,122062,4392,71,KALIMANTAN TIMUR
2021-11-26,3,0,4,-1,126528,122066,4392,70,KALIMANTAN TIMUR
2021-11-27,4,0,8,-4,126532,122074,4392,66,KALIMANTAN TIMUR
2021-11-28,3,0,5,-2,126535,122079,4392,64,KALIMANTAN TIMUR
2021-11-29,8,0,5,3,126543,122084,4392,67,KALIMANTAN TIMUR
2021-11-30,2,0,7,-5,126545,122091,4392,62,KALIMANTAN TIMUR
2021-12-01,6,0,2,4,126551,122093,4392,66,KALIMANTAN TIMUR
2021-12-02,6,0,14,-8,126557,122107,4392,58,KALIMANTAN TIMUR
2021-12-03,1,0,10,-9,126558,122117,4392,49,KALIMANTAN TIMUR
2021-12-04,2,0,7,-5,126560,122124,4392,44,KALIMANTAN TIMUR
2021-12-05,1,0,7,-6,126561,122131,4392,38,KALIMANTAN TIMUR
2021-12-06,2,1,7,-6,126563,122138,4393,32,KALIMANTAN TIMUR
2021-12-07,5,0,0,5,126568,122138,4393,37,KALIMANTAN TIMUR
2021-12-08,5,0,7,-2,126573,122145,4393,35,KALIMANTAN TIMUR
2021-12-09,7,0,6,1,126580,122151,4393,36,KALIMANTAN TIMUR
2021-12-10,1,0,7,-6,126581,122158,4393,30,KALIMANTAN TIMUR
2021-12-11,2,0,0,2,126583,122158,4393,32,KALIMANTAN TIMUR
2021-12-12,0,0,6,-6,126583,122164,4393,26,KALIMANTAN TIMUR
2021-12-13,3,0,6,-3,126586,122170,4393,23,KALIMANTAN TIMUR
2021-12-14,4,0,0,4,126590,122170,4393,27,KALIMANTAN TIMUR
2021-12-15,3,0,1,2,126593,122171,4393,29,KALIMANTAN TIMUR
2021-12-16,3,0,4,-1,126596,122175,4393,28,KALIMANTAN TIMUR
2021-12-17,4,0,0,4,126600,122175,4393,32,KALIMANTAN TIMUR
2021-12-18,1,0,7,-6,126601,122182,4393,26,KALIMANTAN TIMUR
2021-12-19,4,0,2,2,126605,122184,4393,28,KALIMANTAN TIMUR
2021-12-20,3,0,2,1,126608,122186,4393,29,KALIMANTAN TIMUR
2021-12-21,4,0,1,3,126612,122187,4393,32,KALIMANTAN TIMUR
2021-12-22,1,0,5,-4,126613,122192,4393,28,KALIMANTAN TIMUR
2021-12-23,1,0,2,-1,126614,122194,4393,27,KALIMANTAN TIMUR
2021-12-24,1,0,2,-1,126615,122196,4393,26,KALIMANTAN TIMUR
2021-12-25,2,0,5,-3,126617,122201,4393,23,KALIMANTAN TIMUR
2021-12-26,1,0,1,0,126618,122202,4393,23,KALIMANTAN TIMUR
2021-12-27,2,0,4,-2,126620,122206,4393,21,KALIMANTAN TIMUR
2021-12-28,3,0,1,2,126623,122207,4393,23,KALIMANTAN TIMUR
2021-12-29,4,0,4,0,126627,122211,4393,23,KALIMANTAN TIMUR
2021-12-30,0,0,2,-2,126627,122213,4393,21,KALIMANTAN TIMUR
2021-12-31,0,0,3,-3,126627,122216,4393,18,KALIMANTAN TIMUR
2022-01-01,1,0,0,1,126628,122216,4393,19,KALIMANTAN TIMUR
2022-01-02,0,0,1,-1,126628,122217,4393,18,KALIMANTAN TIMUR
2022-01-03,4,0,5,-1,126632,122222,4393,17,KALIMANTAN TIMUR
2022-01-04,2,0,5,-3,126634,122227,4393,14,KALIMANTAN TIMUR
2022-01-05,1,0,0,1,126635,122227,4393,15,KALIMANTAN TIMUR
2022-01-06,4,0,2,2,126639,122229,4393,17,KALIMANTAN TIMUR
2022-01-07,0,1,2,-3,126639,122231,4394,14,KALIMANTAN TIMUR
2022-01-08,3,0,2,1,126642,122233,4394,15,KALIMANTAN TIMUR
2022-01-09,1,0,1,0,126643,122234,4394,15,KALIMANTAN TIMUR
2022-01-10,2,0,1,1,126645,122235,4394,16,KALIMANTAN TIMUR
2022-01-11,3,0,1,2,126648,122236,4394,18,KALIMANTAN TIMUR
2022-01-12,6,0,0,6,126654,122236,4394,24,KALIMANTAN TIMUR
2022-01-13,9,1,1,7,126663,122237,4395,31,KALIMANTAN TIMUR
2022-01-14,5,2,3,0,126668,122240,4397,31,KALIMANTAN TIMUR
2022-01-15,6,0,1,5,126674,122241,4397,36,KALIMANTAN TIMUR
2022-01-16,3,0,1,2,126677,122242,4397,38,KALIMANTAN TIMUR
2022-01-17,2,0,2,0,126679,122244,4397,38,KALIMANTAN TIMUR
2022-01-18,10,0,8,2,126689,122252,4397,40,KALIMANTAN TIMUR
2022-01-19,15,0,0,15,126704,122252,4397,55,KALIMANTAN TIMUR
2022-01-20,19,0,0,19,126723,122252,4397,74,KALIMANTAN TIMUR
2022-01-21,11,0,1,10,126734,122253,4397,84,KALIMANTAN TIMUR
2022-01-22,8,0,2,6,126742,122255,4397,90,KALIMANTAN TIMUR
2022-01-23,6,0,31,-25,126748,122286,4397,65,KALIMANTAN TIMUR
2022-01-24,9,1,5,3,126757,122291,4398,68,KALIMANTAN TIMUR
2022-01-25,9,0,1,8,126766,122292,4398,76,KALIMANTAN TIMUR
2022-01-26,21,0,12,9,126787,122304,4398,85,KALIMANTAN TIMUR
2022-01-27,26,0,8,18,126813,122312,4398,103,KALIMANTAN TIMUR
2022-01-28,36,0,13,23,126849,122325,4398,126,KALIMANTAN TIMUR
2022-01-29,48,0,13,35,126897,122338,4398,161,KALIMANTAN TIMUR
2022-01-30,30,0,18,12,126927,122356,4398,173,KALIMANTAN TIMUR
2022-01-31,29,0,10,19,126956,122366,4398,192,KALIMANTAN TIMUR
2022-02-01,65,0,5,60,127021,122371,4398,252,KALIMANTAN TIMUR
2022-02-02,41,0,5,36,127062,122376,4398,288,KALIMANTAN TIMUR
2022-02-03,87,1,18,68,127149,122394,4399,356,KALIMANTAN TIMUR
2022-02-04,114,0,25,89,127263,122419,4399,445,KALIMANTAN TIMUR
2022-02-05,115,0,20,95,127378,122439,4399,540,KALIMANTAN TIMUR
2022-02-06,93,0,26,67,127471,122465,4399,607,KALIMANTAN TIMUR
2022-02-07,89,0,52,37,127560,122517,4399,644,KALIMANTAN TIMUR
2022-02-08,268,0,70,198,127828,122587,4399,842,KALIMANTAN TIMUR
2022-02-09,276,0,86,190,128104,122673,4399,1032,KALIMANTAN TIMUR
2022-02-10,315,0,85,230,128419,122758,4399,1262,KALIMANTAN TIMUR
2022-02-11,289,2,80,207,128708,122838,4401,1469,KALIMANTAN TIMUR
2022-02-12,623,2,75,546,129331,122913,4403,2015,KALIMANTAN TIMUR
2022-02-13,390,1,115,274,129721,123028,4404,2289,KALIMANTAN TIMUR
2022-02-14,456,0,123,333,130177,123151,4404,2622,KALIMANTAN TIMUR
2022-02-15,1062,0,135,927,131239,123286,4404,3549,KALIMANTAN TIMUR
2022-02-16,1020,0,157,863,132259,123443,4404,4412,KALIMANTAN TIMUR
2022-02-17,1463,7,225,1231,133722,123668,4411,5643,KALIMANTAN TIMUR
2022-02-18,1265,1,233,1031,134987,123901,4412,6674,KALIMANTAN TIMUR
2022-02-19,1586,3,269,1314,136573,124170,4415,7988,KALIMANTAN TIMUR
2022-02-20,1233,3,352,878,137806,124522,4418,8866,KALIMANTAN TIMUR
2022-02-21,1132,3,525,604,138938,125047,4421,9470,KALIMANTAN TIMUR
2022-02-22,2163,4,518,1641,141101,125565,4425,11111,KALIMANTAN TIMUR
2022-02-23,2336,2,412,1922,143437,125977,4427,13033,KALIMANTAN TIMUR
2022-02-24,2091,4,824,1263,145528,126801,4431,14296,KALIMANTAN TIMUR
2022-02-25,1801,5,877,919,147329,127678,4436,15215,KALIMANTAN TIMUR
2022-02-26,1665,7,1195,463,148994,128873,4443,15678,KALIMANTAN TIMUR
2022-02-27,1202,7,1341,-146,150196,130214,4450,15532,KALIMANTAN TIMUR
2022-02-28,845,3,1126,-284,151041,131340,4453,15248,KALIMANTAN TIMUR
2022-03-01,1031,10,1182,-161,152072,132522,4463,15087,KALIMANTAN TIMUR
2022-03-02,1569,4,1173,392,153641,133695,4467,15479,KALIMANTAN TIMUR
2022-03-03,1303,3,1550,-250,154944,135245,4470,15229,KALIMANTAN TIMUR
2022-03-04,866,4,1751,-889,155810,136996,4474,14340,KALIMANTAN TIMUR
2022-03-05,960,6,1813,-859,156770,138809,4480,13481,KALIMANTAN TIMUR
2022-03-06,740,7,1788,-1055,157510,140597,4487,12426,KALIMANTAN TIMUR
2022-03-07,673,4,1594,-925,158183,142191,4491,11501,KALIMANTAN TIMUR
2022-03-08,1056,5,1545,-494,159239,143736,4496,11007,KALIMANTAN TIMUR
2022-03-09,818,5,932,-119,160057,144668,4501,10888,KALIMANTAN TIMUR
2022-03-10,549,3,953,-407,160606,145621,4504,10481,KALIMANTAN TIMUR
2022-03-11,438,8,1299,-869,161044,146920,4512,9612,KALIMANTAN TIMUR
2022-03-12,382,5,1116,-739,161426,148036,4517,8873,KALIMANTAN TIMUR
2022-03-13,278,4,675,-401,161704,148711,4521,8472,KALIMANTAN TIMUR
2022-03-14,430,5,1120,-695,162134,149831,4526,7777,KALIMANTAN TIMUR
2022-03-15,369,5,1273,-909,162503,151104,4531,6868,KALIMANTAN TIMUR
2022-03-16,304,8,861,-565,162807,151965,4539,6303,KALIMANTAN TIMUR
2022-03-17,308,6,1214,-912,163115,153179,4545,5391,KALIMANTAN TIMUR
2022-03-18,199,3,780,-584,163314,153959,4548,4807,KALIMANTAN TIMUR
2022-03-19,170,4,857,-691,163484,154816,4552,4116,KALIMANTAN TIMUR
2022-03-20,97,3,721,-627,163581,155537,4555,3489,KALIMANTAN TIMUR
2022-03-21,142,3,783,-644,163723,156320,4558,2845,KALIMANTAN TIMUR
2022-03-22,144,4,650,-510,163867,156970,4562,2335,KALIMANTAN TIMUR
2022-03-23,93,3,473,-383,163960,157443,4565,1952,KALIMANTAN TIMUR
2022-03-24,94,1,464,-371,164054,157907,4566,1581,KALIMANTAN TIMUR
2022-03-25,83,0,342,-259,164137,158249,4566,1322,KALIMANTAN TIMUR
2022-03-26,57,4,168,-115,164194,158417,4570,1207,KALIMANTAN TIMUR
2022-03-27,27,1,227,-201,164221,158644,4571,1006,KALIMANTAN TIMUR
2022-03-28,56,0,194,-138,164277,158838,4571,868,KALIMANTAN TIMUR
2022-03-29,94,1,100,-7,164371,158938,4572,861,KALIMANTAN TIMUR
2022-03-30,46,0,108,-62,164417,159046,4572,799,KALIMANTAN TIMUR
2022-03-31,34,1,137,-104,164451,159183,4573,695,KALIMANTAN TIMUR
2022-04-01,50,4,72,-26,164501,159255,4577,669,KALIMANTAN TIMUR
2022-04-02,19,2,118,-101,164520,159373,4579,568,KALIMANTAN TIMUR
2022-04-03,20,1,57,-38,164540,159430,4580,530,KALIMANTAN TIMUR
2022-04-04,42,0,103,-61,164582,159533,4580,469,KALIMANTAN TIMUR
2022-04-05,28,2,51,-25,164610,159584,4582,444,KALIMANTAN TIMUR
2022-04-06,29,1,39,-11,164639,159623,4583,433,KALIMANTAN TIMUR
2022-04-07,21,1,89,-69,164660,159712,4584,364,KALIMANTAN TIMUR
2022-04-08,14,1,152,-139,164674,159864,4585,225,KALIMANTAN TIMUR
2022-04-09,7,0,29,-22,164681,159893,4585,203,KALIMANTAN TIMUR
2022-04-10,6,2,33,-29,164687,159926,4587,174,KALIMANTAN TIMUR
2022-04-11,9,1,37,-29,164696,159963,4588,145,KALIMANTAN TIMUR
2022-04-12,18,2,30,-14,164714,159993,4590,131,KALIMANTAN TIMUR
2022-04-13,13,2,21,-10,164727,160014,4592,121,KALIMANTAN TIMUR
2022-04-14,4,1,30,-27,164731,160044,4593,94,KALIMANTAN TIMUR
2022-04-15,16,0,11,5,164747,160055,4593,99,KALIMANTAN TIMUR
2022-04-16,5,1,18,-14,164752,160073,4594,85,KALIMANTAN TIMUR
2022-04-17,5,0,20,-15,164757,160093,4594,70,KALIMANTAN TIMUR
2022-04-18,9,1,8,0,164766,160101,4595,70,KALIMANTAN TIMUR
2022-04-19,6,1,13,-8,164772,160114,4596,62,KALIMANTAN TIMUR
2022-04-20,9,1,4,4,164781,160118,4597,66,KALIMANTAN TIMUR
2022-04-21,6,0,7,-1,164787,160125,4597,65,KALIMANTAN TIMUR
2022-04-22,7,0,12,-5,164794,160137,4597,60,KALIMANTAN TIMUR
2022-04-23,2,0,8,-6,164796,160145,4597,54,KALIMANTAN TIMUR
2022-04-24,1,0,7,-6,164797,160152,4597,48,KALIMANTAN TIMUR
2022-04-25,4,0,10,-6,164801,160162,4597,42,KALIMANTAN TIMUR
2022-04-26,8,0,5,3,164809,160167,4597,45,KALIMANTAN TIMUR
2022-04-27,3,0,4,-1,164812,160171,4597,44,KALIMANTAN TIMUR
2022-04-28,3,1,6,-4,164815,160177,4598,40,KALIMANTAN TIMUR
2022-04-29,4,1,3,0,164819,160180,4599,40,KALIMANTAN TIMUR
2022-04-30,3,0,5,-2,164822,160185,4599,38,KALIMANTAN TIMUR
2022-05-01,2,0,11,-9,164824,160196,4599,29,KALIMANTAN TIMUR
2022-05-02,0,0,6,-6,164824,160202,4599,23,KALIMANTAN TIMUR
2022-05-03,3,1,5,-3,164827,160207,4600,20,KALIMANTAN TIMUR
2022-05-04,1,0,3,-2,164828,160210,4600,18,KALIMANTAN TIMUR
2022-05-05,3,0,3,0,164831,160213,4600,18,KALIMANTAN TIMUR
2022-05-06,2,0,0,2,164833,160213,4600,20,KALIMANTAN TIMUR
2022-05-07,3,0,5,-2,164836,160218,4600,18,KALIMANTAN TIMUR
2022-05-08,2,0,3,-1,164838,160221,4600,17,KALIMANTAN TIMUR
2022-05-09,2,0,0,2,164840,160221,4600,19,KALIMANTAN TIMUR
2022-05-10,7,0,3,4,164847,160224,4600,23,KALIMANTAN TIMUR
2022-05-11,16,0,1,15,164863,160225,4600,38,KALIMANTAN TIMUR
2022-05-12,4,0,2,2,164867,160227,4600,40,KALIMANTAN TIMUR
2022-05-13,2,1,3,-2,164869,160230,4601,38,KALIMANTAN TIMUR
2022-05-14,2,0,0,2,164871,160230,4601,40,KALIMANTAN TIMUR
2022-05-15,1,0,3,-2,164872,160233,4601,38,KALIMANTAN TIMUR
2022-05-16,1,0,4,-3,164873,160237,4601,35,KALIMANTAN TIMUR
2022-05-17,3,0,3,0,164876,160240,4601,35,KALIMANTAN TIMUR
2022-05-18,2,0,4,-2,164878,160244,4601,33,KALIMANTAN TIMUR
2022-05-19,6,0,0,6,164884,160244,4601,39,KALIMANTAN TIMUR
2022-05-20,1,0,7,-6,164885,160251,4601,33,KALIMANTAN TIMUR
2022-05-21,1,0,9,-8,164886,160260,4601,25,KALIMANTAN TIMUR
2022-05-22,2,0,2,0,164888,160262,4601,25,KALIMANTAN TIMUR
2022-05-23,0,0,5,-5,164888,160267,4601,20,KALIMANTAN TIMUR
2022-05-24,2,1,1,0,164890,160268,4602,20,KALIMANTAN TIMUR
2022-05-25,2,1,3,-2,164892,160271,4603,18,KALIMANTAN TIMUR
2022-05-26,1,1,1,-1,164893,160272,4604,17,KALIMANTAN TIMUR
2022-05-27,4,0,8,-4,164897,160280,4604,13,KALIMANTAN TIMUR
2022-05-28,1,0,4,-3,164898,160284,4604,10,KALIMANTAN TIMUR
2022-05-29,1,0,2,-1,164899,160286,4604,9,KALIMANTAN TIMUR
2022-05-30,0,0,0,0,164899,160286,4604,9,KALIMANTAN TIMUR
2022-05-31,1,0,2,-1,164900,160288,4604,8,KALIMANTAN TIMUR
2022-06-01,4,0,0,4,164904,160288,4604,12,KALIMANTAN TIMUR
2022-06-02,7,0,1,6,164911,160289,4604,18,KALIMANTAN TIMUR
2022-06-03,0,0,1,-1,164911,160290,4604,17,KALIMANTAN TIMUR
2022-06-04,0,0,0,0,164911,160290,4604,17,KALIMANTAN TIMUR
2022-06-05,1,0,2,-1,164912,160292,4604,16,KALIMANTAN TIMUR
2022-06-06,1,0,1,0,164913,160293,4604,16,KALIMANTAN TIMUR
2022-06-07,5,0,2,3,164918,160295,4604,19,KALIMANTAN TIMUR
2022-06-08,1,0,3,-2,164919,160298,4604,17,KALIMANTAN TIMUR
2022-06-09,2,0,5,-3,164921,160303,4604,14,KALIMANTAN TIMUR
2022-06-10,1,0,3,-2,164922,160306,4604,12,KALIMANTAN TIMUR
2022-06-11,1,0,1,0,164923,160307,4604,12,KALIMANTAN TIMUR
2022-06-12,1,0,0,1,164924,160307,4604,13,KALIMANTAN TIMUR
2022-06-13,3,0,2,1,164927,160309,4604,14,KALIMANTAN TIMUR
2022-06-14,7,0,0,7,164934,160309,4604,21,KALIMANTAN TIMUR
2022-06-15,2,0,2,0,164936,160311,4604,21,KALIMANTAN TIMUR
2022-06-16,2,0,0,2,164938,160311,4604,23,KALIMANTAN TIMUR
2022-06-17,1,0,3,-2,164939,160314,4604,21,KALIMANTAN TIMUR
2022-06-18,2,0,0,2,164941,160314,4604,23,KALIMANTAN TIMUR
2022-06-19,3,0,0,3,164944,160314,4604,26,KALIMANTAN TIMUR
2022-06-20,3,0,0,3,164947,160314,4604,29,KALIMANTAN TIMUR
2022-06-21,2,0,2,0,164949,160316,4604,29,KALIMANTAN TIMUR
2022-06-22,2,0,8,-6,164951,160324,4604,23,KALIMANTAN TIMUR
2022-06-23,1,0,8,-7,164952,160332,4604,16,KALIMANTAN TIMUR
2022-06-24,6,0,1,5,164958,160333,4604,21,KALIMANTAN TIMUR
2022-06-25,2,0,1,1,164960,160334,4604,22,KALIMANTAN TIMUR
2022-06-26,1,0,2,-1,164961,160336,4604,21,KALIMANTAN TIMUR
2022-06-27,4,0,1,3,164965,160337,4604,24,KALIMANTAN TIMUR
2022-06-28,5,0,6,-1,164970,160343,4604,23,KALIMANTAN TIMUR
2022-06-29,13,0,2,11,164983,160345,4604,34,KALIMANTAN TIMUR
2022-06-30,10,0,1,9,164993,160346,4604,43,KALIMANTAN TIMUR
2022-07-01,2,0,2,0,164995,160348,4604,43,KALIMANTAN TIMUR
2022-07-02,7,0,2,5,165002,160350,4604,48,KALIMANTAN TIMUR
2022-07-03,3,0,4,-1,165005,160354,4604,47,KALIMANTAN TIMUR
2022-07-04,1,0,3,-2,165006,160357,4604,45,KALIMANTAN TIMUR
2022-07-05,9,0,3,6,165015,160360,4604,51,KALIMANTAN TIMUR
2022-07-06,13,0,6,7,165028,160366,4604,58,KALIMANTAN TIMUR
2022-07-07,22,1,8,13,165050,160374,4605,71,KALIMANTAN TIMUR
2022-07-08,10,0,8,2,165060,160382,4605,73,KALIMANTAN TIMUR
2022-07-09,5,0,0,5,165065,160382,4605,78,KALIMANTAN TIMUR
2022-07-10,1,0,2,-1,165066,160384,4605,77,KALIMANTAN TIMUR
2022-07-11,9,1,8,0,165075,160392,4606,77,KALIMANTAN TIMUR
2022-07-12,13,0,3,10,165088,160395,4606,87,KALIMANTAN TIMUR
2022-07-13,17,1,6,10,165105,160401,4607,97,KALIMANTAN TIMUR
2022-07-14,14,0,7,7,165119,160408,4607,104,KALIMANTAN TIMUR
2022-07-15,16,0,9,7,165135,160417,4607,111,KALIMANTAN TIMUR
2022-07-16,10,0,15,-5,165145,160432,4607,106,KALIMANTAN TIMUR
2022-07-17,21,0,15,6,165166,160447,4607,112,KALIMANTAN TIMUR
2022-07-18,13,0,4,9,165179,160451,4607,121,KALIMANTAN TIMUR
2022-07-19,41,0,6,35,165220,160457,4607,156,KALIMANTAN TIMUR
2022-07-20,25,0,11,14,165245,160468,4607,170,KALIMANTAN TIMUR
2022-07-21,31,0,12,19,165276,160480,4607,189,KALIMANTAN TIMUR
2022-07-22,27,0,20,7,165303,160500,4607,196,KALIMANTAN TIMUR
2022-07-23,18,0,10,8,165321,160510,4607,204,KALIMANTAN TIMUR
2022-07-24,12,0,5,7,165333,160515,4607,211,KALIMANTAN TIMUR
2022-07-25,25,0,35,-10,165358,160550,4607,201,KALIMANTAN TIMUR
2022-07-26,40,0,18,22,165398,160568,4607,223,KALIMANTAN TIMUR
2022-07-27,38,0,13,25,165436,160581,4607,248,KALIMANTAN TIMUR
2022-07-28,45,0,28,17,165481,160609,4607,265,KALIMANTAN TIMUR
2022-07-29,40,0,27,13,165521,160636,4607,278,KALIMANTAN TIMUR
2022-07-30,39,0,14,25,165560,160650,4607,303,KALIMANTAN TIMUR
2022-07-31,30,0,42,-12,165590,160692,4607,291,KALIMANTAN TIMUR
2022-08-01,38,0,22,16,165628,160714,4607,307,KALIMANTAN TIMUR
2022-08-02,72,0,23,49,165700,160737,4607,356,KALIMANTAN TIMUR
2022-08-03,60,0,23,37,165760,160760,4607,393,KALIMANTAN TIMUR
2022-08-04,73,0,26,47,165833,160786,4607,440,KALIMANTAN TIMUR
2022-08-05,53,0,33,20,165886,160819,4607,460,KALIMANTAN TIMUR
2022-08-06,36,0,51,-15,165922,160870,4607,445,KALIMANTAN TIMUR
2022-08-07,31,1,37,-7,165953,160907,4608,438,KALIMANTAN TIMUR
2022-08-08,33,0,41,-8,165986,160948,4608,430,KALIMANTAN TIMUR
2022-08-09,62,0,46,16,166048,160994,4608,446,KALIMANTAN TIMUR
2022-08-10,51,0,54,-3,166099,161048,4608,443,KALIMANTAN TIMUR
2022-08-11,20,0,81,-61,166119,161129,4608,382,KALIMANTAN TIMUR
2022-08-12,37,0,54,-17,166156,161183,4608,365,KALIMANTAN TIMUR
2022-08-13,27,1,49,-23,166183,161232,4609,342,KALIMANTAN TIMUR
2022-08-14,26,0,46,-20,166209,161278,4609,322,KALIMANTAN TIMUR
2022-08-15,20,0,28,-8,166229,161306,4609,314,KALIMANTAN TIMUR
2022-08-16,52,0,48,4,166281,161354,4609,318,KALIMANTAN TIMUR
2022-08-17,42,1,24,17,166323,161378,4610,335,KALIMANTAN TIMUR
2022-08-18,14,1,53,-40,166337,161431,4611,295,KALIMANTAN TIMUR
2022-08-19,50,0,54,-4,166387,161485,4611,291,KALIMANTAN TIMUR
2022-08-20,23,0,23,0,166410,161508,4611,291,KALIMANTAN TIMUR
2022-08-21,10,0,30,-20,166420,161538,4611,271,KALIMANTAN TIMUR
2022-08-22,30,0,23,7,166450,161561,4611,278,KALIMANTAN TIMUR
2022-08-23,41,0,40,1,166491,161601,4611,279,KALIMANTAN TIMUR
2022-08-24,47,0,29,18,166538,161630,4611,297,KALIMANTAN TIMUR
2022-08-25,26,0,36,-10,166564,161666,4611,287,KALIMANTAN TIMUR
2022-08-26,26,0,27,-1,166590,161693,4611,286,KALIMANTAN TIMUR
2022-08-27,28,0,30,-2,166618,161723,4611,284,KALIMANTAN TIMUR
2022-08-28,16,0,27,-11,166634,161750,4611,273,KALIMANTAN TIMUR
2022-08-29,17,0,41,-24,166651,161791,4611,249,KALIMANTAN TIMUR
2022-08-30,60,0,29,31,166711,161820,4611,280,KALIMANTAN TIMUR
2022-08-31,27,0,25,2,166738,161845,4611,282,KALIMANTAN TIMUR
2022-09-01,43,2,43,-2,166781,161888,4613,280,KALIMANTAN TIMUR
2022-09-02,26,0,40,-14,166807,161928,4613,266,KALIMANTAN TIMUR
2022-09-03,16,0,15,1,166823,161943,4613,267,KALIMANTAN TIMUR
2022-09-04,12,0,24,-12,166835,161967,4613,255,KALIMANTAN TIMUR
2022-09-05,33,2,16,15,166868,161983,4615,270,KALIMANTAN TIMUR
2022-09-06,34,0,36,-2,166902,162019,4615,268,KALIMANTAN TIMUR
2022-09-07,27,0,26,1,166929,162045,4615,269,KALIMANTAN TIMUR
2022-09-08,32,0,44,-12,166961,162089,4615,257,KALIMANTAN TIMUR
2022-09-09,23,0,37,-14,166984,162126,4615,243,KALIMANTAN TIMUR
2022-09-10,21,0,21,0,167005,162147,4615,243,KALIMANTAN TIMUR
2022-09-11,14,0,17,-3,167019,162164,4615,240,KALIMANTAN TIMUR
2022-09-12,25,0,47,-22,167044,162211,4615,218,KALIMANTAN TIMUR
2022-09-13,41,0,24,17,167085,162235,4615,235,KALIMANTAN TIMUR
2022-09-14,28,1,23,4,167113,162258,4616,239,KALIMANTAN TIMUR
2022-09-15,21,0,28,-7,167134,162286,4616,232,KALIMANTAN TIMUR
2022-09-16,21,0,15,6,167155,162301,4616,238,KALIMANTAN TIMUR
2022-09-17,22,0,32,-10,167177,162333,4616,228,KALIMANTAN TIMUR
2022-09-18,19,2,12,5,167196,162345,4618,233,KALIMANTAN TIMUR
2022-09-19,25,2,41,-18,167221,162386,4620,215,KALIMANTAN TIMUR
2022-09-20,34,0,26,8,167255,162412,4620,223,KALIMANTAN TIMUR
2022-09-21,30,0,19,11,167285,162431,4620,234,KALIMANTAN TIMUR
2022-09-22,26,0,29,-3,167311,162460,4620,231,KALIMANTAN TIMUR
2022-09-23,22,1,24,-3,167333,162484,4621,228,KALIMANTAN TIMUR
2022-09-24,11,0,15,-4,167344,162499,4621,224,KALIMANTAN TIMUR
2022-09-25,10,1,18,-9,167354,162517,4622,215,KALIMANTAN TIMUR
2022-09-26,25,0,30,-5,167379,162547,4622,210,KALIMANTAN TIMUR
2022-09-27,10,0,3,7,167389,162550,4622,217,KALIMANTAN TIMUR
2022-09-28,17,0,8,9,167406,162558,4622,226,KALIMANTAN TIMUR
2022-09-29,9,0,4,5,167415,162562,4622,231,KALIMANTAN TIMUR
2022-09-30,22,0,6,16,167437,162568,4622,247,KALIMANTAN TIMUR
2020-04-03,1,0,0,1,1,0,0,1,BENGKULU
2020-04-04,0,0,0,0,1,0,0,1,BENGKULU
2020-04-05,0,0,0,0,1,0,0,1,BENGKULU
2020-04-06,0,0,0,0,1,0,0,1,BENGKULU
2020-04-07,0,0,0,0,1,0,0,1,BENGKULU
2020-04-08,0,0,0,0,1,0,0,1,BENGKULU
2020-04-09,1,0,0,1,2,0,0,2,BENGKULU
2020-04-10,0,0,0,0,2,0,0,2,BENGKULU
2020-04-11,0,0,0,0,2,0,0,2,BENGKULU
2020-04-12,0,0,0,0,2,0,0,2,BENGKULU
2020-04-13,0,0,0,0,2,0,0,2,BENGKULU
2020-04-14,0,0,0,0,2,0,0,2,BENGKULU
2020-04-15,0,0,0,0,2,0,0,2,BENGKULU
2020-04-16,0,0,0,0,2,0,0,2,BENGKULU
2020-04-17,0,0,0,0,2,0,0,2,BENGKULU
2020-04-18,0,0,1,-1,2,1,0,1,BENGKULU
2020-04-19,0,0,0,0,2,1,0,1,BENGKULU
2020-04-20,0,0,0,0,2,1,0,1,BENGKULU
2020-04-21,4,0,0,4,6,1,0,5,BENGKULU
2020-04-22,0,0,0,0,6,1,0,5,BENGKULU
2020-04-23,0,0,0,0,6,1,0,5,BENGKULU
2020-04-24,0,0,0,0,6,1,0,5,BENGKULU
2020-04-25,0,0,0,0,6,1,0,5,BENGKULU
2020-04-26,0,0,0,0,6,1,0,5,BENGKULU
2020-04-27,0,0,0,0,6,1,0,5,BENGKULU
2020-04-28,0,1,0,-1,6,1,1,4,BENGKULU
2020-04-29,2,0,0,2,8,1,1,6,BENGKULU
2020-04-30,0,0,0,0,8,1,1,6,BENGKULU
2020-05-01,0,0,0,0,8,1,1,6,BENGKULU
2020-05-02,0,0,0,0,8,1,1,6,BENGKULU
2020-05-03,0,0,0,0,8,1,1,6,BENGKULU
2020-05-04,0,0,0,0,8,1,1,6,BENGKULU
2020-05-05,0,0,0,0,8,1,1,6,BENGKULU
2020-05-06,2,0,0,2,10,1,1,8,BENGKULU
2020-05-07,0,0,0,0,10,1,1,8,BENGKULU
2020-05-08,0,0,0,0,10,1,1,8,BENGKULU
2020-05-09,14,0,0,14,24,1,1,22,BENGKULU
2020-05-10,0,0,0,0,24,1,1,22,BENGKULU
2020-05-11,0,0,0,0,24,1,1,22,BENGKULU
2020-05-12,2,0,0,2,26,1,1,24,BENGKULU
2020-05-13,0,0,0,0,26,1,1,24,BENGKULU
2020-05-14,1,0,0,1,27,1,1,25,BENGKULU
2020-05-15,10,0,0,10,37,1,1,35,BENGKULU
2020-05-16,1,0,0,1,38,1,1,36,BENGKULU
2020-05-17,7,0,0,7,45,1,1,43,BENGKULU
2020-05-18,1,0,0,1,46,1,1,44,BENGKULU
2020-05-19,1,0,0,1,47,1,1,45,BENGKULU
2020-05-20,0,0,5,-5,47,6,1,40,BENGKULU
2020-05-21,1,0,2,-1,48,8,1,39,BENGKULU
2020-05-22,0,0,0,0,48,8,1,39,BENGKULU
2020-05-23,0,0,0,0,48,8,1,39,BENGKULU
2020-05-24,0,0,0,0,48,8,1,39,BENGKULU
2020-05-25,0,0,0,0,48,8,1,39,BENGKULU
2020-05-26,0,1,2,-3,48,10,2,36,BENGKULU
2020-05-27,0,0,6,-6,48,16,2,30,BENGKULU
2020-05-28,2,0,1,1,50,17,2,31,BENGKULU
2020-05-29,1,0,0,1,51,17,2,32,BENGKULU
2020-05-30,11,0,0,11,62,17,2,43,BENGKULU
2020-05-31,4,0,0,4,66,17,2,47,BENGKULU
2020-06-01,0,0,3,-3,66,20,2,44,BENGKULU
2020-06-02,1,0,0,1,67,20,2,45,BENGKULU
2020-06-03,0,0,0,0,67,20,2,45,BENGKULU
2020-06-04,0,0,0,0,67,20,2,45,BENGKULU
2020-06-05,0,1,0,-1,67,20,3,44,BENGKULU
2020-06-06,0,0,6,-6,67,26,3,38,BENGKULU
2020-06-07,0,0,2,-2,67,28,3,36,BENGKULU
2020-06-08,0,0,0,0,67,28,3,36,BENGKULU
2020-06-09,0,0,5,-5,67,33,3,31,BENGKULU
2020-06-10,0,0,1,-1,67,34,3,30,BENGKULU
2020-06-11,0,0,1,-1,67,35,3,29,BENGKULU
2020-06-12,3,1,0,2,70,35,4,31,BENGKULU
2020-06-13,3,1,7,-5,73,42,5,26,BENGKULU
2020-06-14,3,0,0,3,76,42,5,29,BENGKULU
2020-06-15,0,0,3,-3,76,45,5,26,BENGKULU
2020-06-16,2,0,0,2,78,45,5,28,BENGKULU
2020-06-17,1,0,2,-1,79,47,5,27,BENGKULU
2020-06-18,0,1,0,-1,79,47,6,26,BENGKULU
2020-06-19,2,0,2,0,81,49,6,26,BENGKULU
2020-06-20,6,0,3,3,87,52,6,29,BENGKULU
2020-06-21,0,1,0,-1,87,52,7,28,BENGKULU
2020-06-22,0,0,0,0,87,52,7,28,BENGKULU
2020-06-23,2,1,0,1,89,52,8,29,BENGKULU
2020-06-24,0,0,1,-1,89,53,8,28,BENGKULU
2020-06-25,1,0,4,-3,90,57,8,25,BENGKULU
2020-06-26,2,0,10,-8,92,67,8,17,BENGKULU
2020-06-27,1,0,1,0,93,68,8,17,BENGKULU
2020-06-28,0,1,0,-1,93,68,9,16,BENGKULU
2020-06-29,0,1,0,-1,93,68,10,15,BENGKULU
2020-06-30,0,0,0,0,93,68,10,15,BENGKULU
2020-07-01,4,0,1,3,97,69,10,18,BENGKULU
2020-07-02,1,0,1,0,98,70,10,18,BENGKULU
2020-07-03,6,1,1,4,104,71,11,22,BENGKULU
2020-07-04,0,0,0,0,104,71,11,22,BENGKULU
2020-07-05,4,0,0,4,108,71,11,26,BENGKULU
2020-07-06,0,0,0,0,108,71,11,26,BENGKULU
2020-07-07,2,0,0,2,110,71,11,28,BENGKULU
2020-07-08,6,1,2,3,116,73,12,31,BENGKULU
2020-07-09,4,0,1,3,120,74,12,34,BENGKULU
2020-07-10,3,1,2,0,123,76,13,34,BENGKULU
2020-07-11,2,0,1,1,125,77,13,35,BENGKULU
2020-07-12,0,0,0,0,125,77,13,35,BENGKULU
2020-07-13,0,0,1,-1,125,78,13,34,BENGKULU
2020-07-14,5,0,1,4,130,79,13,38,BENGKULU
2020-07-15,2,0,1,1,132,80,13,39,BENGKULU
2020-07-16,1,0,1,0,133,81,13,39,BENGKULU
2020-07-17,2,0,1,1,135,82,13,40,BENGKULU
2020-07-18,6,0,0,6,141,82,13,46,BENGKULU
2020-07-19,1,0,3,-2,142,85,13,44,BENGKULU
2020-07-20,0,0,0,0,142,85,13,44,BENGKULU
2020-07-21,0,0,0,0,142,85,13,44,BENGKULU
2020-07-22,3,0,0,3,145,85,13,47,BENGKULU
2020-07-23,5,0,4,1,150,89,13,48,BENGKULU
2020-07-24,0,0,0,0,150,89,13,48,BENGKULU
2020-07-25,3,0,0,3,153,89,13,51,BENGKULU
2020-07-26,0,0,0,0,153,89,13,51,BENGKULU
2020-07-27,0,0,0,0,153,89,13,51,BENGKULU
2020-07-28,9,0,0,9,162,89,13,60,BENGKULU
2020-07-29,1,1,0,0,163,89,14,60,BENGKULU
2020-07-30,2,0,0,2,165,89,14,62,BENGKULU
2020-07-31,3,0,0,3,168,89,14,65,BENGKULU
2020-08-01,1,1,0,0,169,89,15,65,BENGKULU
2020-08-02,14,0,0,14,183,89,15,79,BENGKULU
2020-08-03,0,0,0,0,183,89,15,79,BENGKULU
2020-08-04,1,1,0,0,184,89,16,79,BENGKULU
2020-08-05,1,0,16,-15,185,105,16,64,BENGKULU
2020-08-06,1,0,0,1,186,105,16,65,BENGKULU
2020-08-07,0,0,11,-11,186,116,16,54,BENGKULU
2020-08-08,3,1,0,2,189,116,17,56,BENGKULU
2020-08-09,9,0,0,9,198,116,17,65,BENGKULU
2020-08-10,1,1,1,-1,199,117,18,64,BENGKULU
2020-08-11,5,0,2,3,204,119,18,67,BENGKULU
2020-08-12,2,2,0,0,206,119,20,67,BENGKULU
2020-08-13,4,0,5,-1,210,124,20,66,BENGKULU
2020-08-14,8,0,0,8,218,124,20,74,BENGKULU
2020-08-15,3,0,0,3,221,124,20,77,BENGKULU
2020-08-16,2,0,0,2,223,124,20,79,BENGKULU
2020-08-17,0,0,0,0,223,124,20,79,BENGKULU
2020-08-18,0,0,0,0,223,124,20,79,BENGKULU
2020-08-19,6,0,0,6,229,124,20,85,BENGKULU
2020-08-20,0,0,1,-1,229,125,20,84,BENGKULU
2020-08-21,1,0,1,0,230,126,20,84,BENGKULU
2020-08-22,1,0,0,1,231,126,20,85,BENGKULU
2020-08-23,0,0,3,-3,231,129,20,82,BENGKULU
2020-08-24,0,0,1,-1,231,130,20,81,BENGKULU
2020-08-25,9,0,1,8,240,131,20,89,BENGKULU
2020-08-26,2,0,4,-2,242,135,20,87,BENGKULU
2020-08-27,2,1,0,1,244,135,21,88,BENGKULU
2020-08-28,19,0,2,17,263,137,21,105,BENGKULU
2020-08-29,3,0,0,3,266,137,21,108,BENGKULU
2020-08-30,7,0,8,-1,273,145,21,107,BENGKULU
2020-08-31,0,0,3,-3,273,148,21,104,BENGKULU
2020-09-01,5,0,0,5,278,148,21,109,BENGKULU
2020-09-02,4,0,0,4,282,148,21,113,BENGKULU
2020-09-03,6,0,0,6,288,148,21,119,BENGKULU
2020-09-04,2,0,0,2,290,148,21,121,BENGKULU
2020-09-05,5,1,1,3,295,149,22,124,BENGKULU
2020-09-06,18,0,0,18,313,149,22,142,BENGKULU
2020-09-07,0,0,8,-8,313,157,22,134,BENGKULU
2020-09-08,3,0,0,3,316,157,22,137,BENGKULU
2020-09-09,2,0,4,-2,318,161,22,135,BENGKULU
2020-09-10,3,1,8,-6,321,169,23,129,BENGKULU
2020-09-11,24,1,0,23,345,169,24,152,BENGKULU
2020-09-12,22,1,0,21,367,169,25,173,BENGKULU
2020-09-13,5,0,0,5,372,169,25,178,BENGKULU
2020-09-14,1,0,0,1,373,169,25,179,BENGKULU
2020-09-15,9,0,21,-12,382,190,25,167,BENGKULU
2020-09-16,2,0,14,-12,384,204,25,155,BENGKULU
2020-09-17,24,0,17,7,408,221,25,162,BENGKULU
2020-09-18,10,0,3,7,418,224,25,169,BENGKULU
2020-09-19,4,1,1,2,422,225,26,171,BENGKULU
2020-09-20,4,0,3,1,426,228,26,172,BENGKULU
2020-09-21,0,0,17,-17,426,245,26,155,BENGKULU
2020-09-22,3,0,21,-18,429,266,26,137,BENGKULU
2020-09-23,27,0,14,13,456,280,26,150,BENGKULU
2020-09-24,6,0,13,-7,462,293,26,143,BENGKULU
2020-09-25,9,0,8,1,471,301,26,144,BENGKULU
2020-09-26,9,2,10,-3,480,311,28,141,BENGKULU
2020-09-27,36,0,8,28,516,319,28,169,BENGKULU
2020-09-28,1,0,0,1,517,319,28,170,BENGKULU
2020-09-29,11,0,15,-4,528,334,28,166,BENGKULU
2020-09-30,24,0,17,7,552,351,28,173,BENGKULU
2020-10-01,18,2,8,8,570,359,30,181,BENGKULU
2020-10-02,9,1,9,-1,579,368,31,180,BENGKULU
2020-10-03,1,0,0,1,580,368,31,181,BENGKULU
2020-10-04,3,0,3,0,583,371,31,181,BENGKULU
2020-10-05,22,0,25,-3,605,396,31,178,BENGKULU
2020-10-06,5,0,26,-21,610,422,31,157,BENGKULU
2020-10-07,3,0,15,-12,613,437,31,145,BENGKULU
2020-10-08,8,0,14,-6,621,451,31,139,BENGKULU
2020-10-09,8,1,10,-3,629,461,32,136,BENGKULU
2020-10-10,8,0,22,-14,637,483,32,122,BENGKULU
2020-10-11,5,1,28,-24,642,511,33,98,BENGKULU
2020-10-12,1,0,27,-26,643,538,33,72,BENGKULU
2020-10-13,2,0,0,2,645,538,33,74,BENGKULU
2020-10-14,14,0,11,3,659,549,33,77,BENGKULU
2020-10-15,5,0,0,5,664,549,33,82,BENGKULU
2020-10-16,5,1,10,-6,669,559,34,76,BENGKULU
2020-10-17,20,2,1,17,689,560,36,93,BENGKULU
2020-10-18,10,1,15,-6,699,575,37,87,BENGKULU
2020-10-19,1,0,0,1,700,575,37,88,BENGKULU
2020-10-20,25,1,3,21,725,578,38,109,BENGKULU
2020-10-21,2,0,0,2,727,578,38,111,BENGKULU
2020-10-22,8,0,16,-8,735,594,38,103,BENGKULU
2020-10-23,30,0,10,20,765,604,38,123,BENGKULU
2020-10-24,7,0,0,7,772,604,38,130,BENGKULU
2020-10-25,17,1,7,9,789,611,39,139,BENGKULU
2020-10-26,0,0,4,-4,789,615,39,135,BENGKULU
2020-10-27,21,0,9,12,810,624,39,147,BENGKULU
2020-10-28,21,0,2,19,831,626,39,166,BENGKULU
2020-10-29,7,0,5,2,838,631,39,168,BENGKULU
2020-10-30,22,0,6,16,860,637,39,184,BENGKULU
2020-10-31,0,1,0,-1,860,637,40,183,BENGKULU
2020-11-01,0,0,0,0,860,637,40,183,BENGKULU
2020-11-02,3,1,24,-22,863,661,41,161,BENGKULU
2020-11-03,9,2,8,-1,872,669,43,160,BENGKULU
2020-11-04,17,0,12,5,889,681,43,165,BENGKULU
2020-11-05,19,0,24,-5,908,705,43,160,BENGKULU
2020-11-06,16,0,5,11,924,710,43,171,BENGKULU
2020-11-07,29,2,5,22,953,715,45,193,BENGKULU
2020-11-08,27,0,19,8,980,734,45,201,BENGKULU
2020-11-09,4,2,22,-20,984,756,47,181,BENGKULU
2020-11-10,21,0,18,3,1005,774,47,184,BENGKULU
2020-11-11,15,0,13,2,1020,787,47,186,BENGKULU
2020-11-12,9,0,8,1,1029,795,47,187,BENGKULU
2020-11-13,47,1,12,34,1076,807,48,221,BENGKULU
2020-11-14,31,1,25,5,1107,832,49,226,BENGKULU
2020-11-15,9,2,10,-3,1116,842,51,223,BENGKULU
2020-11-16,0,0,4,-4,1116,846,51,219,BENGKULU
2020-11-17,13,1,22,-10,1129,868,52,209,BENGKULU
2020-11-18,17,0,19,-2,1146,887,52,207,BENGKULU
2020-11-19,17,1,11,5,1163,898,53,212,BENGKULU
2020-11-20,10,0,36,-26,1173,934,53,186,BENGKULU
2020-11-21,51,0,10,41,1224,944,53,227,BENGKULU
2020-11-22,25,1,18,6,1249,962,54,233,BENGKULU
2020-11-23,4,3,34,-33,1253,996,57,200,BENGKULU
2020-11-24,8,0,10,-2,1261,1006,57,198,BENGKULU
2020-11-25,37,1,14,22,1298,1020,58,220,BENGKULU
2020-11-26,25,0,17,8,1323,1037,58,228,BENGKULU
2020-11-27,32,1,20,11,1355,1057,59,239,BENGKULU
2020-11-28,34,2,22,10,1389,1079,61,249,BENGKULU
2020-11-29,55,0,29,26,1444,1108,61,275,BENGKULU
2020-11-30,2,0,29,-27,1446,1137,61,248,BENGKULU
2020-12-01,17,1,15,1,1463,1152,62,249,BENGKULU
2020-12-02,8,0,23,-15,1471,1175,62,234,BENGKULU
2020-12-03,47,2,1,44,1518,1176,64,278,BENGKULU
2020-12-04,78,2,21,55,1596,1197,66,333,BENGKULU
2020-12-05,28,1,32,-5,1624,1229,67,328,BENGKULU
2020-12-06,46,3,31,12,1670,1260,70,340,BENGKULU
2020-12-07,10,1,22,-13,1680,1282,71,327,BENGKULU
2020-12-08,55,0,22,33,1735,1304,71,360,BENGKULU
2020-12-09,5,1,0,4,1740,1304,72,364,BENGKULU
2020-12-10,45,1,15,29,1785,1319,73,393,BENGKULU
2020-12-11,38,0,20,18,1823,1339,73,411,BENGKULU
2020-12-12,71,0,18,53,1894,1357,73,464,BENGKULU
2020-12-13,37,1,25,11,1931,1382,74,475,BENGKULU
2020-12-14,24,1,32,-9,1955,1414,75,466,BENGKULU
2020-12-15,65,4,21,40,2020,1435,79,506,BENGKULU
2020-12-16,132,0,0,132,2152,1435,79,638,BENGKULU
2020-12-17,62,1,42,19,2214,1477,80,657,BENGKULU
2020-12-18,139,0,41,98,2353,1518,80,755,BENGKULU
2020-12-19,39,1,49,-11,2392,1567,81,744,BENGKULU
2020-12-20,55,2,39,14,2447,1606,83,758,BENGKULU
2020-12-21,43,0,47,-4,2490,1653,83,754,BENGKULU
2020-12-22,17,0,1,16,2507,1654,83,770,BENGKULU
2020-12-23,26,0,24,2,2533,1678,83,772,BENGKULU
2020-12-24,50,0,37,13,2583,1715,83,785,BENGKULU
2020-12-25,91,0,51,40,2674,1766,83,825,BENGKULU
2020-12-26,2,0,4,-2,2676,1770,83,823,BENGKULU
2020-12-27,80,1,54,25,2756,1824,84,848,BENGKULU
2020-12-28,17,0,44,-27,2773,1868,84,821,BENGKULU
2020-12-29,14,1,54,-41,2787,1922,85,780,BENGKULU
2020-12-30,32,0,3,29,2819,1925,85,809,BENGKULU
2020-12-31,58,2,104,-48,2877,2029,87,761,BENGKULU
2021-01-01,53,4,81,-32,2930,2110,91,729,BENGKULU
2021-01-02,16,1,62,-47,2946,2172,92,682,BENGKULU
2021-01-03,36,0,73,-37,2982,2245,92,645,BENGKULU
2021-01-04,19,1,63,-45,3001,2308,93,600,BENGKULU
2021-01-05,18,0,55,-37,3019,2363,93,563,BENGKULU
2021-01-06,35,2,56,-23,3054,2419,95,540,BENGKULU
2021-01-07,92,1,61,30,3146,2480,96,570,BENGKULU
2021-01-08,25,1,55,-31,3171,2535,97,539,BENGKULU
2021-01-09,31,2,73,-44,3202,2608,99,495,BENGKULU
2021-01-10,44,1,82,-39,3246,2690,100,456,BENGKULU
2021-01-11,6,1,84,-79,3252,2774,101,377,BENGKULU
2021-01-12,23,1,54,-32,3275,2828,102,345,BENGKULU
2021-01-13,39,0,57,-18,3314,2885,102,327,BENGKULU
2021-01-14,16,3,67,-54,3330,2952,105,273,BENGKULU
2021-01-15,19,0,55,-36,3349,3007,105,237,BENGKULU
2021-01-16,29,0,39,-10,3378,3046,105,227,BENGKULU
2021-01-17,32,1,46,-15,3410,3092,106,212,BENGKULU
2021-01-18,2,1,41,-40,3412,3133,107,172,BENGKULU
2021-01-19,19,0,18,1,3431,3151,107,173,BENGKULU
2021-01-20,18,1,0,17,3449,3151,108,190,BENGKULU
2021-01-21,36,0,0,36,3485,3151,108,226,BENGKULU
2021-01-22,12,0,30,-18,3497,3181,108,208,BENGKULU
2021-01-23,44,1,30,13,3541,3211,109,221,BENGKULU
2021-01-24,11,1,23,-13,3552,3234,110,208,BENGKULU
2021-01-25,13,1,24,-12,3565,3258,111,196,BENGKULU
2021-01-26,16,0,22,-6,3581,3280,111,190,BENGKULU
2021-01-27,13,0,13,0,3594,3293,111,190,BENGKULU
2021-01-28,11,1,26,-16,3605,3319,112,174,BENGKULU
2021-01-29,14,0,23,-9,3619,3342,112,165,BENGKULU
2021-01-30,23,0,11,12,3642,3353,112,177,BENGKULU
2021-01-31,19,1,19,-1,3661,3372,113,176,BENGKULU
2021-02-01,4,0,18,-14,3665,3390,113,162,BENGKULU
2021-02-02,11,0,12,-1,3676,3402,113,161,BENGKULU
2021-02-03,8,0,20,-12,3684,3422,113,149,BENGKULU
2021-02-04,11,0,16,-5,3695,3438,113,144,BENGKULU
2021-02-05,3,1,12,-10,3698,3450,114,134,BENGKULU
2021-02-06,6,0,14,-8,3704,3464,114,126,BENGKULU
2021-02-07,7,1,11,-5,3711,3475,115,121,BENGKULU
2021-02-08,4,0,13,-9,3715,3488,115,112,BENGKULU
2021-02-09,8,0,12,-4,3723,3500,115,108,BENGKULU
2021-02-10,7,0,11,-4,3730,3511,115,104,BENGKULU
2021-02-11,11,0,18,-7,3741,3529,115,97,BENGKULU
2021-02-12,15,0,14,1,3756,3543,115,98,BENGKULU
2021-02-13,8,0,2,6,3764,3545,115,104,BENGKULU
2021-02-14,15,0,6,9,3779,3551,115,113,BENGKULU
2021-02-15,2,0,12,-10,3781,3563,115,103,BENGKULU
2021-02-16,14,0,0,14,3795,3563,115,117,BENGKULU
2021-02-17,8,0,0,8,3803,3563,115,125,BENGKULU
2021-02-18,5,0,0,5,3808,3563,115,130,BENGKULU
2021-02-19,12,0,0,12,3820,3563,115,142,BENGKULU
2021-02-20,12,0,0,12,3832,3563,115,154,BENGKULU
2021-02-21,10,1,57,-48,3842,3620,116,106,BENGKULU
2021-02-22,20,0,6,14,3862,3626,116,120,BENGKULU
2021-02-23,30,0,8,22,3892,3634,116,142,BENGKULU
2021-02-24,13,0,9,4,3905,3643,116,146,BENGKULU
2021-02-25,10,0,1,9,3915,3644,116,155,BENGKULU
2021-02-26,14,1,12,1,3929,3656,117,156,BENGKULU
2021-02-27,10,1,8,1,3939,3664,118,157,BENGKULU
2021-02-28,4,0,8,-4,3943,3672,118,153,BENGKULU
2021-03-01,2,0,10,-8,3945,3682,118,145,BENGKULU
2021-03-02,10,0,9,1,3955,3691,118,146,BENGKULU
2021-03-03,28,0,10,18,3983,3701,118,164,BENGKULU
2021-03-04,11,0,0,11,3994,3701,118,175,BENGKULU
2021-03-05,11,0,6,5,4005,3707,118,180,BENGKULU
2021-03-06,7,0,0,7,4012,3707,118,187,BENGKULU
2021-03-07,5,0,17,-12,4017,3724,118,175,BENGKULU
2021-03-08,31,2,10,19,4048,3734,120,194,BENGKULU
2021-03-09,6,0,9,-3,4054,3743,120,191,BENGKULU
2021-03-10,8,0,9,-1,4062,3752,120,190,BENGKULU
2021-03-11,9,0,9,0,4071,3761,120,190,BENGKULU
2021-03-12,24,0,9,15,4095,3770,120,205,BENGKULU
2021-03-13,3,0,8,-5,4098,3778,120,200,BENGKULU
2021-03-14,15,0,11,4,4113,3789,120,204,BENGKULU
2021-03-15,6,0,15,-9,4119,3804,120,195,BENGKULU
2021-03-16,12,0,11,1,4131,3815,120,196,BENGKULU
2021-03-17,30,0,19,11,4161,3834,120,207,BENGKULU
2021-03-18,4,1,17,-14,4165,3851,121,193,BENGKULU
2021-03-19,17,1,17,-1,4182,3868,122,192,BENGKULU
2021-03-20,9,1,9,-1,4191,3877,123,191,BENGKULU
2021-03-21,10,0,12,-2,4201,3889,123,189,BENGKULU
2021-03-22,2,0,8,-6,4203,3897,123,183,BENGKULU
2021-03-23,28,0,11,17,4231,3908,123,200,BENGKULU
2021-03-24,18,0,13,5,4249,3921,123,205,BENGKULU
2021-03-25,5,0,12,-7,4254,3933,123,198,BENGKULU
2021-03-26,7,1,11,-5,4261,3944,124,193,BENGKULU
2021-03-27,3,0,0,3,4264,3944,124,196,BENGKULU
2021-03-28,24,0,0,24,4288,3944,124,220,BENGKULU
2021-03-29,10,0,36,-26,4298,3980,124,194,BENGKULU
2021-03-30,44,0,14,30,4342,3994,124,224,BENGKULU
2021-03-31,29,0,13,16,4371,4007,124,240,BENGKULU
2021-04-01,20,0,15,5,4391,4022,124,245,BENGKULU
2021-04-02,7,0,12,-5,4398,4034,124,240,BENGKULU
2021-04-03,5,0,12,-7,4403,4046,124,233,BENGKULU
2021-04-04,29,0,0,29,4432,4046,124,262,BENGKULU
2021-04-05,11,1,31,-21,4443,4077,125,241,BENGKULU
2021-04-06,22,0,18,4,4465,4095,125,245,BENGKULU
2021-04-07,32,0,14,18,4497,4109,125,263,BENGKULU
2021-04-08,51,0,10,41,4548,4119,125,304,BENGKULU
2021-04-09,33,0,27,6,4581,4146,125,310,BENGKULU
2021-04-10,13,0,16,-3,4594,4162,125,307,BENGKULU
2021-04-11,32,0,27,5,4626,4189,125,312,BENGKULU
2021-04-12,6,1,24,-19,4632,4213,126,293,BENGKULU
2021-04-13,20,0,16,4,4652,4229,126,297,BENGKULU
2021-04-14,11,0,23,-12,4663,4252,126,285,BENGKULU
2021-04-15,35,2,18,15,4698,4270,128,300,BENGKULU
2021-04-16,48,0,24,24,4746,4294,128,324,BENGKULU
2021-04-17,48,0,23,25,4794,4317,128,349,BENGKULU
2021-04-18,74,1,28,45,4868,4345,129,394,BENGKULU
2021-04-19,23,0,25,-2,4891,4370,129,392,BENGKULU
2021-04-20,41,0,26,15,4932,4396,129,407,BENGKULU
2021-04-21,64,1,26,37,4996,4422,130,444,BENGKULU
2021-04-22,16,0,16,0,5012,4438,130,444,BENGKULU
2021-04-23,71,0,24,47,5083,4462,130,491,BENGKULU
2021-04-24,32,0,17,15,5115,4479,130,506,BENGKULU
2021-04-25,94,0,41,53,5209,4520,130,559,BENGKULU
2021-04-26,38,5,31,2,5247,4551,135,561,BENGKULU
2021-04-27,54,1,33,20,5301,4584,136,581,BENGKULU
2021-04-28,55,0,35,20,5356,4619,136,601,BENGKULU
2021-04-29,36,0,27,9,5392,4646,136,610,BENGKULU
2021-04-30,36,0,28,8,5428,4674,136,618,BENGKULU
2021-05-01,83,0,30,53,5511,4704,136,671,BENGKULU
2021-05-02,61,1,39,21,5572,4743,137,692,BENGKULU
2021-05-03,7,1,12,-6,5579,4755,138,686,BENGKULU
2021-05-04,42,0,32,10,5621,4787,138,696,BENGKULU
2021-05-05,27,0,31,-4,5648,4818,138,692,BENGKULU
2021-05-06,44,0,34,10,5692,4852,138,702,BENGKULU
2021-05-07,45,0,29,16,5737,4881,138,718,BENGKULU
2021-05-08,59,0,39,20,5796,4920,138,738,BENGKULU
2021-05-09,28,0,46,-18,5824,4966,138,720,BENGKULU
2021-05-10,13,0,42,-29,5837,5008,138,691,BENGKULU
2021-05-11,12,0,32,-20,5849,5040,138,671,BENGKULU
2021-05-12,40,0,47,-7,5889,5087,138,664,BENGKULU
2021-05-13,29,0,47,-18,5918,5134,138,646,BENGKULU
2021-05-14,24,0,32,-8,5942,5166,138,638,BENGKULU
2021-05-15,3,0,41,-38,5945,5207,138,600,BENGKULU
2021-05-16,8,0,30,-22,5953,5237,138,578,BENGKULU
2021-05-17,2,0,14,-12,5955,5251,138,566,BENGKULU
2021-05-18,18,0,44,-26,5973,5295,138,540,BENGKULU
2021-05-19,30,0,9,21,6003,5304,138,561,BENGKULU
2021-05-20,30,0,3,27,6033,5307,138,588,BENGKULU
2021-05-21,64,0,44,20,6097,5351,138,608,BENGKULU
2021-05-22,57,0,43,14,6154,5394,138,622,BENGKULU
2021-05-23,60,0,41,19,6214,5435,138,641,BENGKULU
2021-05-24,6,1,32,-27,6220,5467,139,614,BENGKULU
2021-05-25,26,1,43,-18,6246,5510,140,596,BENGKULU
2021-05-26,21,0,28,-7,6267,5538,140,589,BENGKULU
2021-05-27,12,0,38,-26,6279,5576,140,563,BENGKULU
2021-05-28,61,0,27,34,6340,5603,140,597,BENGKULU
2021-05-29,66,0,49,17,6406,5652,140,614,BENGKULU
2021-05-30,57,1,43,13,6463,5695,141,627,BENGKULU
2021-05-31,13,1,15,-3,6476,5710,142,624,BENGKULU
2021-06-01,34,0,40,-6,6510,5750,142,618,BENGKULU
2021-06-02,10,0,31,-21,6520,5781,142,597,BENGKULU
2021-06-03,28,0,30,-2,6548,5811,142,595,BENGKULU
2021-06-04,50,1,42,7,6598,5853,143,602,BENGKULU
2021-06-05,45,0,0,45,6643,5853,143,647,BENGKULU
2021-06-06,46,0,36,10,6689,5889,143,657,BENGKULU
2021-06-07,32,0,44,-12,6721,5933,143,645,BENGKULU
2021-06-08,20,0,56,-36,6741,5989,143,609,BENGKULU
2021-06-09,18,0,69,-51,6759,6058,143,558,BENGKULU
2021-06-10,26,0,28,-2,6785,6086,143,556,BENGKULU
2021-06-11,55,0,35,20,6840,6121,143,576,BENGKULU
2021-06-12,40,1,27,12,6880,6148,144,588,BENGKULU
2021-06-13,77,1,45,31,6957,6193,145,619,BENGKULU
2021-06-14,12,0,23,-11,6969,6216,145,608,BENGKULU
2021-06-15,25,1,69,-45,6994,6285,146,563,BENGKULU
2021-06-16,37,0,28,9,7031,6313,146,572,BENGKULU
2021-06-17,24,0,22,2,7055,6335,146,574,BENGKULU
2021-06-18,49,2,58,-11,7104,6393,148,563,BENGKULU
2021-06-19,65,0,48,17,7169,6441,148,580,BENGKULU
2021-06-20,68,0,58,10,7237,6499,148,590,BENGKULU
2021-06-21,35,0,52,-17,7272,6551,148,573,BENGKULU
2021-06-22,81,0,0,81,7353,6551,148,654,BENGKULU
2021-06-23,86,0,84,2,7439,6635,148,656,BENGKULU
2021-06-24,114,0,72,42,7553,6707,148,698,BENGKULU
2021-06-25,159,2,71,86,7712,6778,150,784,BENGKULU
2021-06-26,83,0,56,27,7795,6834,150,811,BENGKULU
2021-06-27,14,0,54,-40,7809,6888,150,771,BENGKULU
2021-06-28,8,1,40,-33,7817,6928,151,738,BENGKULU
2021-06-29,93,0,62,31,7910,6990,151,769,BENGKULU
2021-06-30,208,1,74,133,8118,7064,152,902,BENGKULU
2021-07-01,146,0,65,81,8264,7129,152,983,BENGKULU
2021-07-02,112,0,58,54,8376,7187,152,1037,BENGKULU
2021-07-03,117,0,71,46,8493,7258,152,1083,BENGKULU
2021-07-04,153,0,59,94,8646,7317,152,1177,BENGKULU
2021-07-05,81,2,67,12,8727,7384,154,1189,BENGKULU
2021-07-06,170,0,0,170,8897,7384,154,1359,BENGKULU
2021-07-07,178,0,120,58,9075,7504,154,1417,BENGKULU
2021-07-08,212,1,69,142,9287,7573,155,1559,BENGKULU
2021-07-09,80,0,52,28,9367,7625,155,1587,BENGKULU
2021-07-10,179,4,79,96,9546,7704,159,1683,BENGKULU
2021-07-11,131,12,86,33,9677,7790,171,1716,BENGKULU
2021-07-12,116,0,87,29,9793,7877,171,1745,BENGKULU
2021-07-13,124,0,68,56,9917,7945,171,1801,BENGKULU
2021-07-14,187,0,78,109,10104,8023,171,1910,BENGKULU
2021-07-15,309,0,99,210,10413,8122,171,2120,BENGKULU
2021-07-16,290,0,77,213,10703,8199,171,2333,BENGKULU
2021-07-17,179,3,87,89,10882,8286,174,2422,BENGKULU
2021-07-18,373,3,183,187,11255,8469,177,2609,BENGKULU
2021-07-19,88,2,110,-24,11343,8579,179,2585,BENGKULU
2021-07-20,82,0,140,-58,11425,8719,179,2527,BENGKULU
2021-07-21,156,0,74,82,11581,8793,179,2609,BENGKULU
2021-07-22,170,0,77,93,11751,8870,179,2702,BENGKULU
2021-07-23,365,3,167,195,12116,9037,182,2897,BENGKULU
2021-07-24,206,4,126,76,12322,9163,186,2973,BENGKULU
2021-07-25,232,7,156,69,12554,9319,193,3042,BENGKULU
2021-07-26,212,3,96,113,12766,9415,196,3155,BENGKULU
2021-07-27,219,2,154,63,12985,9569,198,3218,BENGKULU
2021-07-28,314,0,116,198,13299,9685,198,3416,BENGKULU
2021-07-29,288,1,105,182,13587,9790,199,3598,BENGKULU
2021-07-30,330,8,126,196,13917,9916,207,3794,BENGKULU
2021-07-31,412,1,319,92,14329,10235,208,3886,BENGKULU
2021-08-01,236,9,363,-136,14565,10598,217,3750,BENGKULU
2021-08-02,251,5,351,-105,14816,10949,222,3645,BENGKULU
2021-08-03,268,0,370,-102,15084,11319,222,3543,BENGKULU
2021-08-04,301,2,382,-83,15385,11701,224,3460,BENGKULU
2021-08-05,200,5,283,-88,15585,11984,229,3372,BENGKULU
2021-08-06,322,8,297,17,15907,12281,237,3389,BENGKULU
2021-08-07,188,3,325,-140,16095,12606,240,3249,BENGKULU
2021-08-08,81,1,235,-155,16176,12841,241,3094,BENGKULU
2021-08-09,186,5,246,-65,16362,13087,246,3029,BENGKULU
2021-08-10,92,9,160,-77,16454,13247,255,2952,BENGKULU
2021-08-11,156,6,154,-4,16610,13401,261,2948,BENGKULU
2021-08-12,91,1,166,-76,16701,13567,262,2872,BENGKULU
2021-08-13,157,8,158,-9,16858,13725,270,2863,BENGKULU
2021-08-14,210,0,164,46,17068,13889,270,2909,BENGKULU
2021-08-15,65,3,157,-95,17133,14046,273,2814,BENGKULU
2021-08-16,57,5,76,-24,17190,14122,278,2790,BENGKULU
2021-08-17,96,2,79,15,17286,14201,280,2805,BENGKULU
2021-08-18,24,0,71,-47,17310,14272,280,2758,BENGKULU
2021-08-19,104,2,79,23,17414,14351,282,2781,BENGKULU
2021-08-20,79,18,80,-19,17493,14431,300,2762,BENGKULU
2021-08-21,51,14,77,-40,17544,14508,314,2722,BENGKULU
2021-08-22,92,0,159,-67,17636,14667,314,2655,BENGKULU
2021-08-23,42,5,353,-316,17678,15020,319,2339,BENGKULU
2021-08-24,31,2,230,-201,17709,15250,321,2138,BENGKULU
2021-08-25,61,5,146,-90,17770,15396,326,2048,BENGKULU
2021-08-26,66,0,254,-188,17836,15650,326,1860,BENGKULU
2021-08-27,58,24,37,-3,17894,15687,350,1857,BENGKULU
2021-08-28,44,1,158,-115,17938,15845,351,1742,BENGKULU
2021-08-29,32,1,174,-143,17970,16019,352,1599,BENGKULU
2021-08-30,12,7,162,-157,17982,16181,359,1442,BENGKULU
2021-08-31,44,0,163,-119,18026,16344,359,1323,BENGKULU
2021-09-01,22,0,110,-88,18048,16454,359,1235,BENGKULU
2021-09-02,20,0,150,-130,18068,16604,359,1105,BENGKULU
2021-09-03,40,1,95,-56,18108,16699,360,1049,BENGKULU
2021-09-04,54,1,171,-118,18162,16870,361,931,BENGKULU
2021-09-05,29,5,79,-55,18191,16949,366,876,BENGKULU
2021-09-06,14,0,99,-85,18205,17048,366,791,BENGKULU
2021-09-07,45,3,105,-63,18250,17153,369,728,BENGKULU
2021-09-08,23,0,129,-106,18273,17282,369,622,BENGKULU
2021-09-09,24,0,91,-67,18297,17373,369,555,BENGKULU
2021-09-10,18,3,67,-52,18315,17440,372,503,BENGKULU
2021-09-11,21,1,72,-52,18336,17512,373,451,BENGKULU
2021-09-12,4,2,141,-139,18340,17653,375,312,BENGKULU
2021-09-13,4,0,51,-47,18344,17704,375,265,BENGKULU
2021-09-14,13,0,86,-73,18357,17790,375,192,BENGKULU
2021-09-15,9,0,74,-65,18366,17864,375,127,BENGKULU
2021-09-16,4,0,78,-74,18370,17942,375,53,BENGKULU
2021-09-17,15,1,8,6,18385,17950,376,59,BENGKULU
2021-09-18,12,3,12,-3,18397,17962,379,56,BENGKULU
2021-09-19,6,0,9,-3,18403,17971,379,53,BENGKULU
2021-09-20,9,0,10,-1,18412,17981,379,52,BENGKULU
2021-09-21,2,0,0,2,18414,17981,379,54,BENGKULU
2021-09-22,3,0,0,3,18417,17981,379,57,BENGKULU
2021-09-23,8,0,0,8,18425,17981,379,65,BENGKULU
2021-09-24,8,0,0,8,18433,17981,379,73,BENGKULU
2021-09-25,10,0,0,10,18443,17981,379,83,BENGKULU
2021-09-26,5,0,0,5,18448,17981,379,88,BENGKULU
2021-09-27,1,0,1,0,18449,17982,379,88,BENGKULU
2021-09-28,7,1,2,4,18456,17984,380,92,BENGKULU
2021-09-29,0,0,8,-8,18456,17992,380,84,BENGKULU
2021-09-30,2,0,9,-7,18458,18001,380,77,BENGKULU
2021-10-01,5,0,8,-3,18463,18009,380,74,BENGKULU
2021-10-02,4,0,1,3,18467,18010,380,77,BENGKULU
2021-10-03,2,0,1,1,18469,18011,380,78,BENGKULU
2021-10-04,5,2,3,0,18474,18014,382,78,BENGKULU
2021-10-05,3,0,4,-1,18477,18018,382,77,BENGKULU
2021-10-06,3,0,0,3,18480,18018,382,80,BENGKULU
2021-10-07,5,1,14,-10,18485,18032,383,70,BENGKULU
2021-10-08,1,0,10,-9,18486,18042,383,61,BENGKULU
2021-10-09,1,0,0,1,18487,18042,383,62,BENGKULU
2021-10-10,1,0,1,0,18488,18043,383,62,BENGKULU
2021-10-11,1,0,4,-3,18489,18047,383,59,BENGKULU
2021-10-12,2,0,3,-1,18491,18050,383,58,BENGKULU
2021-10-13,2,0,1,1,18493,18051,383,59,BENGKULU
2021-10-14,0,0,8,-8,18493,18059,383,51,BENGKULU
2021-10-15,8,0,0,8,18501,18059,383,59,BENGKULU
2021-10-16,1,1,4,-4,18502,18063,384,55,BENGKULU
2021-10-17,2,0,1,1,18504,18064,384,56,BENGKULU
2021-10-18,0,0,0,0,18504,18064,384,56,BENGKULU
2021-10-19,1,1,5,-5,18505,18069,385,51,BENGKULU
2021-10-20,0,0,0,0,18505,18069,385,51,BENGKULU
2021-10-21,0,0,0,0,18505,18069,385,51,BENGKULU
2021-10-22,1,0,3,-2,18506,18072,385,49,BENGKULU
2021-10-23,0,0,0,0,18506,18072,385,49,BENGKULU
2021-10-24,1,0,0,1,18507,18072,385,50,BENGKULU
2021-10-25,0,0,0,0,18507,18072,385,50,BENGKULU
2021-10-26,1,0,5,-4,18508,18077,385,46,BENGKULU
2021-10-27,2,0,0,2,18510,18077,385,48,BENGKULU
2021-10-28,1,0,1,0,18511,18078,385,48,BENGKULU
2021-10-29,3,0,3,0,18514,18081,385,48,BENGKULU
2021-10-30,0,0,0,0,18514,18081,385,48,BENGKULU
2021-10-31,0,0,0,0,18514,18081,385,48,BENGKULU
2021-11-01,6,0,0,6,18520,18081,385,54,BENGKULU
2021-11-02,1,0,0,1,18521,18081,385,55,BENGKULU
2021-11-03,0,1,2,-3,18521,18083,386,52,BENGKULU
2021-11-04,0,0,25,-25,18521,18108,386,27,BENGKULU
2021-11-05,0,0,0,0,18521,18108,386,27,BENGKULU
2021-11-06,0,0,0,0,18521,18108,386,27,BENGKULU
2021-11-07,0,0,0,0,18521,18108,386,27,BENGKULU
2021-11-08,0,0,0,0,18521,18108,386,27,BENGKULU
2021-11-09,0,0,2,-2,18521,18110,386,25,BENGKULU
2021-11-10,0,0,1,-1,18521,18111,386,24,BENGKULU
2021-11-11,0,0,1,-1,18521,18112,386,23,BENGKULU
2021-11-12,1,0,1,0,18522,18113,386,23,BENGKULU
2021-11-13,1,0,0,1,18523,18113,386,24,BENGKULU
2021-11-14,1,0,0,1,18524,18113,386,25,BENGKULU
2021-11-15,0,0,4,-4,18524,18117,386,21,BENGKULU
2021-11-16,0,0,4,-4,18524,18121,386,17,BENGKULU
2021-11-17,0,0,0,0,18524,18121,386,17,BENGKULU
2021-11-18,0,0,0,0,18524,18121,386,17,BENGKULU
2021-11-19,0,0,0,0,18524,18121,386,17,BENGKULU
2021-11-20,0,0,0,0,18524,18121,386,17,BENGKULU
2021-11-21,0,0,0,0,18524,18121,386,17,BENGKULU
2021-11-22,0,0,0,0,18524,18121,386,17,BENGKULU
2021-11-23,0,0,0,0,18524,18121,386,17,BENGKULU
2021-11-24,0,0,3,-3,18524,18124,386,14,BENGKULU
2021-11-25,1,0,1,0,18525,18125,386,14,BENGKULU
2021-11-26,0,0,0,0,18525,18125,386,14,BENGKULU
2021-11-27,0,0,0,0,18525,18125,386,14,BENGKULU
2021-11-28,0,0,0,0,18525,18125,386,14,BENGKULU
2021-11-29,0,0,0,0,18525,18125,386,14,BENGKULU
2021-11-30,0,0,0,0,18525,18125,386,14,BENGKULU
2021-12-01,0,0,0,0,18525,18125,386,14,BENGKULU
2021-12-02,0,0,6,-6,18525,18131,386,8,BENGKULU
2021-12-03,0,0,0,0,18525,18131,386,8,BENGKULU
2021-12-04,0,0,0,0,18525,18131,386,8,BENGKULU
2021-12-05,0,0,0,0,18525,18131,386,8,BENGKULU
2021-12-06,1,0,0,1,18526,18131,386,9,BENGKULU
2021-12-07,0,0,0,0,18526,18131,386,9,BENGKULU
2021-12-08,0,0,0,0,18526,18131,386,9,BENGKULU
2021-12-09,0,0,0,0,18526,18131,386,9,BENGKULU
2021-12-10,0,0,0,0,18526,18131,386,9,BENGKULU
2021-12-11,0,0,5,-5,18526,18136,386,4,BENGKULU
2021-12-12,0,0,0,0,18526,18136,386,4,BENGKULU
2021-12-13,0,0,0,0,18526,18136,386,4,BENGKULU
2021-12-14,1,0,0,1,18527,18136,386,5,BENGKULU
2021-12-15,0,0,0,0,18527,18136,386,5,BENGKULU
2021-12-16,0,0,0,0,18527,18136,386,5,BENGKULU
2021-12-17,0,0,0,0,18527,18136,386,5,BENGKULU
2021-12-18,0,0,0,0,18527,18136,386,5,BENGKULU
2021-12-19,0,0,3,-3,18527,18139,386,2,BENGKULU
2021-12-20,0,0,0,0,18527,18139,386,2,BENGKULU
2021-12-21,0,0,1,-1,18527,18140,386,1,BENGKULU
2021-12-22,0,0,0,0,18527,18140,386,1,BENGKULU
2021-12-23,0,0,0,0,18527,18140,386,1,BENGKULU
2021-12-24,0,0,0,0,18527,18140,386,1,BENGKULU
2021-12-25,0,0,0,0,18527,18140,386,1,BENGKULU
2021-12-26,0,0,0,0,18527,18140,386,1,BENGKULU
2021-12-27,0,0,0,0,18527,18140,386,1,BENGKULU
2021-12-28,0,0,0,0,18527,18140,386,1,BENGKULU
2021-12-29,0,0,0,0,18527,18140,386,1,BENGKULU
2021-12-30,0,0,0,0,18527,18140,386,1,BENGKULU
2021-12-31,0,0,0,0,18527,18140,386,1,BENGKULU
2022-01-01,0,0,0,0,18527,18140,386,1,BENGKULU
2022-01-02,0,0,0,0,18527,18140,386,1,BENGKULU
2022-01-03,0,0,0,0,18527,18140,386,1,BENGKULU
2022-01-04,0,0,0,0,18527,18140,386,1,BENGKULU
2022-01-05,0,0,0,0,18527,18140,386,1,BENGKULU
2022-01-06,0,0,0,0,18527,18140,386,1,BENGKULU
2022-01-07,0,0,1,-1,18527,18141,386,0,BENGKULU
2022-01-08,0,0,0,0,18527,18141,386,0,BENGKULU
2022-01-09,0,0,0,0,18527,18141,386,0,BENGKULU
2022-01-10,0,0,0,0,18527,18141,386,0,BENGKULU
2022-01-11,1,0,0,1,18528,18141,386,1,BENGKULU
2022-01-12,0,0,0,0,18528,18141,386,1,BENGKULU
2022-01-13,0,0,0,0,18528,18141,386,1,BENGKULU
2022-01-14,0,0,0,0,18528,18141,386,1,BENGKULU
2022-01-15,0,0,0,0,18528,18141,386,1,BENGKULU
2022-01-16,0,0,0,0,18528,18141,386,1,BENGKULU
2022-01-17,0,0,0,0,18528,18141,386,1,BENGKULU
2022-01-18,0,0,0,0,18528,18141,386,1,BENGKULU
2022-01-19,0,0,0,0,18528,18141,386,1,BENGKULU
2022-01-20,0,0,0,0,18528,18141,386,1,BENGKULU
2022-01-21,0,0,0,0,18528,18141,386,1,BENGKULU
2022-01-22,0,0,0,0,18528,18141,386,1,BENGKULU
2022-01-23,0,0,0,0,18528,18141,386,1,BENGKULU
2022-01-24,0,0,0,0,18528,18141,386,1,BENGKULU
2022-01-25,1,0,0,1,18529,18141,386,2,BENGKULU
2022-01-26,0,0,0,0,18529,18141,386,2,BENGKULU
2022-01-27,7,0,0,7,18536,18141,386,9,BENGKULU
2022-01-28,6,0,0,6,18542,18141,386,15,BENGKULU
2022-01-29,13,0,0,13,18555,18141,386,28,BENGKULU
2022-01-30,2,0,0,2,18557,18141,386,30,BENGKULU
2022-01-31,2,0,0,2,18559,18141,386,32,BENGKULU
2022-02-01,6,0,0,6,18565,18141,386,38,BENGKULU
2022-02-02,10,0,1,9,18575,18142,386,47,BENGKULU
2022-02-03,21,0,0,21,18596,18142,386,68,BENGKULU
2022-02-04,24,0,0,24,18620,18142,386,92,BENGKULU
2022-02-05,16,1,1,14,18636,18143,387,106,BENGKULU
2022-02-06,16,0,3,13,18652,18146,387,119,BENGKULU
2022-02-07,6,0,0,6,18658,18146,387,125,BENGKULU
2022-02-08,27,0,1,26,18685,18147,387,151,BENGKULU
2022-02-09,43,1,11,31,18728,18158,388,182,BENGKULU
2022-02-10,49,0,9,40,18777,18167,388,222,BENGKULU
2022-02-11,37,1,4,32,18814,18171,389,254,BENGKULU
2022-02-12,98,0,0,98,18912,18171,389,352,BENGKULU
2022-02-13,40,0,0,40,18952,18171,389,392,BENGKULU
2022-02-14,68,0,13,55,19020,18184,389,447,BENGKULU
2022-02-15,125,0,1,124,19145,18185,389,571,BENGKULU
2022-02-16,207,0,5,202,19352,18190,389,773,BENGKULU
2022-02-17,198,0,53,145,19550,18243,389,918,BENGKULU
2022-02-18,168,0,0,168,19718,18243,389,1086,BENGKULU
2022-02-19,219,0,0,219,19937,18243,389,1305,BENGKULU
2022-02-20,154,0,4,150,20091,18247,389,1455,BENGKULU
2022-02-21,111,0,39,72,20202,18286,389,1527,BENGKULU
2022-02-22,363,0,62,301,20565,18348,389,1828,BENGKULU
2022-02-23,245,0,21,224,20810,18369,389,2052,BENGKULU
2022-02-24,249,0,39,210,21059,18408,389,2262,BENGKULU
2022-02-25,184,1,5,178,21243,18413,390,2440,BENGKULU
2022-02-26,249,1,62,186,21492,18475,391,2626,BENGKULU
2022-02-27,94,2,42,50,21586,18517,393,2676,BENGKULU
2022-02-28,110,0,36,74,21696,18553,393,2750,BENGKULU
2022-03-01,87,2,3,82,21783,18556,395,2832,BENGKULU
2022-03-02,237,2,34,201,22020,18590,397,3033,BENGKULU
2022-03-03,152,1,81,70,22172,18671,398,3103,BENGKULU
2022-03-04,84,1,41,42,22256,18712,399,3145,BENGKULU
2022-03-05,160,0,14,146,22416,18726,399,3291,BENGKULU
2022-03-06,83,0,191,-108,22499,18917,399,3183,BENGKULU
2022-03-07,96,0,50,46,22595,18967,399,3229,BENGKULU
2022-03-08,80,2,431,-353,22675,19398,401,2876,BENGKULU
2022-03-09,87,0,287,-200,22762,19685,401,2676,BENGKULU
2022-03-10,69,3,89,-23,22831,19774,404,2653,BENGKULU
2022-03-11,51,0,7,44,22882,19781,404,2697,BENGKULU
2022-03-12,43,1,4,38,22925,19785,405,2735,BENGKULU
2022-03-13,47,1,135,-89,22972,19920,406,2646,BENGKULU
2022-03-14,36,4,153,-121,23008,20073,410,2525,BENGKULU
2022-03-15,32,3,237,-208,23040,20310,413,2317,BENGKULU
2022-03-16,48,1,109,-62,23088,20419,414,2255,BENGKULU
2022-03-17,26,2,219,-195,23114,20638,416,2060,BENGKULU
2022-03-18,30,1,330,-301,23144,20968,417,1759,BENGKULU
2022-03-19,14,0,155,-141,23158,21123,417,1618,BENGKULU
2022-03-20,8,0,157,-149,23166,21280,417,1469,BENGKULU
2022-03-21,9,1,260,-252,23175,21540,418,1217,BENGKULU
2022-03-22,28,1,156,-129,23203,21696,419,1088,BENGKULU
2022-03-23,19,2,168,-151,23222,21864,421,937,BENGKULU
2022-03-24,9,0,115,-106,23231,21979,421,831,BENGKULU
2022-03-25,14,0,90,-76,23245,22069,421,755,BENGKULU
2022-03-26,8,0,101,-93,23253,22170,421,662,BENGKULU
2022-03-27,3,0,59,-56,23256,22229,421,606,BENGKULU
2022-03-28,11,0,51,-40,23267,22280,421,566,BENGKULU
2022-03-29,6,0,39,-33,23273,22319,421,533,BENGKULU
2022-03-30,13,0,28,-15,23286,22347,421,518,BENGKULU
2022-03-31,10,0,37,-27,23296,22384,421,491,BENGKULU
2022-04-01,2,0,12,-10,23298,22396,421,481,BENGKULU
2022-04-02,3,1,25,-23,23301,22421,422,458,BENGKULU
2022-04-03,5,0,15,-10,23306,22436,422,448,BENGKULU
2022-04-04,2,1,19,-18,23308,22455,423,430,BENGKULU
2022-04-05,6,0,23,-17,23314,22478,423,413,BENGKULU
2022-04-06,1,0,95,-94,23315,22573,423,319,BENGKULU
2022-04-07,0,0,23,-23,23315,22596,423,296,BENGKULU
2022-04-08,0,0,24,-24,23315,22620,423,272,BENGKULU
2022-04-09,2,0,32,-30,23317,22652,423,242,BENGKULU
2022-04-10,0,0,7,-7,23317,22659,423,235,BENGKULU
2022-04-11,1,0,9,-8,23318,22668,423,227,BENGKULU
2022-04-12,2,0,5,-3,23320,22673,423,224,BENGKULU
2022-04-13,0,0,4,-4,23320,22677,423,220,BENGKULU
2022-04-14,1,0,11,-10,23321,22688,423,210,BENGKULU
2022-04-15,0,0,1,-1,23321,22689,423,209,BENGKULU
2022-04-16,1,0,91,-90,23322,22780,423,119,BENGKULU
2022-04-17,0,1,2,-3,23322,22782,424,116,BENGKULU
2022-04-18,3,0,0,3,23325,22782,424,119,BENGKULU
2022-04-19,3,0,5,-2,23328,22787,424,117,BENGKULU
2022-04-20,0,1,2,-3,23328,22789,425,114,BENGKULU
2022-04-21,1,0,59,-58,23329,22848,425,56,BENGKULU
2022-04-22,0,0,0,0,23329,22848,425,56,BENGKULU
2022-04-23,0,0,0,0,23329,22848,425,56,BENGKULU
2022-04-24,0,0,0,0,23329,22848,425,56,BENGKULU
2022-04-25,0,0,23,-23,23329,22871,425,33,BENGKULU
2022-04-26,3,0,0,3,23332,22871,425,36,BENGKULU
2022-04-27,1,0,8,-7,23333,22879,425,29,BENGKULU
2022-04-28,0,0,0,0,23333,22879,425,29,BENGKULU
2022-04-29,0,0,0,0,23333,22879,425,29,BENGKULU
2022-04-30,0,0,0,0,23333,22879,425,29,BENGKULU
2022-05-01,0,0,1,-1,23333,22880,425,28,BENGKULU
2022-05-02,0,0,0,0,23333,22880,425,28,BENGKULU
2022-05-03,0,0,0,0,23333,22880,425,28,BENGKULU
2022-05-04,0,0,0,0,23333,22880,425,28,BENGKULU
2022-05-05,0,0,0,0,23333,22880,425,28,BENGKULU
2022-05-06,0,0,0,0,23333,22880,425,28,BENGKULU
2022-05-07,0,0,0,0,23333,22880,425,28,BENGKULU
2022-05-08,0,0,0,0,23333,22880,425,28,BENGKULU
2022-05-09,0,0,6,-6,23333,22886,425,22,BENGKULU
2022-05-10,0,0,0,0,23333,22886,425,22,BENGKULU
2022-05-11,0,0,23,-23,23333,22909,425,-1,BENGKULU
2022-05-12,0,0,0,0,23333,22909,425,-1,BENGKULU
2022-05-13,0,0,0,0,23333,22909,425,-1,BENGKULU
2022-05-14,1,0,0,1,23334,22909,425,0,BENGKULU
2022-05-15,0,0,0,0,23334,22909,425,0,BENGKULU
2022-05-16,2,0,0,2,23336,22909,425,2,BENGKULU
2022-05-17,0,0,0,0,23336,22909,425,2,BENGKULU
2022-05-18,0,0,0,0,23336,22909,425,2,BENGKULU
2022-05-19,0,0,0,0,23336,22909,425,2,BENGKULU
2022-05-20,0,0,0,0,23336,22909,425,2,BENGKULU
2022-05-21,0,0,0,0,23336,22909,425,2,BENGKULU
2022-05-22,0,0,0,0,23336,22909,425,2,BENGKULU
2022-05-23,1,0,0,1,23337,22909,425,3,BENGKULU
2022-05-24,0,0,0,0,23337,22909,425,3,BENGKULU
2022-05-25,0,0,0,0,23337,22909,425,3,BENGKULU
2022-05-26,0,0,0,0,23337,22909,425,3,BENGKULU
2022-05-27,0,0,0,0,23337,22909,425,3,BENGKULU
2022-05-28,0,0,0,0,23337,22909,425,3,BENGKULU
2022-05-29,1,0,2,-1,23338,22911,425,2,BENGKULU
2022-05-30,0,0,0,0,23338,22911,425,2,BENGKULU
2022-05-31,0,1,0,-1,23338,22911,426,1,BENGKULU
2022-06-01,0,0,0,0,23338,22911,426,1,BENGKULU
2022-06-02,0,0,0,0,23338,22911,426,1,BENGKULU
2022-06-03,0,0,0,0,23338,22911,426,1,BENGKULU
2022-06-04,0,0,0,0,23338,22911,426,1,BENGKULU
2022-06-05,0,0,0,0,23338,22911,426,1,BENGKULU
2022-06-06,0,0,0,0,23338,22911,426,1,BENGKULU
2022-06-07,0,0,0,0,23338,22911,426,1,BENGKULU
2022-06-08,0,0,0,0,23338,22911,426,1,BENGKULU
2022-06-09,0,0,0,0,23338,22911,426,1,BENGKULU
2022-06-10,0,0,0,0,23338,22911,426,1,BENGKULU
2022-06-11,0,0,0,0,23338,22911,426,1,BENGKULU
2022-06-12,0,0,1,-1,23338,22912,426,0,BENGKULU
2022-06-13,0,0,0,0,23338,22912,426,0,BENGKULU
2022-06-14,1,0,0,1,23339,22912,426,1,BENGKULU
2022-06-15,0,0,0,0,23339,22912,426,1,BENGKULU
2022-06-16,0,0,0,0,23339,22912,426,1,BENGKULU
2022-06-17,0,0,0,0,23339,22912,426,1,BENGKULU
2022-06-18,0,0,0,0,23339,22912,426,1,BENGKULU
2022-06-19,0,0,0,0,23339,22912,426,1,BENGKULU
2022-06-20,1,0,0,1,23340,22912,426,2,BENGKULU
2022-06-21,0,0,0,0,23340,22912,426,2,BENGKULU
2022-06-22,0,0,0,0,23340,22912,426,2,BENGKULU
2022-06-23,0,0,0,0,23340,22912,426,2,BENGKULU
2022-06-24,0,0,0,0,23340,22912,426,2,BENGKULU
2022-06-25,0,0,0,0,23340,22912,426,2,BENGKULU
2022-06-26,0,0,0,0,23340,22912,426,2,BENGKULU
2022-06-27,0,0,0,0,23340,22912,426,2,BENGKULU
2022-06-28,0,0,0,0,23340,22912,426,2,BENGKULU
2022-06-29,1,0,0,1,23341,22912,426,3,BENGKULU
2022-06-30,0,0,0,0,23341,22912,426,3,BENGKULU
2022-07-01,0,0,0,0,23341,22912,426,3,BENGKULU
2022-07-02,0,0,0,0,23341,22912,426,3,BENGKULU
2022-07-03,0,0,0,0,23341,22912,426,3,BENGKULU
2022-07-04,0,0,0,0,23341,22912,426,3,BENGKULU
2022-07-05,1,0,0,1,23342,22912,426,4,BENGKULU
2022-07-06,0,0,0,0,23342,22912,426,4,BENGKULU
2022-07-07,0,0,0,0,23342,22912,426,4,BENGKULU
2022-07-08,2,0,0,2,23344,22912,426,6,BENGKULU
2022-07-09,0,0,0,0,23344,22912,426,6,BENGKULU
2022-07-10,0,0,0,0,23344,22912,426,6,BENGKULU
2022-07-11,0,0,0,0,23344,22912,426,6,BENGKULU
2022-07-12,0,0,0,0,23344,22912,426,6,BENGKULU
2022-07-13,0,0,0,0,23344,22912,426,6,BENGKULU
2022-07-14,0,0,1,-1,23344,22913,426,5,BENGKULU
2022-07-15,0,0,0,0,23344,22913,426,5,BENGKULU
2022-07-16,0,0,0,0,23344,22913,426,5,BENGKULU
2022-07-17,0,0,0,0,23344,22913,426,5,BENGKULU
2022-07-18,0,0,0,0,23344,22913,426,5,BENGKULU
2022-07-19,0,0,0,0,23344,22913,426,5,BENGKULU
2022-07-20,1,0,0,1,23345,22913,426,6,BENGKULU
2022-07-21,0,0,0,0,23345,22913,426,6,BENGKULU
2022-07-22,0,0,0,0,23345,22913,426,6,BENGKULU
2022-07-23,0,0,0,0,23345,22913,426,6,BENGKULU
2022-07-24,0,0,0,0,23345,22913,426,6,BENGKULU
2022-07-25,0,0,0,0,23345,22913,426,6,BENGKULU
2022-07-26,0,0,0,0,23345,22913,426,6,BENGKULU
2022-07-27,0,0,1,-1,23345,22914,426,5,BENGKULU
2022-07-28,0,0,0,0,23345,22914,426,5,BENGKULU
2022-07-29,0,0,0,0,23345,22914,426,5,BENGKULU
2022-07-30,0,0,0,0,23345,22914,426,5,BENGKULU
2022-07-31,1,0,1,0,23346,22915,426,5,BENGKULU
2022-08-01,0,0,0,0,23346,22915,426,5,BENGKULU
2022-08-02,1,0,0,1,23347,22915,426,6,BENGKULU
2022-08-03,0,0,0,0,23347,22915,426,6,BENGKULU
2022-08-04,0,0,0,0,23347,22915,426,6,BENGKULU
2022-08-05,0,0,1,-1,23347,22916,426,5,BENGKULU
2022-08-06,0,0,0,0,23347,22916,426,5,BENGKULU
2022-08-07,0,0,0,0,23347,22916,426,5,BENGKULU
2022-08-08,0,0,0,0,23347,22916,426,5,BENGKULU
2022-08-09,1,0,0,1,23348,22916,426,6,BENGKULU
2022-08-10,2,1,0,1,23350,22916,427,7,BENGKULU
2022-08-11,0,1,0,-1,23350,22916,428,6,BENGKULU
2022-08-12,0,0,0,0,23350,22916,428,6,BENGKULU
2022-08-13,0,0,0,0,23350,22916,428,6,BENGKULU
2022-08-14,0,0,1,-1,23350,22917,428,5,BENGKULU
2022-08-15,0,0,0,0,23350,22917,428,5,BENGKULU
2022-08-16,0,0,0,0,23350,22917,428,5,BENGKULU
2022-08-17,0,0,0,0,23350,22917,428,5,BENGKULU
2022-08-18,0,0,0,0,23350,22917,428,5,BENGKULU
2022-08-19,0,0,0,0,23350,22917,428,5,BENGKULU
2022-08-20,1,0,0,1,23351,22917,428,6,BENGKULU
2022-08-21,0,0,1,-1,23351,22918,428,5,BENGKULU
2022-08-22,0,0,0,0,23351,22918,428,5,BENGKULU
2022-08-23,1,0,0,1,23352,22918,428,6,BENGKULU
2022-08-24,1,0,0,1,23353,22918,428,7,BENGKULU
2022-08-25,0,0,0,0,23353,22918,428,7,BENGKULU
2022-08-26,0,0,0,0,23353,22918,428,7,BENGKULU
2022-08-27,0,0,0,0,23353,22918,428,7,BENGKULU
2022-08-28,1,0,1,0,23354,22919,428,7,BENGKULU
2022-08-29,0,0,0,0,23354,22919,428,7,BENGKULU
2022-08-30,0,0,0,0,23354,22919,428,7,BENGKULU
2022-08-31,3,0,0,3,23357,22919,428,10,BENGKULU
2022-09-01,1,0,0,1,23358,22919,428,11,BENGKULU
2022-09-02,0,0,0,0,23358,22919,428,11,BENGKULU
2022-09-03,3,0,0,3,23361,22919,428,14,BENGKULU
2022-09-04,0,0,2,-2,23361,22921,428,12,BENGKULU
2022-09-05,0,0,0,0,23361,22921,428,12,BENGKULU
2022-09-06,0,0,0,0,23361,22921,428,12,BENGKULU
2022-09-07,1,0,0,1,23362,22921,428,13,BENGKULU
2022-09-08,2,0,0,2,23364,22921,428,15,BENGKULU
2022-09-09,1,0,0,1,23365,22921,428,16,BENGKULU
2022-09-10,4,0,6,-2,23369,22927,428,14,BENGKULU
2022-09-11,6,0,2,4,23375,22929,428,18,BENGKULU
2022-09-12,5,0,0,5,23380,22929,428,23,BENGKULU
2022-09-13,5,0,0,5,23385,22929,428,28,BENGKULU
2022-09-14,7,0,0,7,23392,22929,428,35,BENGKULU
2022-09-15,3,0,2,1,23395,22931,428,36,BENGKULU
2022-09-16,2,0,4,-2,23397,22935,428,34,BENGKULU
2022-09-17,7,0,0,7,23404,22935,428,41,BENGKULU
2022-09-18,1,0,10,-9,23405,22945,428,32,BENGKULU
2022-09-19,2,0,5,-3,23407,22950,428,29,BENGKULU
2022-09-20,9,0,5,4,23416,22955,428,33,BENGKULU
2022-09-21,2,1,5,-4,23418,22960,429,29,BENGKULU
2022-09-22,1,0,1,0,23419,22961,429,29,BENGKULU
2022-09-23,5,0,3,2,23424,22964,429,31,BENGKULU
2022-09-24,11,0,2,9,23435,22966,429,40,BENGKULU
2022-09-25,0,0,1,-1,23435,22967,429,39,BENGKULU
2022-09-26,3,0,1,2,23438,22968,429,41,BENGKULU
2022-09-27,0,0,0,0,23438,22968,429,41,BENGKULU
2022-09-28,1,0,0,1,23439,22968,429,42,BENGKULU
2022-09-29,3,0,0,3,23442,22968,429,45,BENGKULU
2022-09-30,3,0,0,3,23445,22968,429,48,BENGKULU
2020-03-26,1,0,0,1,1,0,0,1,ACEH
2020-03-27,3,0,0,3,4,0,0,4,ACEH
2020-03-28,0,0,0,0,4,0,0,4,ACEH
2020-03-29,0,0,0,0,4,0,0,4,ACEH
2020-03-30,0,0,0,0,4,0,0,4,ACEH
2020-03-31,0,0,0,0,4,0,0,4,ACEH
2020-04-01,0,0,0,0,4,0,0,4,ACEH
2020-04-02,0,0,0,0,4,0,0,4,ACEH
2020-04-03,0,0,0,0,4,0,0,4,ACEH
2020-04-04,0,0,0,0,4,0,0,4,ACEH
2020-04-05,0,0,0,0,4,0,0,4,ACEH
2020-04-06,0,0,0,0,4,0,0,4,ACEH
2020-04-07,0,0,0,0,4,0,0,4,ACEH
2020-04-08,0,0,0,0,4,0,0,4,ACEH
2020-04-09,0,0,0,0,4,0,0,4,ACEH
2020-04-10,0,0,0,0,4,0,0,4,ACEH
2020-04-11,0,0,0,0,4,0,0,4,ACEH
2020-04-12,0,0,0,0,4,0,0,4,ACEH
2020-04-13,0,0,2,-2,4,2,0,2,ACEH
2020-04-14,0,0,0,0,4,2,0,2,ACEH
2020-04-15,0,0,0,0,4,2,0,2,ACEH
2020-04-16,0,0,0,0,4,2,0,2,ACEH
2020-04-17,0,0,0,0,4,2,0,2,ACEH
2020-04-18,1,0,0,1,5,2,0,3,ACEH
2020-04-19,1,0,0,1,6,2,0,4,ACEH
2020-04-20,0,0,0,0,6,2,0,4,ACEH
2020-04-21,0,0,0,0,6,2,0,4,ACEH
2020-04-22,0,0,0,0,6,2,0,4,ACEH
2020-04-23,0,1,0,-1,6,2,1,3,ACEH
2020-04-24,1,0,0,1,7,2,1,4,ACEH
2020-04-25,1,0,0,1,8,2,1,5,ACEH
2020-04-26,0,0,0,0,8,2,1,5,ACEH
2020-04-27,0,0,1,-1,8,3,1,4,ACEH
2020-04-28,0,0,1,-1,8,4,1,3,ACEH
2020-04-29,0,0,1,-1,8,5,1,2,ACEH
2020-04-30,1,0,0,1,9,5,1,3,ACEH
2020-05-01,1,0,0,1,10,5,1,4,ACEH
2020-05-02,0,0,0,0,10,5,1,4,ACEH
2020-05-03,1,0,2,-1,11,7,1,3,ACEH
2020-05-04,0,0,0,0,11,7,1,3,ACEH
2020-05-05,0,0,0,0,11,7,1,3,ACEH
2020-05-06,5,0,0,5,16,7,1,8,ACEH
2020-05-07,0,0,0,0,16,7,1,8,ACEH
2020-05-08,0,0,3,-3,16,10,1,5,ACEH
2020-05-09,0,0,0,0,16,10,1,5,ACEH
2020-05-10,0,0,0,0,16,10,1,5,ACEH
2020-05-11,0,0,1,-1,16,11,1,4,ACEH
2020-05-12,0,0,0,0,16,11,1,4,ACEH
2020-05-13,0,0,1,-1,16,12,1,3,ACEH
2020-05-14,0,0,0,0,16,12,1,3,ACEH
2020-05-15,0,0,0,0,16,12,1,3,ACEH
2020-05-16,1,0,2,-1,17,14,1,2,ACEH
2020-05-17,0,0,0,0,17,14,1,2,ACEH
2020-05-18,0,0,0,0,17,14,1,2,ACEH
2020-05-19,0,0,0,0,17,14,1,2,ACEH
2020-05-20,0,0,0,0,17,14,1,2,ACEH
2020-05-21,0,0,0,0,17,14,1,2,ACEH
2020-05-22,1,0,1,0,18,15,1,2,ACEH
2020-05-23,0,0,1,-1,18,16,1,1,ACEH
2020-05-24,0,0,0,0,18,16,1,1,ACEH
2020-05-25,0,0,0,0,18,16,1,1,ACEH
2020-05-26,0,0,0,0,18,16,1,1,ACEH
2020-05-27,0,0,0,0,18,16,1,1,ACEH
2020-05-28,1,0,0,1,19,16,1,2,ACEH
2020-05-29,0,0,0,0,19,16,1,2,ACEH
2020-05-30,0,0,0,0,19,16,1,2,ACEH
2020-05-31,0,0,0,0,19,16,1,2,ACEH
2020-06-01,0,0,0,0,19,16,1,2,ACEH
2020-06-02,0,0,0,0,19,16,1,2,ACEH
2020-06-03,0,0,1,-1,19,17,1,1,ACEH
2020-06-04,0,0,0,0,19,17,1,1,ACEH
2020-06-05,0,0,0,0,19,17,1,1,ACEH
2020-06-06,0,0,0,0,19,17,1,1,ACEH
2020-06-07,0,0,0,0,19,17,1,1,ACEH
2020-06-08,0,0,0,0,19,17,1,1,ACEH
2020-06-09,0,0,0,0,19,17,1,1,ACEH
2020-06-10,2,0,0,2,21,17,1,3,ACEH
2020-06-11,0,0,0,0,21,17,1,3,ACEH
2020-06-12,0,0,0,0,21,17,1,3,ACEH
2020-06-13,0,0,1,-1,21,18,1,2,ACEH
2020-06-14,4,0,0,4,25,18,1,6,ACEH
2020-06-15,0,0,0,0,25,18,1,6,ACEH
2020-06-16,0,0,1,-1,25,19,1,5,ACEH
2020-06-17,7,0,0,7,32,19,1,12,ACEH
2020-06-18,1,0,0,1,33,19,1,13,ACEH
2020-06-19,0,0,0,0,33,19,1,13,ACEH
2020-06-20,1,0,0,1,34,19,1,14,ACEH
2020-06-21,9,0,0,9,43,19,1,23,ACEH
2020-06-22,0,0,0,0,43,19,1,23,ACEH
2020-06-23,0,0,0,0,43,19,1,23,ACEH
2020-06-24,4,0,0,4,47,19,1,27,ACEH
2020-06-25,10,0,0,10,57,19,1,37,ACEH
2020-06-26,3,0,0,3,60,19,1,40,ACEH
2020-06-27,8,0,2,6,68,21,1,46,ACEH
2020-06-28,1,0,2,-1,69,23,1,45,ACEH
2020-06-29,0,1,0,-1,69,23,2,44,ACEH
2020-06-30,1,0,1,0,70,24,2,44,ACEH
2020-07-01,6,0,5,1,76,29,2,45,ACEH
2020-07-02,0,0,0,0,76,29,2,45,ACEH
2020-07-03,1,0,0,1,77,29,2,46,ACEH
2020-07-04,0,0,0,0,77,29,2,46,ACEH
2020-07-05,0,0,0,0,77,29,2,46,ACEH
2020-07-06,0,0,8,-8,77,37,2,38,ACEH
2020-07-07,1,0,1,0,78,38,2,38,ACEH
2020-07-08,1,0,7,-6,79,45,2,32,ACEH
2020-07-09,1,0,3,-2,80,48,2,30,ACEH
2020-07-10,0,0,4,-4,80,52,2,26,ACEH
2020-07-11,5,1,4,0,85,56,3,26,ACEH
2020-07-12,4,0,0,4,89,56,3,30,ACEH
2020-07-13,0,1,0,-1,89,56,4,29,ACEH
2020-07-14,4,0,1,3,93,57,4,32,ACEH
2020-07-15,22,2,1,19,115,58,6,51,ACEH
2020-07-16,3,1,1,1,118,59,7,52,ACEH
2020-07-17,4,0,0,4,122,59,7,56,ACEH
2020-07-18,0,0,0,0,122,59,7,56,ACEH
2020-07-19,0,0,0,0,122,59,7,56,ACEH
2020-07-20,2,0,0,2,124,59,7,58,ACEH
2020-07-21,1,0,5,-4,125,64,7,54,ACEH
2020-07-22,1,0,3,-2,126,67,7,52,ACEH
2020-07-23,2,0,1,1,128,68,7,53,ACEH
2020-07-24,2,0,11,-9,130,79,7,44,ACEH
2020-07-25,5,0,2,3,135,81,7,47,ACEH
2020-07-26,0,0,0,0,135,81,7,47,ACEH
2020-07-27,0,0,0,0,135,81,7,47,ACEH
2020-07-28,21,0,0,21,156,81,7,68,ACEH
2020-07-29,34,3,0,31,190,81,10,99,ACEH
2020-07-30,58,0,0,58,248,81,10,157,ACEH
2020-07-31,72,0,0,72,320,81,10,229,ACEH
2020-08-01,0,1,0,-1,320,81,11,228,ACEH
2020-08-02,18,1,0,17,338,81,12,245,ACEH
2020-08-03,2,1,0,1,340,81,13,246,ACEH
2020-08-04,7,0,0,7,347,81,13,253,ACEH
2020-08-05,0,0,0,0,347,81,13,253,ACEH
2020-08-06,32,0,1,31,379,82,13,284,ACEH
2020-08-07,43,0,0,43,422,82,13,327,ACEH
2020-08-08,0,0,0,0,422,82,13,327,ACEH
2020-08-09,37,1,0,36,459,82,14,363,ACEH
2020-08-10,81,0,0,81,540,82,14,444,ACEH
2020-08-11,0,1,0,-1,540,82,15,443,ACEH
2020-08-12,54,2,71,-19,594,153,17,424,ACEH
2020-08-13,1,1,0,0,595,153,18,424,ACEH
2020-08-14,71,0,0,71,666,153,18,495,ACEH
2020-08-15,18,2,0,16,684,153,20,511,ACEH
2020-08-16,9,0,0,9,693,153,20,520,ACEH
2020-08-17,137,0,0,137,830,153,20,657,ACEH
2020-08-18,19,2,0,17,849,153,22,674,ACEH
2020-08-19,51,0,0,51,900,153,22,725,ACEH
2020-08-20,3,0,0,3,903,153,22,728,ACEH
2020-08-21,2,1,0,1,905,153,23,729,ACEH
2020-08-22,54,0,0,54,959,153,23,783,ACEH
2020-08-23,0,2,0,-2,959,153,25,781,ACEH
2020-08-24,27,3,0,24,986,153,28,805,ACEH
2020-08-25,14,3,0,11,1000,153,31,816,ACEH
2020-08-26,21,0,0,21,1021,153,31,837,ACEH
2020-08-27,84,0,0,84,1105,153,31,921,ACEH
2020-08-28,37,8,0,29,1142,153,39,950,ACEH
2020-08-29,81,5,0,76,1223,153,44,1026,ACEH
2020-08-30,42,4,46,-8,1265,199,48,1018,ACEH
2020-08-31,25,2,53,-30,1290,252,50,988,ACEH
2020-09-01,14,2,64,-52,1304,316,52,936,ACEH
2020-09-02,43,3,1,39,1347,317,55,975,ACEH
2020-09-03,80,2,7,71,1427,324,57,1046,ACEH
2020-09-04,76,3,25,48,1503,349,60,1094,ACEH
2020-09-05,47,1,0,46,1550,349,61,1140,ACEH
2020-09-06,63,2,0,61,1613,349,63,1201,ACEH
2020-09-07,16,3,0,13,1629,349,66,1214,ACEH
2020-09-08,8,2,43,-37,1637,392,68,1177,ACEH
2020-09-09,78,0,6,72,1715,398,68,1249,ACEH
2020-09-10,77,2,1,74,1792,399,70,1323,ACEH
2020-09-11,118,1,1,116,1910,400,71,1439,ACEH
2020-09-12,100,0,1,99,2010,401,71,1538,ACEH
2020-09-13,171,5,0,166,2181,401,76,1704,ACEH
2020-09-14,114,4,39,71,2295,440,80,1775,ACEH
2020-09-15,108,6,120,-18,2403,560,86,1757,ACEH
2020-09-16,73,8,308,-243,2476,868,94,1514,ACEH
2020-09-17,85,9,1,75,2561,869,103,1589,ACEH
2020-09-18,96,4,125,-33,2657,994,107,1556,ACEH
2020-09-19,136,0,37,99,2793,1031,107,1655,ACEH
2020-09-20,53,4,0,49,2846,1031,111,1704,ACEH
2020-09-21,77,2,293,-218,2923,1324,113,1486,ACEH
2020-09-22,71,5,77,-11,2994,1401,118,1475,ACEH
2020-09-23,39,2,2,35,3033,1403,120,1510,ACEH
2020-09-24,47,0,91,-44,3080,1494,120,1466,ACEH
2020-09-25,72,2,1,69,3152,1495,122,1535,ACEH
2020-09-26,153,3,1,149,3305,1496,125,1684,ACEH
2020-09-27,57,4,115,-62,3362,1611,129,1622,ACEH
2020-09-28,60,8,126,-74,3422,1737,137,1548,ACEH
2020-09-29,113,6,99,8,3535,1836,143,1556,ACEH
2020-09-30,66,3,0,63,3601,1836,146,1619,ACEH
2020-10-01,83,3,118,-38,3684,1954,149,1581,ACEH
2020-10-02,147,5,0,142,3831,1954,154,1723,ACEH
2020-10-03,51,2,117,-68,3882,2071,156,1655,ACEH
2020-10-04,54,4,149,-99,3936,2220,160,1556,ACEH
2020-10-05,60,6,135,-81,3996,2355,166,1475,ACEH
2020-10-06,93,4,78,11,4089,2433,170,1486,ACEH
2020-10-07,57,2,161,-106,4146,2594,172,1380,ACEH
2020-10-08,137,2,127,8,4283,2721,174,1388,ACEH
2020-10-09,99,4,76,19,4382,2797,178,1407,ACEH
2020-10-10,77,0,1,76,4459,2798,178,1483,ACEH
2020-10-11,100,1,0,99,4559,2798,179,1582,ACEH
2020-10-12,57,2,130,-75,4616,2928,181,1507,ACEH
2020-10-13,38,1,82,-45,4654,3010,182,1462,ACEH
2020-10-14,48,3,45,0,4702,3055,185,1462,ACEH
2020-10-15,94,1,113,-20,4796,3168,186,1442,ACEH
2020-10-16,142,5,102,35,4938,3270,191,1477,ACEH
2020-10-17,137,1,101,35,5075,3371,192,1512,ACEH
2020-10-18,93,5,210,-122,5168,3581,197,1390,ACEH
2020-10-19,89,2,168,-81,5257,3749,199,1309,ACEH
2020-10-20,78,2,178,-102,5335,3927,201,1207,ACEH
2020-10-21,64,3,0,61,5399,3927,204,1268,ACEH
2020-10-22,86,2,0,84,5485,3927,206,1352,ACEH
2020-10-23,81,2,3,76,5566,3930,208,1428,ACEH
2020-10-24,76,4,0,72,5642,3930,212,1500,ACEH
2020-10-25,65,2,0,63,5707,3930,214,1563,ACEH
2020-10-26,33,5,0,28,5740,3930,219,1591,ACEH
2020-10-27,9,3,0,6,5749,3930,222,1597,ACEH
2020-10-28,57,4,0,53,5806,3930,226,1650,ACEH
2020-10-29,27,0,1,26,5833,3931,226,1676,ACEH
2020-10-30,14,1,0,13,5847,3931,227,1689,ACEH
2020-10-31,9,1,0,8,5856,3931,228,1697,ACEH
2020-11-01,17,0,0,17,5873,3931,228,1714,ACEH
2020-11-02,25,0,112,-87,5898,4043,228,1627,ACEH
2020-11-03,19,3,141,-125,5917,4184,231,1502,ACEH
2020-11-04,35,5,125,-95,5952,4309,236,1407,ACEH
2020-11-05,26,1,1,24,5978,4310,237,1431,ACEH
2020-11-06,58,0,145,-87,6036,4455,237,1344,ACEH
2020-11-07,20,1,67,-48,6056,4522,238,1296,ACEH
2020-11-08,23,0,189,-166,6079,4711,238,1130,ACEH
2020-11-09,3,0,159,-156,6082,4870,238,974,ACEH
2020-11-10,22,0,1,21,6104,4871,238,995,ACEH
2020-11-11,40,1,0,39,6144,4871,239,1034,ACEH
2020-11-12,24,0,0,24,6168,4871,239,1058,ACEH
2020-11-13,34,0,0,34,6202,4871,239,1092,ACEH
2020-11-14,17,0,1,16,6219,4872,239,1108,ACEH
2020-11-15,42,0,0,42,6261,4872,239,1150,ACEH
2020-11-16,17,0,8,9,6278,4880,239,1159,ACEH
2020-11-17,38,2,25,11,6316,4905,241,1170,ACEH
2020-11-18,14,19,92,-97,6330,4997,260,1073,ACEH
2020-11-19,37,1,0,36,6367,4997,261,1109,ACEH
2020-11-20,19,0,0,19,6386,4997,261,1128,ACEH
2020-11-21,35,0,0,35,6421,4997,261,1163,ACEH
2020-11-22,15,0,0,15,6436,4997,261,1178,ACEH
2020-11-23,27,0,2,25,6463,4999,261,1203,ACEH
2020-11-24,5,0,0,5,6468,4999,261,1208,ACEH
2020-11-25,31,5,119,-93,6499,5118,266,1115,ACEH
2020-11-26,21,5,23,-7,6520,5141,271,1108,ACEH
2020-11-27,16,1,3,12,6536,5144,272,1120,ACEH
2020-11-28,9,1,0,8,6545,5144,273,1128,ACEH
2020-11-29,22,4,21,-3,6567,5165,277,1125,ACEH
2020-11-30,7,0,7,0,6574,5172,277,1125,ACEH
2020-12-01,4,2,11,-9,6578,5183,279,1116,ACEH
2020-12-02,9,0,20,-11,6587,5203,279,1105,ACEH
2020-12-03,35,0,4,31,6622,5207,279,1136,ACEH
2020-12-04,7,5,3,-1,6629,5210,284,1135,ACEH
2020-12-05,13,0,6,7,6642,5216,284,1142,ACEH
2020-12-06,30,0,97,-67,6672,5313,284,1075,ACEH
2020-12-07,4,0,5,-1,6676,5318,284,1074,ACEH
2020-12-08,15,1,6,8,6691,5324,285,1082,ACEH
2020-12-09,5,0,4,1,6696,5328,285,1083,ACEH
2020-12-10,7,1,7,-1,6703,5335,286,1082,ACEH
2020-12-11,16,4,50,-38,6719,5385,290,1044,ACEH
2020-12-12,23,0,11,12,6742,5396,290,1056,ACEH
2020-12-13,13,0,3,10,6755,5399,290,1066,ACEH
2020-12-14,2,2,39,-39,6757,5438,292,1027,ACEH
2020-12-15,9,1,75,-67,6766,5513,293,960,ACEH
2020-12-16,5,0,5,0,6771,5518,293,960,ACEH
2020-12-17,6,0,6,0,6777,5524,293,960,ACEH
2020-12-18,2,0,42,-40,6779,5566,293,920,ACEH
2020-12-19,5,0,5,0,6784,5571,293,920,ACEH
2020-12-20,2,1,12,-11,6786,5583,294,909,ACEH
2020-12-21,15,0,3,12,6801,5586,294,921,ACEH
2020-12-22,21,0,8,13,6822,5594,294,934,ACEH
2020-12-23,21,1,8,12,6843,5602,295,946,ACEH
2020-12-24,12,1,9,2,6855,5611,296,948,ACEH
2020-12-25,13,0,0,13,6868,5611,296,961,ACEH
2020-12-26,14,1,6,7,6882,5617,297,968,ACEH
2020-12-27,12,0,0,12,6894,5617,297,980,ACEH
2020-12-28,14,0,9,5,6908,5626,297,985,ACEH
2020-12-29,7,0,4,3,6915,5630,297,988,ACEH
2020-12-30,6,0,1,5,6921,5631,297,993,ACEH
2020-12-31,3,0,7,-4,6924,5638,297,989,ACEH
2021-01-01,6,0,7,-1,6930,5645,297,988,ACEH
2021-01-02,5,0,6,-1,6935,5651,297,987,ACEH
2021-01-03,1,0,0,1,6936,5651,297,988,ACEH
2021-01-04,5,0,6,-1,6941,5657,297,987,ACEH
2021-01-05,4,2,15,-13,6945,5672,299,974,ACEH
2021-01-06,24,0,10,14,6969,5682,299,988,ACEH
2021-01-07,25,2,71,-48,6994,5753,301,940,ACEH
2021-01-08,33,0,5,28,7027,5758,301,968,ACEH
2021-01-09,14,0,6,8,7041,5764,301,976,ACEH
2021-01-10,12,0,8,4,7053,5772,301,980,ACEH
2021-01-11,10,0,1,9,7063,5773,301,989,ACEH
2021-01-12,42,3,0,39,7105,5773,304,1028,ACEH
2021-01-13,21,1,4,16,7126,5777,305,1044,ACEH
2021-01-14,10,2,11,-3,7136,5788,307,1041,ACEH
2021-01-15,12,1,27,-16,7148,5815,308,1025,ACEH
2021-01-16,12,1,1,10,7160,5816,309,1035,ACEH
2021-01-17,13,0,0,13,7173,5816,309,1048,ACEH
2021-01-18,2,1,20,-19,7175,5836,310,1029,ACEH
2021-01-19,14,0,120,-106,7189,5956,310,923,ACEH
2021-01-20,13,0,22,-9,7202,5978,310,914,ACEH
2021-01-21,9,0,29,-20,7211,6007,310,894,ACEH
2021-01-22,13,0,4,9,7224,6011,310,903,ACEH
2021-01-23,8,0,2,6,7232,6013,310,909,ACEH
2021-01-24,17,0,2,15,7249,6015,310,924,ACEH
2021-01-25,0,0,4,-4,7249,6019,310,920,ACEH
2021-01-26,5,0,4,1,7254,6023,310,921,ACEH
2021-01-27,12,0,6,6,7266,6029,310,927,ACEH
2021-01-28,14,0,0,14,7280,6029,310,941,ACEH
2021-01-29,14,0,7,7,7294,6036,310,948,ACEH
2021-01-30,21,0,6,15,7315,6042,310,963,ACEH
2021-01-31,3,0,3,0,7318,6045,310,963,ACEH
2021-02-01,2,0,4,-2,7320,6049,310,961,ACEH
2021-02-02,18,1,9,8,7338,6058,311,969,ACEH
2021-02-03,13,0,17,-4,7351,6075,311,965,ACEH
2021-02-04,6,0,4,2,7357,6079,311,967,ACEH
2021-02-05,5,0,0,5,7362,6079,311,972,ACEH
2021-02-06,11,0,6,5,7373,6085,311,977,ACEH
2021-02-07,9,0,1,8,7382,6086,311,985,ACEH
2021-02-08,9,1,29,-21,7391,6115,312,964,ACEH
2021-02-09,37,0,1,36,7428,6116,312,1000,ACEH
2021-02-10,2,0,18,-16,7430,6134,312,984,ACEH
2021-02-11,15,0,5,10,7445,6139,312,994,ACEH
2021-02-12,6,0,0,6,7451,6139,312,1000,ACEH
2021-02-13,1,1,3,-3,7452,6142,313,997,ACEH
2021-02-14,4,0,0,4,7456,6142,313,1001,ACEH
2021-02-15,0,0,0,0,7456,6142,313,1001,ACEH
2021-02-16,0,0,0,0,7456,6142,313,1001,ACEH
2021-02-17,0,0,0,0,7456,6142,313,1001,ACEH
2021-02-18,26,0,4,22,7482,6146,313,1023,ACEH
2021-02-19,11,0,7,4,7493,6153,313,1027,ACEH
2021-02-20,8,0,15,-7,7501,6168,313,1020,ACEH
2021-02-21,1,0,0,1,7502,6168,313,1021,ACEH
2021-02-22,1,0,4,-3,7503,6172,313,1018,ACEH
2021-02-23,25,0,4,21,7528,6176,313,1039,ACEH
2021-02-24,22,0,6,16,7550,6182,313,1055,ACEH
2021-02-25,5,1,0,4,7555,6182,314,1059,ACEH
2021-02-26,7,0,17,-10,7562,6199,314,1049,ACEH
2021-02-27,3,1,8,-6,7565,6207,315,1043,ACEH
2021-02-28,6,0,0,6,7571,6207,315,1049,ACEH
2021-03-01,1,0,12,-11,7572,6219,315,1038,ACEH
2021-03-02,10,0,2,8,7582,6221,315,1046,ACEH
2021-03-03,10,3,5,2,7592,6226,318,1048,ACEH
2021-03-04,8,0,2,6,7600,6228,318,1054,ACEH
2021-03-05,7,0,2,5,7607,6230,318,1059,ACEH
2021-03-06,13,0,14,-1,7620,6244,318,1058,ACEH
2021-03-07,3,0,0,3,7623,6244,318,1061,ACEH
2021-03-08,7,0,3,4,7630,6247,318,1065,ACEH
2021-03-09,23,0,20,3,7653,6267,318,1068,ACEH
2021-03-10,0,0,4,-4,7653,6271,318,1064,ACEH
2021-03-11,17,0,0,17,7670,6271,318,1081,ACEH
2021-03-12,6,1,6,-1,7676,6277,319,1080,ACEH
2021-03-13,12,0,0,12,7688,6277,319,1092,ACEH
2021-03-14,5,0,22,-17,7693,6299,319,1075,ACEH
2021-03-15,0,0,4,-4,7693,6303,319,1071,ACEH
2021-03-16,10,0,16,-6,7703,6319,319,1065,ACEH
2021-03-17,5,0,2,3,7708,6321,319,1068,ACEH
2021-03-18,9,0,2,7,7717,6323,319,1075,ACEH
2021-03-19,12,0,0,12,7729,6323,319,1087,ACEH
2021-03-20,13,0,20,-7,7742,6343,319,1080,ACEH
2021-03-21,0,0,0,0,7742,6343,319,1080,ACEH
2021-03-22,19,0,3,16,7761,6346,319,1096,ACEH
2021-03-23,14,1,6,7,7775,6352,320,1103,ACEH
2021-03-24,11,1,0,10,7786,6352,321,1113,ACEH
2021-03-25,4,2,2,0,7790,6354,323,1113,ACEH
2021-03-26,12,0,14,-2,7802,6368,323,1111,ACEH
2021-03-27,17,2,6,9,7819,6374,325,1120,ACEH
2021-03-28,12,0,15,-3,7831,6389,325,1117,ACEH
2021-03-29,7,1,6,0,7838,6395,326,1117,ACEH
2021-03-30,7,0,0,7,7845,6395,326,1124,ACEH
2021-03-31,24,0,1,23,7869,6396,326,1147,ACEH
2021-04-01,8,0,1,7,7877,6397,326,1154,ACEH
2021-04-02,6,0,6,0,7883,6403,326,1154,ACEH
2021-04-03,3,0,6,-3,7886,6409,326,1151,ACEH
2021-04-04,3,0,2,1,7889,6411,326,1152,ACEH
2021-04-05,11,1,0,10,7900,6411,327,1162,ACEH
2021-04-06,11,1,23,-13,7911,6434,328,1149,ACEH
2021-04-07,31,0,18,13,7942,6452,328,1162,ACEH
2021-04-08,32,1,6,25,7974,6458,329,1187,ACEH
2021-04-09,23,1,6,16,7997,6464,330,1203,ACEH
2021-04-10,18,3,3,12,8015,6467,333,1215,ACEH
2021-04-11,5,0,0,5,8020,6467,333,1220,ACEH
2021-04-12,18,2,15,1,8038,6482,335,1221,ACEH
2021-04-13,25,0,24,1,8063,6506,335,1222,ACEH
2021-04-14,22,0,16,6,8085,6522,335,1228,ACEH
2021-04-15,29,1,80,-52,8114,6602,336,1176,ACEH
2021-04-16,20,0,91,-71,8134,6693,336,1105,ACEH
2021-04-17,28,1,90,-63,8162,6783,337,1042,ACEH
2021-04-18,37,1,78,-42,8199,6861,338,1000,ACEH
2021-04-19,10,1,83,-74,8209,6944,339,926,ACEH
2021-04-20,46,4,90,-48,8255,7034,343,878,ACEH
2021-04-21,53,1,96,-44,8308,7130,344,834,ACEH
2021-04-22,73,1,84,-12,8381,7214,345,822,ACEH
2021-04-23,70,1,7,62,8451,7221,346,884,ACEH
2021-04-24,32,4,84,-56,8483,7305,350,828,ACEH
2021-04-25,19,1,92,-74,8502,7397,351,754,ACEH
2021-04-26,58,3,25,30,8560,7422,354,784,ACEH
2021-04-27,55,0,9,46,8615,7431,354,830,ACEH
2021-04-28,60,2,88,-30,8675,7519,356,800,ACEH
2021-04-29,67,3,50,14,8742,7569,359,814,ACEH
2021-04-30,56,1,69,-14,8798,7638,360,800,ACEH
2021-05-01,95,2,88,5,8893,7726,362,805,ACEH
2021-05-02,54,7,45,2,8947,7771,369,807,ACEH
2021-05-03,46,1,12,33,8993,7783,370,840,ACEH
2021-05-04,78,5,7,66,9071,7790,375,906,ACEH
2021-05-05,68,5,15,48,9139,7805,380,954,ACEH
2021-05-06,86,0,26,60,9225,7831,380,1014,ACEH
2021-05-07,95,3,92,0,9320,7923,383,1014,ACEH
2021-05-08,77,2,4,71,9397,7927,385,1085,ACEH
2021-05-09,21,3,78,-60,9418,8005,388,1025,ACEH
2021-05-10,59,4,69,-14,9477,8074,392,1011,ACEH
2021-05-11,67,2,26,39,9544,8100,394,1050,ACEH
2021-05-12,105,3,26,76,9649,8126,397,1126,ACEH
2021-05-13,23,0,17,6,9672,8143,397,1132,ACEH
2021-05-14,3,2,17,-16,9675,8160,399,1116,ACEH
2021-05-15,48,2,7,39,9723,8167,401,1155,ACEH
2021-05-16,28,1,63,-36,9751,8230,402,1119,ACEH
2021-05-17,66,5,18,43,9817,8248,407,1162,ACEH
2021-05-18,101,2,60,39,9918,8308,409,1201,ACEH
2021-05-19,122,6,51,65,10040,8359,415,1266,ACEH
2021-05-20,171,3,1,167,10211,8360,418,1433,ACEH
2021-05-21,140,7,78,55,10351,8438,425,1488,ACEH
2021-05-22,104,3,6,95,10455,8444,428,1583,ACEH
2021-05-23,86,2,67,17,10541,8511,430,1600,ACEH
2021-05-24,126,7,198,-79,10667,8709,437,1521,ACEH
2021-05-25,153,8,119,26,10820,8828,445,1547,ACEH
2021-05-26,211,4,31,176,11031,8859,449,1723,ACEH
2021-05-27,184,5,100,79,11215,8959,454,1802,ACEH
2021-05-28,215,6,122,87,11430,9081,460,1889,ACEH
2021-05-29,239,5,105,129,11669,9186,465,2018,ACEH
2021-05-30,222,2,85,135,11891,9271,467,2153,ACEH
2021-05-31,90,13,105,-28,11981,9376,480,2125,ACEH
2021-06-01,102,1,98,3,12083,9474,481,2128,ACEH
2021-06-02,80,1,1,78,12163,9475,482,2206,ACEH
2021-06-03,168,5,37,126,12331,9512,487,2332,ACEH
2021-06-04,164,6,29,129,12495,9541,493,2461,ACEH
2021-06-05,166,3,94,69,12661,9635,496,2530,ACEH
2021-06-06,158,2,109,47,12819,9744,498,2577,ACEH
2021-06-07,113,4,162,-53,12932,9906,502,2524,ACEH
2021-06-08,129,4,57,68,13061,9963,506,2592,ACEH
2021-06-09,184,11,93,80,13245,10056,517,2672,ACEH
2021-06-10,200,7,29,164,13445,10085,524,2836,ACEH
2021-06-11,222,4,65,153,13667,10150,528,2989,ACEH
2021-06-12,86,12,155,-81,13753,10305,540,2908,ACEH
2021-06-13,133,4,28,101,13886,10333,544,3009,ACEH
2021-06-14,135,4,38,93,14021,10371,548,3102,ACEH
2021-06-15,132,7,228,-103,14153,10599,555,2999,ACEH
2021-06-16,101,8,41,52,14254,10640,563,3051,ACEH
2021-06-17,110,4,68,38,14364,10708,567,3089,ACEH
2021-06-18,114,2,59,53,14478,10767,569,3142,ACEH
2021-06-19,99,5,64,30,14577,10831,574,3172,ACEH
2021-06-20,69,2,18,49,14646,10849,576,3221,ACEH
2021-06-21,34,9,155,-130,14680,11004,585,3091,ACEH
2021-06-22,50,10,64,-24,14730,11068,595,3067,ACEH
2021-06-23,122,5,181,-64,14852,11249,600,3003,ACEH
2021-06-24,58,4,80,-26,14910,11329,604,2977,ACEH
2021-06-25,84,4,46,34,14994,11375,608,3011,ACEH
2021-06-26,74,6,67,1,15068,11442,614,3012,ACEH
2021-06-27,48,4,25,19,15116,11467,618,3031,ACEH
2021-06-28,92,10,24,58,15208,11491,628,3089,ACEH
2021-06-29,102,9,64,29,15310,11555,637,3118,ACEH
2021-06-30,82,9,88,-15,15392,11643,646,3103,ACEH
2021-07-01,74,0,41,33,15466,11684,646,3136,ACEH
2021-07-02,70,6,220,-156,15536,11904,652,2980,ACEH
2021-07-03,61,6,162,-107,15597,12066,658,2873,ACEH
2021-07-04,56,1,55,0,15653,12121,659,2873,ACEH
2021-07-05,29,5,20,4,15682,12141,664,2877,ACEH
2021-07-06,137,2,62,73,15819,12203,666,2950,ACEH
2021-07-07,82,6,28,48,15901,12231,672,2998,ACEH
2021-07-08,129,5,40,84,16030,12271,677,3082,ACEH
2021-07-09,59,9,81,-31,16089,12352,686,3051,ACEH
2021-07-10,108,0,12,96,16197,12364,686,3147,ACEH
2021-07-11,54,2,35,17,16251,12399,688,3164,ACEH
2021-07-12,27,5,146,-124,16278,12545,693,3040,ACEH
2021-07-13,129,7,107,15,16407,12652,700,3055,ACEH
2021-07-14,98,8,19,71,16505,12671,708,3126,ACEH
2021-07-15,87,7,61,19,16592,12732,715,3145,ACEH
2021-07-16,48,5,39,4,16640,12771,720,3149,ACEH
2021-07-17,56,11,30,15,16696,12801,731,3164,ACEH
2021-07-18,55,4,68,-17,16751,12869,735,3147,ACEH
2021-07-19,8,1,38,-31,16759,12907,736,3116,ACEH
2021-07-20,40,0,8,32,16799,12915,736,3148,ACEH
2021-07-21,38,3,27,8,16837,12942,739,3156,ACEH
2021-07-22,87,1,49,37,16924,12991,740,3193,ACEH
2021-07-23,109,3,22,84,17033,13013,743,3277,ACEH
2021-07-24,159,3,34,122,17192,13047,746,3399,ACEH
2021-07-25,159,3,41,115,17351,13088,749,3514,ACEH
2021-07-26,126,5,49,72,17477,13137,754,3586,ACEH
2021-07-27,172,6,56,110,17649,13193,760,3696,ACEH
2021-07-28,201,4,36,161,17850,13229,764,3857,ACEH
2021-07-29,181,8,33,140,18031,13262,772,3997,ACEH
2021-07-30,199,9,55,135,18230,13317,781,4132,ACEH
2021-07-31,176,8,132,36,18406,13449,789,4168,ACEH
2021-08-01,168,5,61,102,18574,13510,794,4270,ACEH
2021-08-02,50,2,148,-100,18624,13658,796,4170,ACEH
2021-08-03,201,10,134,57,18825,13792,806,4227,ACEH
2021-08-04,290,8,86,196,19115,13878,814,4423,ACEH
2021-08-05,228,14,104,110,19343,13982,828,4533,ACEH
2021-08-06,304,3,149,152,19647,14131,831,4685,ACEH
2021-08-07,277,11,140,126,19924,14271,842,4811,ACEH
2021-08-08,220,7,256,-43,20144,14527,849,4768,ACEH
2021-08-09,123,19,104,0,20267,14631,868,4768,ACEH
2021-08-10,305,5,82,218,20572,14713,873,4986,ACEH
2021-08-11,307,6,128,173,20879,14841,879,5159,ACEH
2021-08-12,157,25,304,-172,21036,15145,904,4987,ACEH
2021-08-13,319,9,314,-4,21355,15459,913,4983,ACEH
2021-08-14,323,14,457,-148,21678,15916,927,4835,ACEH
2021-08-15,245,9,836,-600,21923,16752,936,4235,ACEH
2021-08-16,271,26,115,130,22194,16867,962,4365,ACEH
2021-08-17,305,10,171,124,22499,17038,972,4489,ACEH
2021-08-18,302,8,138,156,22801,17176,980,4645,ACEH
2021-08-19,272,12,188,72,23073,17364,992,4717,ACEH
2021-08-20,370,15,199,156,23443,17563,1007,4873,ACEH
2021-08-21,308,25,196,87,23751,17759,1032,4960,ACEH
2021-08-22,265,20,142,103,24016,17901,1052,5063,ACEH
2021-08-23,176,19,223,-66,24192,18124,1071,4997,ACEH
2021-08-24,279,9,279,-9,24471,18403,1080,4988,ACEH
2021-08-25,299,12,203,84,24770,18606,1092,5072,ACEH
2021-08-26,282,10,146,126,25052,18752,1102,5198,ACEH
2021-08-27,311,14,84,213,25363,18836,1116,5411,ACEH
2021-08-28,249,17,304,-72,25612,19140,1133,5339,ACEH
2021-08-29,261,16,146,99,25873,19286,1149,5438,ACEH
2021-08-30,162,13,184,-35,26035,19470,1162,5403,ACEH
2021-08-31,265,21,321,-77,26300,19791,1183,5326,ACEH
2021-09-01,255,15,241,-1,26555,20032,1198,5325,ACEH
2021-09-02,268,11,174,83,26823,20206,1209,5408,ACEH
2021-09-03,275,20,198,57,27098,20404,1229,5465,ACEH
2021-09-04,181,11,234,-64,27279,20638,1240,5401,ACEH
2021-09-05,205,13,247,-55,27484,20885,1253,5346,ACEH
2021-09-06,136,8,241,-113,27620,21126,1261,5233,ACEH
2021-09-07,208,22,333,-147,27828,21459,1283,5086,ACEH
2021-09-08,203,22,247,-66,28031,21706,1305,5020,ACEH
2021-09-09,185,9,144,32,28216,21850,1314,5052,ACEH
2021-09-10,200,19,170,11,28416,22020,1333,5063,ACEH
2021-09-11,155,20,373,-238,28571,22393,1353,4825,ACEH
2021-09-12,98,9,217,-128,28669,22610,1362,4697,ACEH
2021-09-13,110,5,377,-272,28779,22987,1367,4425,ACEH
2021-09-14,107,8,167,-68,28886,23154,1375,4357,ACEH
2021-09-15,110,15,137,-42,28996,23291,1390,4315,ACEH
2021-09-16,105,13,195,-103,29101,23486,1403,4212,ACEH
2021-09-17,128,11,171,-54,29229,23657,1414,4158,ACEH
2021-09-18,133,14,303,-184,29362,23960,1428,3974,ACEH
2021-09-19,85,11,212,-138,29447,24172,1439,3836,ACEH
2021-09-20,55,19,215,-179,29502,24387,1458,3657,ACEH
2021-09-21,130,12,420,-302,29632,24807,1470,3355,ACEH
2021-09-22,100,8,681,-589,29732,25488,1478,2766,ACEH
2021-09-23,58,19,143,-104,29790,25631,1497,2662,ACEH
2021-09-24,71,11,696,-636,29861,26327,1508,2026,ACEH
2021-09-25,78,8,379,-309,29939,26706,1516,1717,ACEH
2021-09-26,34,5,123,-94,29973,26829,1521,1623,ACEH
2021-09-27,53,4,69,-20,30026,26898,1525,1603,ACEH
2021-09-28,34,7,117,-90,30060,27015,1532,1513,ACEH
2021-09-29,53,9,59,-15,30113,27074,1541,1498,ACEH
2021-09-30,35,9,84,-58,30148,27158,1550,1440,ACEH
2021-10-01,46,6,100,-60,30194,27258,1556,1380,ACEH
2021-10-02,15,10,99,-94,30209,27357,1566,1286,ACEH
2021-10-03,25,7,93,-75,30234,27450,1573,1211,ACEH
2021-10-04,17,7,72,-62,30251,27522,1580,1149,ACEH
2021-10-05,38,5,89,-56,30289,27611,1585,1093,ACEH
2021-10-06,22,6,110,-94,30311,27721,1591,999,ACEH
2021-10-07,26,8,156,-138,30337,27877,1599,861,ACEH
2021-10-08,38,9,214,-185,30375,28091,1608,676,ACEH
2021-10-09,11,5,55,-49,30386,28146,1613,627,ACEH
2021-10-10,17,5,37,-25,30403,28183,1618,602,ACEH
2021-10-11,7,1,90,-84,30410,28273,1619,518,ACEH
2021-10-12,19,2,59,-42,30429,28332,1621,476,ACEH
2021-10-13,22,2,49,-29,30451,28381,1623,447,ACEH
2021-10-14,6,2,35,-31,30457,28416,1625,416,ACEH
2021-10-15,18,3,50,-35,30475,28466,1628,381,ACEH
2021-10-16,23,3,53,-33,30498,28519,1631,348,ACEH
2021-10-17,13,1,15,-3,30511,28534,1632,345,ACEH
2021-10-18,11,0,40,-29,30522,28574,1632,316,ACEH
2021-10-19,13,1,66,-54,30535,28640,1633,262,ACEH
2021-10-20,9,0,68,-59,30544,28708,1633,203,ACEH
2021-10-21,4,3,20,-19,30548,28728,1636,184,ACEH
2021-10-22,14,2,18,-6,30562,28746,1638,178,ACEH
2021-10-23,10,2,14,-6,30572,28760,1640,172,ACEH
2021-10-24,9,2,19,-12,30581,28779,1642,160,ACEH
2021-10-25,5,0,6,-1,30586,28785,1642,159,ACEH
2021-10-26,5,2,9,-6,30591,28794,1644,153,ACEH
2021-10-27,5,2,6,-3,30596,28800,1646,150,ACEH
2021-10-28,6,2,13,-9,30602,28813,1648,141,ACEH
2021-10-29,3,1,14,-12,30605,28827,1649,129,ACEH
2021-10-30,4,1,14,-11,30609,28841,1650,118,ACEH
2021-10-31,5,2,14,-11,30614,28855,1652,107,ACEH
2021-11-01,2,0,11,-9,30616,28866,1652,98,ACEH
2021-11-02,10,2,13,-5,30626,28879,1654,93,ACEH
2021-11-03,3,1,10,-8,30629,28889,1655,85,ACEH
2021-11-04,6,1,10,-5,30635,28899,1656,80,ACEH
2021-11-05,6,1,10,-5,30641,28909,1657,75,ACEH
2021-11-06,8,1,9,-2,30649,28918,1658,73,ACEH
2021-11-07,2,1,6,-5,30651,28924,1659,68,ACEH
2021-11-08,3,0,6,-3,30654,28930,1659,65,ACEH
2021-11-09,5,1,9,-5,30659,28939,1660,60,ACEH
2021-11-10,3,1,6,-4,30662,28945,1661,56,ACEH
2021-11-11,2,2,7,-7,30664,28952,1663,49,ACEH
2021-11-12,3,0,9,-6,30667,28961,1663,43,ACEH
2021-11-13,3,0,8,-5,30670,28969,1663,38,ACEH
2021-11-14,5,0,3,2,30675,28972,1663,40,ACEH
2021-11-15,1,0,5,-4,30676,28977,1663,36,ACEH
2021-11-16,3,0,10,-7,30679,28987,1663,29,ACEH
2021-11-17,2,0,4,-2,30681,28991,1663,27,ACEH
2021-11-18,2,0,4,-2,30683,28995,1663,25,ACEH
2021-11-19,3,0,4,-1,30686,28999,1663,24,ACEH
2021-11-20,4,0,4,0,30690,29003,1663,24,ACEH
2021-11-21,1,0,1,0,30691,29004,1663,24,ACEH
2021-11-22,1,0,1,0,30692,29005,1663,24,ACEH
2021-11-23,1,0,3,-2,30693,29008,1663,22,ACEH
2021-11-24,1,0,3,-2,30694,29011,1663,20,ACEH
2021-11-25,1,0,0,1,30695,29011,1663,21,ACEH
2021-11-26,0,0,4,-4,30695,29015,1663,17,ACEH
2021-11-27,0,0,1,-1,30695,29016,1663,16,ACEH
2021-11-28,0,0,1,-1,30695,29017,1663,15,ACEH
2021-11-29,1,0,2,-1,30696,29019,1663,14,ACEH
2021-11-30,2,0,4,-2,30698,29023,1663,12,ACEH
2021-12-01,0,0,1,-1,30698,29024,1663,11,ACEH
2021-12-02,2,0,3,-1,30700,29027,1663,10,ACEH
2021-12-03,1,0,0,1,30701,29027,1663,11,ACEH
2021-12-04,0,0,3,-3,30701,29030,1663,8,ACEH
2021-12-05,1,0,1,0,30702,29031,1663,8,ACEH
2021-12-06,0,0,0,0,30702,29031,1663,8,ACEH
2021-12-07,0,0,2,-2,30702,29033,1663,6,ACEH
2021-12-08,1,0,2,-1,30703,29035,1663,5,ACEH
2021-12-09,0,0,0,0,30703,29035,1663,5,ACEH
2021-12-10,0,0,1,-1,30703,29036,1663,4,ACEH
2021-12-11,0,0,0,0,30703,29036,1663,4,ACEH
2021-12-12,0,0,1,-1,30703,29037,1663,3,ACEH
2021-12-13,0,0,1,-1,30703,29038,1663,2,ACEH
2021-12-14,0,0,1,-1,30703,29039,1663,1,ACEH
2021-12-15,1,0,0,1,30704,29039,1663,2,ACEH
2021-12-16,1,0,1,0,30705,29040,1663,2,ACEH
2021-12-17,0,0,0,0,30705,29040,1663,2,ACEH
2021-12-18,0,0,0,0,30705,29040,1663,2,ACEH
2021-12-19,0,0,0,0,30705,29040,1663,2,ACEH
2021-12-20,0,0,0,0,30705,29040,1663,2,ACEH
2021-12-21,1,0,0,1,30706,29040,1663,3,ACEH
2021-12-22,0,0,0,0,30706,29040,1663,3,ACEH
2021-12-23,0,0,0,0,30706,29040,1663,3,ACEH
2021-12-24,1,0,2,-1,30707,29042,1663,2,ACEH
2021-12-25,0,0,0,0,30707,29042,1663,2,ACEH
2021-12-26,0,0,1,-1,30707,29043,1663,1,ACEH
2021-12-27,1,0,0,1,30708,29043,1663,2,ACEH
2021-12-28,0,0,0,0,30708,29043,1663,2,ACEH
2021-12-29,0,0,0,0,30708,29043,1663,2,ACEH
2021-12-30,1,0,1,0,30709,29044,1663,2,ACEH
2021-12-31,1,0,0,1,30710,29044,1663,3,ACEH
2022-01-01,0,0,0,0,30710,29044,1663,3,ACEH
2022-01-02,1,0,0,1,30711,29044,1663,4,ACEH
2022-01-03,0,0,0,0,30711,29044,1663,4,ACEH
2022-01-04,0,0,1,-1,30711,29045,1663,3,ACEH
2022-01-05,0,0,1,-1,30711,29046,1663,2,ACEH
2022-01-06,0,0,0,0,30711,29046,1663,2,ACEH
2022-01-07,1,0,1,0,30712,29047,1663,2,ACEH
2022-01-08,0,0,0,0,30712,29047,1663,2,ACEH
2022-01-09,0,0,0,0,30712,29047,1663,2,ACEH
2022-01-10,0,0,1,-1,30712,29048,1663,1,ACEH
2022-01-11,0,1,0,-1,30712,29048,1664,0,ACEH
2022-01-12,2,0,0,2,30714,29048,1664,2,ACEH
2022-01-13,0,0,0,0,30714,29048,1664,2,ACEH
2022-01-14,1,0,0,1,30715,29048,1664,3,ACEH
2022-01-15,0,0,0,0,30715,29048,1664,3,ACEH
2022-01-16,0,0,0,0,30715,29048,1664,3,ACEH
2022-01-17,0,0,0,0,30715,29048,1664,3,ACEH
2022-01-18,0,0,0,0,30715,29048,1664,3,ACEH
2022-01-19,0,0,0,0,30715,29048,1664,3,ACEH
2022-01-20,0,0,1,-1,30715,29049,1664,2,ACEH
2022-01-21,0,0,0,0,30715,29049,1664,2,ACEH
2022-01-22,1,0,0,1,30716,29049,1664,3,ACEH
2022-01-23,0,0,1,-1,30716,29050,1664,2,ACEH
2022-01-24,1,0,0,1,30717,29050,1664,3,ACEH
2022-01-25,1,0,0,1,30718,29050,1664,4,ACEH
2022-01-26,2,0,0,2,30720,29050,1664,6,ACEH
2022-01-27,1,0,0,1,30721,29050,1664,7,ACEH
2022-01-28,2,0,0,2,30723,29050,1664,9,ACEH
2022-01-29,2,0,0,2,30725,29050,1664,11,ACEH
2022-01-30,4,0,0,4,30729,29050,1664,15,ACEH
2022-01-31,3,0,3,0,30732,29053,1664,15,ACEH
2022-02-01,6,0,1,5,30738,29054,1664,20,ACEH
2022-02-02,6,0,0,6,30744,29054,1664,26,ACEH
2022-02-03,11,0,0,11,30755,29054,1664,37,ACEH
2022-02-04,14,0,1,13,30769,29055,1664,50,ACEH
2022-02-05,11,0,2,9,30780,29057,1664,59,ACEH
2022-02-06,6,1,1,4,30786,29058,1665,63,ACEH
2022-02-07,15,0,1,14,30801,29059,1665,77,ACEH
2022-02-08,71,1,3,67,30872,29062,1666,144,ACEH
2022-02-09,35,1,1,33,30907,29063,1667,177,ACEH
2022-02-10,32,0,6,26,30939,29069,1667,203,ACEH
2022-02-11,27,1,3,23,30966,29072,1668,226,ACEH
2022-02-12,35,1,4,30,31001,29076,1669,256,ACEH
2022-02-13,38,0,4,34,31039,29080,1669,290,ACEH
2022-02-14,25,0,1,24,31064,29081,1669,314,ACEH
2022-02-15,57,0,12,45,31121,29093,1669,359,ACEH
2022-02-16,96,0,12,84,31217,29105,1669,443,ACEH
2022-02-17,76,1,9,66,31293,29114,1670,509,ACEH
2022-02-18,77,0,59,18,31370,29173,1670,527,ACEH
2022-02-19,70,2,21,47,31440,29194,1672,574,ACEH
2022-02-20,49,0,27,22,31489,29221,1672,596,ACEH
2022-02-21,42,0,5,37,31531,29226,1672,633,ACEH
2022-02-22,90,1,44,45,31621,29270,1673,678,ACEH
2022-02-23,94,3,46,45,31715,29316,1676,723,ACEH
2022-02-24,105,3,29,73,31820,29345,1679,796,ACEH
2022-02-25,136,0,27,109,31956,29372,1679,905,ACEH
2022-02-26,152,2,44,106,32108,29416,1681,1011,ACEH
2022-02-27,113,1,48,64,32221,29464,1682,1075,ACEH
2022-02-28,20,1,34,-15,32241,29498,1683,1060,ACEH
2022-03-01,123,1,32,90,32364,29530,1684,1150,ACEH
2022-03-02,186,2,61,123,32550,29591,1686,1273,ACEH
2022-03-03,163,1,78,84,32713,29669,1687,1357,ACEH
2022-03-04,112,3,64,45,32825,29733,1690,1402,ACEH
2022-03-05,140,1,90,49,32965,29823,1691,1451,ACEH
2022-03-06,115,3,52,60,33080,29875,1694,1511,ACEH
2022-03-07,107,3,72,32,33187,29947,1697,1543,ACEH
2022-03-08,151,5,59,87,33338,30006,1702,1630,ACEH
2022-03-09,170,5,104,61,33508,30110,1707,1691,ACEH
2022-03-10,91,1,129,-39,33599,30239,1708,1652,ACEH
2022-03-11,100,1,63,36,33699,30302,1709,1688,ACEH
2022-03-12,86,3,62,21,33785,30364,1712,1709,ACEH
2022-03-13,36,4,60,-28,33821,30424,1716,1681,ACEH
2022-03-14,34,3,96,-65,33855,30520,1719,1616,ACEH
2022-03-15,221,2,110,109,34076,30630,1721,1725,ACEH
2022-03-16,193,1,79,113,34269,30709,1722,1838,ACEH
2022-03-17,98,3,19,76,34367,30728,1725,1914,ACEH
2022-03-18,80,1,142,-63,34447,30870,1726,1851,ACEH
2022-03-19,19,4,98,-83,34466,30968,1730,1768,ACEH
2022-03-20,48,4,43,1,34514,31011,1734,1769,ACEH
2022-03-21,10,2,79,-71,34524,31090,1736,1698,ACEH
2022-03-22,80,3,146,-69,34604,31236,1739,1629,ACEH
2022-03-23,29,2,127,-100,34633,31363,1741,1529,ACEH
2022-03-24,31,2,182,-153,34664,31545,1743,1376,ACEH
2022-03-25,50,2,55,-7,34714,31600,1745,1369,ACEH
2022-03-26,11,1,39,-29,34725,31639,1746,1340,ACEH
2022-03-27,21,2,114,-95,34746,31753,1748,1245,ACEH
2022-03-28,15,3,58,-46,34761,31811,1751,1199,ACEH
2022-03-29,22,3,154,-135,34783,31965,1754,1064,ACEH
2022-03-30,24,3,139,-118,34807,32104,1757,946,ACEH
2022-03-31,17,3,109,-95,34824,32213,1760,851,ACEH
2022-04-01,9,1,71,-63,34833,32284,1761,788,ACEH
2022-04-02,7,2,48,-43,34840,32332,1763,745,ACEH
2022-04-03,6,0,112,-106,34846,32444,1763,639,ACEH
2022-04-04,6,1,76,-71,34852,32520,1764,568,ACEH
2022-04-05,9,2,96,-89,34861,32616,1766,479,ACEH
2022-04-06,9,1,26,-18,34870,32642,1767,461,ACEH
2022-04-07,9,1,76,-68,34879,32718,1768,393,ACEH
2022-04-08,9,3,119,-113,34888,32837,1771,280,ACEH
2022-04-09,2,0,13,-11,34890,32850,1771,269,ACEH
2022-04-10,4,2,14,-12,34894,32864,1773,257,ACEH
2022-04-11,5,2,8,-5,34899,32872,1775,252,ACEH
2022-04-12,5,2,16,-13,34904,32888,1777,239,ACEH
2022-04-13,14,1,20,-7,34918,32908,1778,232,ACEH
2022-04-14,7,1,55,-49,34925,32963,1779,183,ACEH
2022-04-15,0,0,6,-6,34925,32969,1779,177,ACEH
2022-04-16,3,1,23,-21,34928,32992,1780,156,ACEH
2022-04-17,0,0,38,-38,34928,33030,1780,118,ACEH
2022-04-18,2,1,18,-17,34930,33048,1781,101,ACEH
2022-04-19,6,2,17,-13,34936,33065,1783,88,ACEH
2022-04-20,2,2,13,-13,34938,33078,1785,75,ACEH
2022-04-21,1,0,8,-7,34939,33086,1785,68,ACEH
2022-04-22,0,0,4,-4,34939,33090,1785,64,ACEH
2022-04-23,0,0,2,-2,34939,33092,1785,62,ACEH
2022-04-24,0,0,4,-4,34939,33096,1785,58,ACEH
2022-04-25,1,0,18,-17,34940,33114,1785,41,ACEH
2022-04-26,0,0,11,-11,34940,33125,1785,30,ACEH
2022-04-27,7,3,7,-3,34947,33132,1788,27,ACEH
2022-04-28,1,0,3,-2,34948,33135,1788,25,ACEH
2022-04-29,0,0,2,-2,34948,33137,1788,23,ACEH
2022-04-30,0,0,1,-1,34948,33138,1788,22,ACEH
2022-05-01,0,0,1,-1,34948,33139,1788,21,ACEH
2022-05-02,0,0,2,-2,34948,33141,1788,19,ACEH
2022-05-03,0,0,1,-1,34948,33142,1788,18,ACEH
2022-05-04,0,0,2,-2,34948,33144,1788,16,ACEH
2022-05-05,0,0,1,-1,34948,33145,1788,15,ACEH
2022-05-06,0,0,2,-2,34948,33147,1788,13,ACEH
2022-05-07,0,0,2,-2,34948,33149,1788,11,ACEH
2022-05-08,0,0,5,-5,34948,33154,1788,6,ACEH
2022-05-09,0,0,2,-2,34948,33156,1788,4,ACEH
2022-05-10,0,0,1,-1,34948,33157,1788,3,ACEH
2022-05-11,0,0,1,-1,34948,33158,1788,2,ACEH
2022-05-12,0,0,1,-1,34948,33159,1788,1,ACEH
2022-05-13,0,0,0,0,34948,33159,1788,1,ACEH
2022-05-14,0,0,0,0,34948,33159,1788,1,ACEH
2022-05-15,0,0,0,0,34948,33159,1788,1,ACEH
2022-05-16,0,0,1,-1,34948,33160,1788,0,ACEH
2022-05-17,0,0,0,0,34948,33160,1788,0,ACEH
2022-05-18,0,0,0,0,34948,33160,1788,0,ACEH
2022-05-19,0,0,0,0,34948,33160,1788,0,ACEH
2022-05-20,0,0,0,0,34948,33160,1788,0,ACEH
2022-05-21,0,0,0,0,34948,33160,1788,0,ACEH
2022-05-22,0,0,0,0,34948,33160,1788,0,ACEH
2022-05-23,0,0,0,0,34948,33160,1788,0,ACEH
2022-05-24,1,0,0,1,34949,33160,1788,1,ACEH
2022-05-25,0,0,0,0,34949,33160,1788,1,ACEH
2022-05-26,1,0,0,1,34950,33160,1788,2,ACEH
2022-05-27,0,0,0,0,34950,33160,1788,2,ACEH
2022-05-28,0,0,0,0,34950,33160,1788,2,ACEH
2022-05-29,0,0,0,0,34950,33160,1788,2,ACEH
2022-05-30,0,0,0,0,34950,33160,1788,2,ACEH
2022-05-31,0,0,0,0,34950,33160,1788,2,ACEH
2022-06-01,0,0,0,0,34950,33160,1788,2,ACEH
2022-06-02,0,0,0,0,34950,33160,1788,2,ACEH
2022-06-03,0,0,1,-1,34950,33161,1788,1,ACEH
2022-06-04,0,0,0,0,34950,33161,1788,1,ACEH
2022-06-05,0,0,0,0,34950,33161,1788,1,ACEH
2022-06-06,0,0,1,-1,34950,33162,1788,0,ACEH
2022-06-07,0,0,0,0,34950,33162,1788,0,ACEH
2022-06-08,0,0,0,0,34950,33162,1788,0,ACEH
2022-06-09,0,0,0,0,34950,33162,1788,0,ACEH
2022-06-10,0,0,0,0,34950,33162,1788,0,ACEH
2022-06-11,0,0,0,0,34950,33162,1788,0,ACEH
2022-06-12,0,0,0,0,34950,33162,1788,0,ACEH
2022-06-13,0,0,0,0,34950,33162,1788,0,ACEH
2022-06-14,0,0,0,0,34950,33162,1788,0,ACEH
2022-06-15,0,0,0,0,34950,33162,1788,0,ACEH
2022-06-16,0,0,0,0,34950,33162,1788,0,ACEH
2022-06-17,0,0,0,0,34950,33162,1788,0,ACEH
2022-06-18,0,0,0,0,34950,33162,1788,0,ACEH
2022-06-19,0,0,0,0,34950,33162,1788,0,ACEH
2022-06-20,0,0,0,0,34950,33162,1788,0,ACEH
2022-06-21,0,0,0,0,34950,33162,1788,0,ACEH
2022-06-22,0,0,0,0,34950,33162,1788,0,ACEH
2022-06-23,0,0,0,0,34950,33162,1788,0,ACEH
2022-06-24,0,0,0,0,34950,33162,1788,0,ACEH
2022-06-25,1,0,0,1,34951,33162,1788,1,ACEH
2022-06-26,0,0,0,0,34951,33162,1788,1,ACEH
2022-06-27,0,0,0,0,34951,33162,1788,1,ACEH
2022-06-28,0,0,0,0,34951,33162,1788,1,ACEH
2022-06-29,0,0,0,0,34951,33162,1788,1,ACEH
2022-06-30,0,0,0,0,34951,33162,1788,1,ACEH
2022-07-01,0,0,0,0,34951,33162,1788,1,ACEH
2022-07-02,0,0,0,0,34951,33162,1788,1,ACEH
2022-07-03,0,0,0,0,34951,33162,1788,1,ACEH
2022-07-04,0,0,0,0,34951,33162,1788,1,ACEH
2022-07-05,0,0,0,0,34951,33162,1788,1,ACEH
2022-07-06,0,0,1,-1,34951,33163,1788,0,ACEH
2022-07-07,0,0,0,0,34951,33163,1788,0,ACEH
2022-07-08,0,0,0,0,34951,33163,1788,0,ACEH
2022-07-09,0,0,0,0,34951,33163,1788,0,ACEH
2022-07-10,0,0,0,0,34951,33163,1788,0,ACEH
2022-07-11,0,0,0,0,34951,33163,1788,0,ACEH
2022-07-12,0,0,0,0,34951,33163,1788,0,ACEH
2022-07-13,0,0,0,0,34951,33163,1788,0,ACEH
2022-07-14,3,0,0,3,34954,33163,1788,3,ACEH
2022-07-15,0,0,0,0,34954,33163,1788,3,ACEH
2022-07-16,1,0,0,1,34955,33163,1788,4,ACEH
2022-07-17,0,0,0,0,34955,33163,1788,4,ACEH
2022-07-18,0,0,0,0,34955,33163,1788,4,ACEH
2022-07-19,1,0,0,1,34956,33163,1788,5,ACEH
2022-07-20,0,0,0,0,34956,33163,1788,5,ACEH
2022-07-21,0,0,0,0,34956,33163,1788,5,ACEH
2022-07-22,0,0,1,-1,34956,33164,1788,4,ACEH
2022-07-23,0,0,0,0,34956,33164,1788,4,ACEH
2022-07-24,0,0,0,0,34956,33164,1788,4,ACEH
2022-07-25,1,0,3,-2,34957,33167,1788,2,ACEH
2022-07-26,0,0,1,-1,34957,33168,1788,1,ACEH
2022-07-27,5,0,0,5,34962,33168,1788,6,ACEH
2022-07-28,0,0,0,0,34962,33168,1788,6,ACEH
2022-07-29,4,0,0,4,34966,33168,1788,10,ACEH
2022-07-30,0,0,0,0,34966,33168,1788,10,ACEH
2022-07-31,0,0,0,0,34966,33168,1788,10,ACEH
2022-08-01,1,0,0,1,34967,33168,1788,11,ACEH
2022-08-02,4,0,1,3,34971,33169,1788,14,ACEH
2022-08-03,1,0,4,-3,34972,33173,1788,11,ACEH
2022-08-04,2,0,0,2,34974,33173,1788,13,ACEH
2022-08-05,2,0,1,1,34976,33174,1788,14,ACEH
2022-08-06,3,0,0,3,34979,33174,1788,17,ACEH
2022-08-07,2,0,2,0,34981,33176,1788,17,ACEH
2022-08-08,3,0,0,3,34984,33176,1788,20,ACEH
2022-08-09,0,0,0,0,34984,33176,1788,20,ACEH
2022-08-10,9,0,6,3,34993,33182,1788,23,ACEH
2022-08-11,5,0,3,2,34998,33185,1788,25,ACEH
2022-08-12,4,0,2,2,35002,33187,1788,27,ACEH
2022-08-13,4,0,2,2,35006,33189,1788,29,ACEH
2022-08-14,4,0,0,4,35010,33189,1788,33,ACEH
2022-08-15,7,0,3,4,35017,33192,1788,37,ACEH
2022-08-16,4,0,0,4,35021,33192,1788,41,ACEH
2022-08-17,8,1,2,5,35029,33194,1789,46,ACEH
2022-08-18,4,1,5,-2,35033,33199,1790,44,ACEH
2022-08-19,3,0,7,-4,35036,33206,1790,40,ACEH
2022-08-20,2,1,4,-3,35038,33210,1791,37,ACEH
2022-08-21,5,0,3,2,35043,33213,1791,39,ACEH
2022-08-22,2,0,3,-1,35045,33216,1791,38,ACEH
2022-08-23,9,0,7,2,35054,33223,1791,40,ACEH
2022-08-24,7,0,5,2,35061,33228,1791,42,ACEH
2022-08-25,3,0,4,-1,35064,33232,1791,41,ACEH
2022-08-26,4,0,6,-2,35068,33238,1791,39,ACEH
2022-08-27,5,0,3,2,35073,33241,1791,41,ACEH
2022-08-28,5,0,3,2,35078,33244,1791,43,ACEH
2022-08-29,4,0,0,4,35082,33244,1791,47,ACEH
2022-08-30,16,1,9,6,35098,33253,1792,53,ACEH
2022-08-31,6,0,4,2,35104,33257,1792,55,ACEH
2022-09-01,10,0,6,4,35114,33263,1792,59,ACEH
2022-09-02,14,0,7,7,35128,33270,1792,66,ACEH
2022-09-03,7,1,7,-1,35135,33277,1793,65,ACEH
2022-09-04,5,1,4,0,35140,33281,1794,65,ACEH
2022-09-05,2,0,3,-1,35142,33284,1794,64,ACEH
2022-09-06,13,0,6,7,35155,33290,1794,71,ACEH
2022-09-07,10,0,6,4,35165,33296,1794,75,ACEH
2022-09-08,12,0,8,4,35177,33304,1794,79,ACEH
2022-09-09,7,0,10,-3,35184,33314,1794,76,ACEH
2022-09-10,6,0,8,-2,35190,33322,1794,74,ACEH
2022-09-11,3,0,5,-2,35193,33327,1794,72,ACEH
2022-09-12,7,0,6,1,35200,33333,1794,73,ACEH
2022-09-13,5,0,11,-6,35205,33344,1794,67,ACEH
2022-09-14,8,0,7,1,35213,33351,1794,68,ACEH
2022-09-15,18,0,15,3,35231,33366,1794,71,ACEH
2022-09-16,14,0,12,2,35245,33378,1794,73,ACEH
2022-09-17,0,1,6,-7,35245,33384,1795,66,ACEH
2022-09-18,5,1,6,-2,35250,33390,1796,64,ACEH
2022-09-19,2,0,2,0,35252,33392,1796,64,ACEH
2022-09-20,11,0,3,8,35263,33395,1796,72,ACEH
2022-09-21,14,0,6,8,35277,33401,1796,80,ACEH
2022-09-22,6,0,7,-1,35283,33408,1796,79,ACEH
2022-09-23,8,1,9,-2,35291,33417,1797,77,ACEH
2022-09-24,11,1,9,1,35302,33426,1798,78,ACEH
2022-09-25,5,0,3,2,35307,33429,1798,80,ACEH
2022-09-26,6,2,5,-1,35313,33434,1800,79,ACEH
2022-09-27,3,0,4,-1,35316,33438,1800,78,ACEH
2022-09-28,12,0,1,11,35328,33439,1800,89,ACEH
2022-09-29,1,0,0,1,35329,33439,1800,90,ACEH
2022-09-30,9,0,0,9,35338,33439,1800,99,ACEH
2020-03-17,1,1,0,0,1,0,1,0,SUMATERA UTARA
2020-03-18,0,0,0,0,1,0,1,0,SUMATERA UTARA
2020-03-19,0,0,0,0,1,0,1,0,SUMATERA UTARA
2020-03-20,0,0,0,0,1,0,1,0,SUMATERA UTARA
2020-03-21,0,0,0,0,1,0,1,0,SUMATERA UTARA
2020-03-22,0,0,0,0,1,0,1,0,SUMATERA UTARA
2020-03-23,0,0,0,0,1,0,1,0,SUMATERA UTARA
2020-03-24,0,0,0,0,1,0,1,0,SUMATERA UTARA
2020-03-25,0,0,0,0,1,0,1,0,SUMATERA UTARA
2020-03-26,0,0,0,0,1,0,1,0,SUMATERA UTARA
2020-03-27,0,1,0,-1,1,0,2,-1,SUMATERA UTARA
2020-03-28,0,0,0,0,1,0,2,-1,SUMATERA UTARA
2020-03-29,0,0,0,0,1,0,2,-1,SUMATERA UTARA
2020-03-30,4,0,0,4,5,0,2,3,SUMATERA UTARA
2020-03-31,3,2,0,1,8,0,4,4,SUMATERA UTARA
2020-04-01,2,0,0,2,10,0,4,6,SUMATERA UTARA
2020-04-02,0,0,0,0,10,0,4,6,SUMATERA UTARA
2020-04-03,0,0,0,0,10,0,4,6,SUMATERA UTARA
2020-04-04,2,0,0,2,12,0,4,8,SUMATERA UTARA
2020-04-05,0,0,0,0,12,0,4,8,SUMATERA UTARA
2020-04-06,1,0,0,1,13,0,4,9,SUMATERA UTARA
2020-04-07,0,0,0,0,13,0,4,9,SUMATERA UTARA
2020-04-08,24,0,0,24,37,0,4,33,SUMATERA UTARA
2020-04-09,0,0,0,0,37,0,4,33,SUMATERA UTARA
2020-04-10,4,0,5,-1,41,5,4,32,SUMATERA UTARA
2020-04-11,0,3,0,-3,41,5,7,29,SUMATERA UTARA
2020-04-12,9,0,0,9,50,5,7,38,SUMATERA UTARA
2020-04-13,2,1,0,1,52,5,8,39,SUMATERA UTARA
2020-04-14,4,0,1,3,56,6,8,42,SUMATERA UTARA
2020-04-15,5,0,0,5,61,6,8,47,SUMATERA UTARA
2020-04-16,1,0,2,-1,62,8,8,46,SUMATERA UTARA
2020-04-17,0,0,0,0,62,8,8,46,SUMATERA UTARA
2020-04-18,0,0,0,0,62,8,8,46,SUMATERA UTARA
2020-04-19,2,0,0,2,64,8,8,48,SUMATERA UTARA
2020-04-20,2,0,1,1,66,9,8,49,SUMATERA UTARA
2020-04-21,1,0,0,1,67,9,8,50,SUMATERA UTARA
2020-04-22,8,0,4,4,75,13,8,54,SUMATERA UTARA
2020-04-23,1,1,0,0,76,13,9,54,SUMATERA UTARA
2020-04-24,1,0,0,1,77,13,9,55,SUMATERA UTARA
2020-04-25,7,1,0,6,84,13,10,61,SUMATERA UTARA
2020-04-26,5,0,5,0,89,18,10,61,SUMATERA UTARA
2020-04-27,0,0,6,-6,89,24,10,55,SUMATERA UTARA
2020-04-28,0,1,0,-1,89,24,11,54,SUMATERA UTARA
2020-04-29,2,0,5,-3,91,29,11,51,SUMATERA UTARA
2020-04-30,2,1,1,0,93,30,12,51,SUMATERA UTARA
2020-05-01,0,0,0,0,93,30,12,51,SUMATERA UTARA
2020-05-02,0,0,0,0,93,30,12,51,SUMATERA UTARA
2020-05-03,6,0,0,6,99,30,12,57,SUMATERA UTARA
2020-05-04,5,0,0,5,104,30,12,62,SUMATERA UTARA
2020-05-05,1,0,2,-1,105,32,12,61,SUMATERA UTARA
2020-05-06,7,4,0,3,112,32,16,64,SUMATERA UTARA
2020-05-07,1,0,4,-3,113,36,16,61,SUMATERA UTARA
2020-05-08,12,0,0,12,125,36,16,73,SUMATERA UTARA
2020-05-09,14,3,0,11,139,36,19,84,SUMATERA UTARA
2020-05-10,0,0,0,0,139,36,19,84,SUMATERA UTARA
2020-05-11,15,1,0,14,154,36,20,98,SUMATERA UTARA
2020-05-12,1,0,4,-3,155,40,20,95,SUMATERA UTARA
2020-05-13,1,0,0,1,156,40,20,96,SUMATERA UTARA
2020-05-14,2,0,0,2,158,40,20,98,SUMATERA UTARA
2020-05-15,0,0,0,0,158,40,20,98,SUMATERA UTARA
2020-05-16,0,0,0,0,158,40,20,98,SUMATERA UTARA
2020-05-17,12,1,5,6,170,45,21,104,SUMATERA UTARA
2020-05-18,4,0,0,4,174,45,21,108,SUMATERA UTARA
2020-05-19,7,1,0,6,181,45,22,114,SUMATERA UTARA
2020-05-20,12,1,9,2,193,54,23,116,SUMATERA UTARA
2020-05-21,15,1,0,14,208,54,24,130,SUMATERA UTARA
2020-05-22,9,1,25,-17,217,79,25,113,SUMATERA UTARA
2020-05-23,9,0,0,9,226,79,25,122,SUMATERA UTARA
2020-05-24,16,1,4,11,242,83,26,133,SUMATERA UTARA
2020-05-25,4,0,2,2,246,85,26,135,SUMATERA UTARA
2020-05-26,0,0,0,0,246,85,26,135,SUMATERA UTARA
2020-05-27,14,1,2,11,260,87,27,146,SUMATERA UTARA
2020-05-28,23,1,1,21,283,88,28,167,SUMATERA UTARA
2020-05-29,30,0,0,30,313,88,28,197,SUMATERA UTARA
2020-05-30,6,2,3,1,319,91,30,198,SUMATERA UTARA
2020-05-31,3,0,23,-20,322,114,30,178,SUMATERA UTARA
2020-06-01,6,0,3,3,328,117,30,181,SUMATERA UTARA
2020-06-02,1,0,2,-1,329,119,30,180,SUMATERA UTARA
2020-06-03,19,1,5,13,348,124,31,193,SUMATERA UTARA
2020-06-04,34,1,7,26,382,131,32,219,SUMATERA UTARA
2020-06-05,44,1,3,40,426,134,33,259,SUMATERA UTARA
2020-06-06,50,0,6,44,476,140,33,303,SUMATERA UTARA
2020-06-07,0,0,0,0,476,140,33,303,SUMATERA UTARA
2020-06-08,2,2,8,-8,478,148,35,295,SUMATERA UTARA
2020-06-09,9,3,0,6,487,148,38,301,SUMATERA UTARA
2020-06-10,12,0,4,8,499,152,38,309,SUMATERA UTARA
2020-06-11,39,3,8,28,538,160,41,337,SUMATERA UTARA
2020-06-12,64,1,0,63,602,160,42,400,SUMATERA UTARA
2020-06-13,78,2,0,76,680,160,44,476,SUMATERA UTARA
2020-06-14,8,0,4,4,688,164,44,480,SUMATERA UTARA
2020-06-15,50,4,3,43,738,167,48,523,SUMATERA UTARA
2020-06-16,18,1,3,14,756,170,49,537,SUMATERA UTARA
2020-06-17,13,0,4,9,769,174,49,546,SUMATERA UTARA
2020-06-18,17,0,6,11,786,180,49,557,SUMATERA UTARA
2020-06-19,26,0,12,14,812,192,49,571,SUMATERA UTARA
2020-06-20,49,2,4,43,861,196,51,614,SUMATERA UTARA
2020-06-21,11,2,4,5,872,200,53,619,SUMATERA UTARA
2020-06-22,18,3,3,12,890,203,56,631,SUMATERA UTARA
2020-06-23,97,3,3,91,987,206,59,722,SUMATERA UTARA
2020-06-24,47,2,6,39,1034,212,61,761,SUMATERA UTARA
2020-06-25,54,2,17,35,1088,229,63,796,SUMATERA UTARA
2020-06-26,10,2,51,-43,1098,280,65,753,SUMATERA UTARA
2020-06-27,61,4,14,43,1159,294,69,796,SUMATERA UTARA
2020-06-28,19,0,7,12,1178,301,69,808,SUMATERA UTARA
2020-06-29,11,0,14,-3,1189,315,69,805,SUMATERA UTARA
2020-06-30,59,1,5,53,1248,320,70,858,SUMATERA UTARA
2020-07-01,38,5,10,23,1286,330,75,881,SUMATERA UTARA
2020-07-02,68,2,6,60,1354,336,77,941,SUMATERA UTARA
2020-07-03,28,1,10,17,1382,346,78,958,SUMATERA UTARA
2020-07-04,35,3,18,14,1417,364,81,972,SUMATERA UTARA
2020-07-05,10,0,15,-5,1427,379,81,967,SUMATERA UTARA
2020-07-06,19,3,6,10,1446,385,84,977,SUMATERA UTARA
2020-07-07,20,0,6,14,1466,391,84,991,SUMATERA UTARA
2020-07-08,123,1,9,113,1589,400,85,1104,SUMATERA UTARA
2020-07-09,90,5,9,76,1679,409,90,1180,SUMATERA UTARA
2020-07-10,86,1,10,75,1765,419,91,1255,SUMATERA UTARA
2020-07-11,72,4,13,55,1837,432,95,1310,SUMATERA UTARA
2020-07-12,29,2,20,7,1866,452,97,1317,SUMATERA UTARA
2020-07-13,40,2,13,25,1906,465,99,1342,SUMATERA UTARA
2020-07-14,102,5,20,77,2008,485,104,1419,SUMATERA UTARA
2020-07-15,77,0,7,70,2085,492,104,1489,SUMATERA UTARA
2020-07-16,79,4,24,51,2164,516,108,1540,SUMATERA UTARA
2020-07-17,60,6,18,36,2224,534,114,1576,SUMATERA UTARA
2020-07-18,125,2,34,89,2349,568,116,1665,SUMATERA UTARA
2020-07-19,9,1,22,-14,2358,590,117,1651,SUMATERA UTARA
2020-07-20,13,3,42,-32,2371,632,120,1619,SUMATERA UTARA
2020-07-21,34,4,24,6,2405,656,124,1625,SUMATERA UTARA
2020-07-22,134,4,21,109,2539,677,128,1734,SUMATERA UTARA
2020-07-23,81,5,15,61,2620,692,133,1795,SUMATERA UTARA
2020-07-24,39,2,24,13,2659,716,135,1808,SUMATERA UTARA
2020-07-25,41,1,17,23,2700,733,136,1831,SUMATERA UTARA
2020-07-26,18,2,11,5,2718,744,138,1836,SUMATERA UTARA
2020-07-27,39,1,10,28,2757,754,139,1864,SUMATERA UTARA
2020-07-28,64,1,16,47,2821,770,140,1911,SUMATERA UTARA
2020-07-29,193,3,20,170,3014,790,143,2081,SUMATERA UTARA
2020-07-30,57,4,211,-158,3071,1001,147,1923,SUMATERA UTARA
2020-07-31,88,4,84,0,3159,1085,151,1923,SUMATERA UTARA
2020-08-01,27,1,110,-84,3186,1195,152,1839,SUMATERA UTARA
2020-08-02,140,6,104,30,3326,1299,158,1869,SUMATERA UTARA
2020-08-03,44,1,30,13,3370,1329,159,1882,SUMATERA UTARA
2020-08-04,56,5,51,0,3426,1380,164,1882,SUMATERA UTARA
2020-08-05,112,2,62,48,3538,1442,166,1930,SUMATERA UTARA
2020-08-06,70,0,59,11,3608,1501,166,1941,SUMATERA UTARA
2020-08-07,171,8,45,118,3779,1546,174,2059,SUMATERA UTARA
2020-08-08,80,1,105,-26,3859,1651,175,2033,SUMATERA UTARA
2020-08-09,18,1,31,-14,3877,1682,176,2019,SUMATERA UTARA
2020-08-10,108,1,21,86,3985,1703,177,2105,SUMATERA UTARA
2020-08-11,159,4,31,124,4144,1734,181,2229,SUMATERA UTARA
2020-08-12,93,2,39,52,4237,1773,183,2281,SUMATERA UTARA
2020-08-13,72,5,121,-54,4309,1894,188,2227,SUMATERA UTARA
2020-08-14,58,3,87,-32,4367,1981,191,2195,SUMATERA UTARA
2020-08-15,148,3,54,91,4515,2035,194,2286,SUMATERA UTARA
2020-08-16,39,2,84,-47,4554,2119,196,2239,SUMATERA UTARA
2020-08-17,13,3,39,-29,4567,2158,199,2210,SUMATERA UTARA
2020-08-18,105,4,62,39,4672,2220,203,2249,SUMATERA UTARA
2020-08-19,61,3,72,-14,4733,2292,206,2235,SUMATERA UTARA
2020-08-20,49,8,64,-23,4782,2356,214,2212,SUMATERA UTARA
2020-08-21,19,2,60,-43,4801,2416,216,2169,SUMATERA UTARA
2020-08-22,54,5,67,-18,4855,2483,221,2151,SUMATERA UTARA
2020-08-23,60,2,61,-3,4915,2544,223,2148,SUMATERA UTARA
2020-08-24,30,4,52,-26,4945,2596,227,2122,SUMATERA UTARA
2020-08-25,109,2,85,22,5054,2681,229,2144,SUMATERA UTARA
2020-08-26,106,2,96,8,5160,2777,231,2152,SUMATERA UTARA
2020-08-27,78,6,95,-23,5238,2872,237,2129,SUMATERA UTARA
2020-08-28,64,7,103,-46,5302,2975,244,2083,SUMATERA UTARA
2020-08-29,82,4,89,-11,5384,3064,248,2072,SUMATERA UTARA
2020-08-30,33,2,74,-43,5417,3138,250,2029,SUMATERA UTARA
2020-08-31,47,3,47,-3,5464,3185,253,2026,SUMATERA UTARA
2020-09-01,92,2,86,4,5556,3271,255,2030,SUMATERA UTARA
2020-09-02,146,1,90,55,5702,3361,256,2085,SUMATERA UTARA
2020-09-03,113,1,89,23,5815,3450,257,2108,SUMATERA UTARA
2020-09-04,108,1,41,66,5923,3491,258,2174,SUMATERA UTARA
2020-09-05,142,5,92,45,6065,3583,263,2219,SUMATERA UTARA
2020-09-06,69,1,80,-12,6134,3663,264,2207,SUMATERA UTARA
2020-09-07,68,2,75,-9,6202,3738,266,2198,SUMATERA UTARA
2020-09-08,84,3,70,11,6286,3808,269,2209,SUMATERA UTARA
2020-09-09,105,1,77,27,6391,3885,270,2236,SUMATERA UTARA
2020-09-10,112,3,43,66,6503,3928,273,2302,SUMATERA UTARA
2020-09-11,103,2,56,45,6606,3984,275,2347,SUMATERA UTARA
2020-09-12,105,5,70,30,6711,4054,280,2377,SUMATERA UTARA
2020-09-13,85,0,49,36,6796,4103,280,2413,SUMATERA UTARA
2020-09-14,83,6,47,30,6879,4150,286,2443,SUMATERA UTARA
2020-09-15,203,6,77,120,7082,4227,292,2563,SUMATERA UTARA
2020-09-16,97,4,50,43,7179,4277,296,2606,SUMATERA UTARA
2020-09-17,98,5,62,31,7277,4339,301,2637,SUMATERA UTARA
2020-09-18,99,10,54,35,7376,4393,311,2672,SUMATERA UTARA
2020-09-19,76,4,65,7,7452,4458,315,2679,SUMATERA UTARA
2020-09-20,76,4,77,-5,7528,4535,319,2674,SUMATERA UTARA
2020-09-21,77,1,58,18,7605,4593,320,2692,SUMATERA UTARA
2020-09-22,74,1,40,33,7679,4633,321,2725,SUMATERA UTARA
2020-09-23,66,5,91,-30,7745,4724,326,2695,SUMATERA UTARA
2020-09-24,78,2,102,-26,7823,4826,328,2669,SUMATERA UTARA
2020-09-25,71,4,78,-11,7894,4904,332,2658,SUMATERA UTARA
2020-09-26,83,2,125,-44,7977,5029,334,2614,SUMATERA UTARA
2020-09-27,77,3,133,-59,8054,5162,337,2555,SUMATERA UTARA
2020-09-28,66,3,166,-103,8120,5328,340,2452,SUMATERA UTARA
2020-09-29,71,2,130,-61,8191,5458,342,2391,SUMATERA UTARA
2020-09-30,70,3,132,-65,8261,5590,345,2326,SUMATERA UTARA
2020-10-01,90,3,116,-29,8351,5706,348,2297,SUMATERA UTARA
2020-10-02,67,1,142,-76,8418,5848,349,2221,SUMATERA UTARA
2020-10-03,65,1,98,-34,8483,5946,350,2187,SUMATERA UTARA
2020-10-04,66,5,91,-30,8549,6037,355,2157,SUMATERA UTARA
2020-10-05,75,1,103,-29,8624,6140,356,2128,SUMATERA UTARA
2020-10-06,82,2,161,-81,8706,6301,358,2047,SUMATERA UTARA
2020-10-07,79,2,141,-64,8785,6442,360,1983,SUMATERA UTARA
2020-10-08,72,5,159,-92,8857,6601,365,1891,SUMATERA UTARA
2020-10-09,82,2,138,-58,8939,6739,367,1833,SUMATERA UTARA
2020-10-10,69,0,122,-53,9008,6861,367,1780,SUMATERA UTARA
2020-10-11,70,4,129,-63,9078,6990,371,1717,SUMATERA UTARA
2020-10-12,64,4,137,-77,9142,7127,375,1640,SUMATERA UTARA
2020-10-13,72,6,100,-34,9214,7227,381,1606,SUMATERA UTARA
2020-10-14,75,3,121,-49,9289,7348,384,1557,SUMATERA UTARA
2020-10-15,77,4,89,-16,9366,7437,388,1541,SUMATERA UTARA
2020-10-16,70,3,91,-24,9436,7528,391,1517,SUMATERA UTARA
2020-10-17,66,4,88,-26,9502,7616,395,1491,SUMATERA UTARA
2020-10-18,70,2,84,-16,9572,7700,397,1475,SUMATERA UTARA
2020-10-19,78,3,89,-14,9650,7789,400,1461,SUMATERA UTARA
2020-10-20,73,2,78,-7,9723,7867,402,1454,SUMATERA UTARA
2020-10-21,70,3,64,3,9793,7931,405,1457,SUMATERA UTARA
2020-10-22,66,3,65,-2,9859,7996,408,1455,SUMATERA UTARA
2020-10-23,71,1,58,12,9930,8054,409,1467,SUMATERA UTARA
2020-10-24,67,0,58,9,9997,8112,409,1476,SUMATERA UTARA
2020-10-25,71,1,67,3,10068,8179,410,1479,SUMATERA UTARA
2020-10-26,79,6,73,0,10147,8252,416,1479,SUMATERA UTARA
2020-10-27,69,0,78,-9,10216,8330,416,1470,SUMATERA UTARA
2020-10-28,64,2,60,2,10280,8390,418,1472,SUMATERA UTARA
2020-10-29,74,2,65,7,10354,8455,420,1479,SUMATERA UTARA
2020-10-30,65,1,60,4,10419,8515,421,1483,SUMATERA UTARA
2020-10-31,73,3,72,-2,10492,8587,424,1481,SUMATERA UTARA
2020-11-01,69,3,56,10,10561,8643,427,1491,SUMATERA UTARA
2020-11-02,68,5,58,5,10629,8701,432,1496,SUMATERA UTARA
2020-11-03,64,4,55,5,10693,8756,436,1501,SUMATERA UTARA
2020-11-04,59,5,58,-4,10752,8814,441,1497,SUMATERA UTARA
2020-11-05,60,4,54,2,10812,8868,445,1499,SUMATERA UTARA
2020-11-06,63,4,51,8,10875,8919,449,1507,SUMATERA UTARA
2020-11-07,58,2,54,2,10933,8973,451,1509,SUMATERA UTARA
2020-11-08,60,1,52,7,10993,9025,452,1516,SUMATERA UTARA
2020-11-09,63,2,56,5,11056,9081,454,1521,SUMATERA UTARA
2020-11-10,63,1,55,7,11119,9136,455,1528,SUMATERA UTARA
2020-11-11,68,1,45,22,11187,9181,456,1550,SUMATERA UTARA
2020-11-12,62,2,60,0,11249,9241,458,1550,SUMATERA UTARA
2020-11-13,65,5,54,6,11314,9295,463,1556,SUMATERA UTARA
2020-11-14,60,1,42,17,11374,9337,464,1573,SUMATERA UTARA
2020-11-15,71,0,55,16,11445,9392,464,1589,SUMATERA UTARA
2020-11-16,97,3,82,12,11542,9474,467,1601,SUMATERA UTARA
2020-11-17,77,0,84,-7,11619,9558,467,1594,SUMATERA UTARA
2020-11-18,68,1,55,12,11687,9613,468,1606,SUMATERA UTARA
2020-11-19,66,2,57,7,11753,9670,470,1613,SUMATERA UTARA
2020-11-20,62,1,55,6,11815,9725,471,1619,SUMATERA UTARA
2020-11-21,63,2,64,-3,11878,9789,473,1616,SUMATERA UTARA
2020-11-22,60,3,57,0,11938,9846,476,1616,SUMATERA UTARA
2020-11-23,62,0,69,-7,12000,9915,476,1609,SUMATERA UTARA
2020-11-24,61,1,57,3,12061,9972,477,1612,SUMATERA UTARA
2020-11-25,68,2,58,8,12129,10030,479,1620,SUMATERA UTARA
2020-11-26,61,0,55,6,12190,10085,479,1626,SUMATERA UTARA
2020-11-27,71,4,66,1,12261,10151,483,1627,SUMATERA UTARA
2020-11-28,70,4,71,-5,12331,10222,487,1622,SUMATERA UTARA
2020-11-29,75,2,64,9,12406,10286,489,1631,SUMATERA UTARA
2020-11-30,59,2,62,-5,12465,10348,491,1626,SUMATERA UTARA
2020-12-01,67,2,65,0,12532,10413,493,1626,SUMATERA UTARA
2020-12-02,73,2,64,7,12605,10477,495,1633,SUMATERA UTARA
2020-12-03,69,3,65,1,12674,10542,498,1634,SUMATERA UTARA
2020-12-04,63,2,58,3,12737,10600,500,1637,SUMATERA UTARA
2020-12-05,65,1,60,4,12802,10660,501,1641,SUMATERA UTARA
2020-12-06,76,3,67,6,12878,10727,504,1647,SUMATERA UTARA
2020-12-07,60,3,62,-5,12938,10789,507,1642,SUMATERA UTARA
2020-12-08,71,0,66,5,13009,10855,507,1647,SUMATERA UTARA
2020-12-09,69,1,52,16,13078,10907,508,1663,SUMATERA UTARA
2020-12-10,62,0,70,-8,13140,10977,508,1655,SUMATERA UTARA
2020-12-11,65,2,61,2,13205,11038,510,1657,SUMATERA UTARA
2020-12-12,70,0,59,11,13275,11097,510,1668,SUMATERA UTARA
2020-12-13,75,0,71,4,13350,11168,510,1672,SUMATERA UTARA
2020-12-14,59,4,55,0,13409,11223,514,1672,SUMATERA UTARA
2020-12-15,59,1,51,7,13468,11274,515,1679,SUMATERA UTARA
2020-12-16,63,0,65,-2,13531,11339,515,1677,SUMATERA UTARA
2020-12-17,75,1,68,6,13606,11407,516,1683,SUMATERA UTARA
2020-12-18,73,1,56,16,13679,11463,517,1699,SUMATERA UTARA
2020-12-19,73,1,60,12,13752,11523,518,1711,SUMATERA UTARA
2020-12-20,67,4,73,-10,13819,11596,522,1701,SUMATERA UTARA
2020-12-21,73,2,69,2,13892,11665,524,1703,SUMATERA UTARA
2020-12-22,60,3,57,0,13952,11722,527,1703,SUMATERA UTARA
2020-12-23,61,2,71,-12,14013,11793,529,1691,SUMATERA UTARA
2020-12-24,61,4,65,-8,14074,11858,533,1683,SUMATERA UTARA
2020-12-25,59,0,61,-2,14133,11919,533,1681,SUMATERA UTARA
2020-12-26,61,0,57,4,14194,11976,533,1685,SUMATERA UTARA
2020-12-27,60,2,67,-9,14254,12043,535,1676,SUMATERA UTARA
2020-12-28,62,2,69,-9,14316,12112,537,1667,SUMATERA UTARA
2020-12-29,67,0,68,-1,14383,12180,537,1666,SUMATERA UTARA
2020-12-30,72,4,68,0,14455,12248,541,1666,SUMATERA UTARA
2020-12-31,58,0,67,-9,14513,12315,541,1657,SUMATERA UTARA
2021-01-01,63,1,64,-2,14576,12379,542,1655,SUMATERA UTARA
2021-01-02,75,1,67,7,14651,12446,543,1662,SUMATERA UTARA
2021-01-03,72,0,66,6,14723,12512,543,1668,SUMATERA UTARA
2021-01-04,74,1,73,0,14797,12585,544,1668,SUMATERA UTARA
2021-01-05,66,2,68,-4,14863,12653,546,1664,SUMATERA UTARA
2021-01-06,69,1,74,-6,14932,12727,547,1658,SUMATERA UTARA
2021-01-07,70,1,67,2,15002,12794,548,1660,SUMATERA UTARA
2021-01-08,69,4,61,4,15071,12855,552,1664,SUMATERA UTARA
2021-01-09,72,1,78,-7,15143,12933,553,1657,SUMATERA UTARA
2021-01-10,68,1,68,-1,15211,13001,554,1656,SUMATERA UTARA
2021-01-11,72,3,81,-12,15283,13082,557,1644,SUMATERA UTARA
2021-01-12,73,1,81,-9,15356,13163,558,1635,SUMATERA UTARA
2021-01-13,84,2,65,17,15440,13228,560,1652,SUMATERA UTARA
2021-01-14,66,2,71,-7,15506,13299,562,1645,SUMATERA UTARA
2021-01-15,79,0,67,12,15585,13366,562,1657,SUMATERA UTARA
2021-01-16,56,1,67,-12,15641,13433,563,1645,SUMATERA UTARA
2021-01-17,57,3,70,-16,15698,13503,566,1629,SUMATERA UTARA
2021-01-18,59,3,73,-17,15757,13576,569,1612,SUMATERA UTARA
2021-01-19,64,1,73,-10,15821,13649,570,1602,SUMATERA UTARA
2021-01-20,66,1,71,-6,15887,13720,571,1596,SUMATERA UTARA
2021-01-21,64,1,61,2,15951,13781,572,1598,SUMATERA UTARA
2021-01-22,66,3,65,-2,16017,13846,575,1596,SUMATERA UTARA
2021-01-23,73,1,64,8,16090,13910,576,1604,SUMATERA UTARA
2021-01-24,66,2,61,3,16156,13971,578,1607,SUMATERA UTARA
2021-01-25,75,4,70,1,16231,14041,582,1608,SUMATERA UTARA
2021-01-26,67,2,70,-5,16298,14111,584,1603,SUMATERA UTARA
2021-01-27,69,2,69,-2,16367,14180,586,1601,SUMATERA UTARA
2021-01-28,78,3,61,14,16445,14241,589,1615,SUMATERA UTARA
2021-01-29,77,1,67,9,16522,14308,590,1624,SUMATERA UTARA
2021-01-30,73,1,58,14,16595,14366,591,1638,SUMATERA UTARA
2021-01-31,72,1,70,1,16667,14436,592,1639,SUMATERA UTARA
2021-02-01,76,1,72,3,16743,14508,593,1642,SUMATERA UTARA
2021-02-02,109,1,84,24,16852,14592,594,1666,SUMATERA UTARA
2021-02-03,103,4,78,21,16955,14670,598,1687,SUMATERA UTARA
2021-02-04,97,3,90,4,17052,14760,601,1691,SUMATERA UTARA
2021-02-05,94,4,86,4,17146,14846,605,1695,SUMATERA UTARA
2021-02-06,76,2,85,-11,17222,14931,607,1684,SUMATERA UTARA
2021-02-07,134,0,106,28,17356,15037,607,1712,SUMATERA UTARA
2021-02-08,115,2,98,15,17471,15135,609,1727,SUMATERA UTARA
2021-02-09,144,2,110,32,17615,15245,611,1759,SUMATERA UTARA
2021-02-10,185,4,76,105,17800,15321,615,1864,SUMATERA UTARA
2021-02-11,102,2,88,12,17902,15409,617,1876,SUMATERA UTARA
2021-02-12,136,3,85,48,18038,15494,620,1924,SUMATERA UTARA
2021-02-13,118,0,86,32,18156,15580,620,1956,SUMATERA UTARA
2021-02-14,92,3,85,4,18248,15665,623,1960,SUMATERA UTARA
2021-02-15,111,4,89,18,18359,15754,627,1978,SUMATERA UTARA
2021-02-16,91,1,51,39,18450,15805,628,2017,SUMATERA UTARA
2021-02-17,96,2,132,-38,18546,15937,630,1979,SUMATERA UTARA
2021-02-18,81,4,125,-48,18627,16062,634,1931,SUMATERA UTARA
2021-02-19,100,4,89,7,18727,16151,638,1938,SUMATERA UTARA
2021-02-20,80,1,96,-17,18807,16247,639,1921,SUMATERA UTARA
2021-02-21,84,1,77,6,18891,16324,640,1927,SUMATERA UTARA
2021-02-22,77,3,90,-16,18968,16414,643,1911,SUMATERA UTARA
2021-02-23,119,5,82,32,19087,16496,648,1943,SUMATERA UTARA
2021-02-24,96,1,79,16,19183,16575,649,1959,SUMATERA UTARA
2021-02-25,123,3,88,32,19306,16663,652,1991,SUMATERA UTARA
2021-02-26,112,4,89,19,19418,16752,656,2010,SUMATERA UTARA
2021-02-27,92,3,96,-7,19510,16848,659,2003,SUMATERA UTARA
2021-02-28,90,5,85,0,19600,16933,664,2003,SUMATERA UTARA
2021-03-01,114,1,78,35,19714,17011,665,2038,SUMATERA UTARA
2021-03-02,105,2,85,18,19819,17096,667,2056,SUMATERA UTARA
2021-03-03,107,4,97,6,19926,17193,671,2062,SUMATERA UTARA
2021-03-04,110,2,87,21,20036,17280,673,2083,SUMATERA UTARA
2021-03-05,87,2,103,-18,20123,17383,675,2065,SUMATERA UTARA
2021-03-06,71,3,69,-1,20194,17452,678,2064,SUMATERA UTARA
2021-03-07,65,2,69,-6,20259,17521,680,2058,SUMATERA UTARA
2021-03-08,75,3,77,-5,20334,17598,683,2053,SUMATERA UTARA
2021-03-09,80,5,74,1,20414,17672,688,2054,SUMATERA UTARA
2021-03-10,79,0,74,5,20493,17746,688,2059,SUMATERA UTARA
2021-03-11,74,2,74,-2,20567,17820,690,2057,SUMATERA UTARA
2021-03-12,72,4,65,3,20639,17885,694,2060,SUMATERA UTARA
2021-03-13,67,2,69,-4,20706,17954,696,2056,SUMATERA UTARA
2021-03-14,65,3,71,-9,20771,18025,699,2047,SUMATERA UTARA
2021-03-15,76,4,72,0,20847,18097,703,2047,SUMATERA UTARA
2021-03-16,58,2,64,-8,20905,18161,705,2039,SUMATERA UTARA
2021-03-17,70,4,74,-8,20975,18235,709,2031,SUMATERA UTARA
2021-03-18,76,1,73,2,21051,18308,710,2033,SUMATERA UTARA
2021-03-19,66,1,81,-16,21117,18389,711,2017,SUMATERA UTARA
2021-03-20,65,2,69,-6,21182,18458,713,2011,SUMATERA UTARA
2021-03-21,37,3,44,-10,21219,18502,716,2001,SUMATERA UTARA
2021-03-22,74,1,62,11,21293,18564,717,2012,SUMATERA UTARA
2021-03-23,80,0,58,22,21373,18622,717,2034,SUMATERA UTARA
2021-03-24,70,1,57,12,21443,18679,718,2046,SUMATERA UTARA
2021-03-25,60,0,77,-17,21503,18756,718,2029,SUMATERA UTARA
2021-03-26,60,1,68,-9,21563,18824,719,2020,SUMATERA UTARA
2021-03-27,62,3,68,-9,21625,18892,722,2011,SUMATERA UTARA
2021-03-28,51,2,71,-22,21676,18963,724,1989,SUMATERA UTARA
2021-03-29,58,1,59,-2,21734,19022,725,1987,SUMATERA UTARA
2021-03-30,59,2,59,-2,21793,19081,727,1985,SUMATERA UTARA
2021-03-31,75,2,72,1,21868,19153,729,1986,SUMATERA UTARA
2021-04-01,52,0,58,-6,21920,19211,729,1980,SUMATERA UTARA
2021-04-02,50,1,63,-14,21970,19274,730,1966,SUMATERA UTARA
2021-04-03,51,2,64,-15,22021,19338,732,1951,SUMATERA UTARA
2021-04-04,56,1,68,-13,22077,19406,733,1938,SUMATERA UTARA
2021-04-05,59,0,61,-2,22136,19467,733,1936,SUMATERA UTARA
2021-04-06,60,4,58,-2,22196,19525,737,1934,SUMATERA UTARA
2021-04-07,63,1,84,-22,22259,19609,738,1912,SUMATERA UTARA
2021-04-08,59,2,61,-4,22318,19670,740,1908,SUMATERA UTARA
2021-04-09,61,1,60,0,22379,19730,741,1908,SUMATERA UTARA
2021-04-10,63,2,64,-3,22442,19794,743,1905,SUMATERA UTARA
2021-04-11,62,2,56,4,22504,19850,745,1909,SUMATERA UTARA
2021-04-12,52,3,59,-10,22556,19909,748,1899,SUMATERA UTARA
2021-04-13,56,2,60,-6,22612,19969,750,1893,SUMATERA UTARA
2021-04-14,49,4,57,-12,22661,20026,754,1881,SUMATERA UTARA
2021-04-15,57,1,60,-4,22718,20086,755,1877,SUMATERA UTARA
2021-04-16,56,3,54,-1,22774,20140,758,1876,SUMATERA UTARA
2021-04-17,53,0,60,-7,22827,20200,758,1869,SUMATERA UTARA
2021-04-18,53,1,58,-6,22880,20258,759,1863,SUMATERA UTARA
2021-04-19,54,2,45,7,22934,20303,761,1870,SUMATERA UTARA
2021-04-20,46,1,53,-8,22980,20356,762,1862,SUMATERA UTARA
2021-04-21,46,1,49,-4,23026,20405,763,1858,SUMATERA UTARA
2021-04-22,55,1,52,2,23081,20457,764,1860,SUMATERA UTARA
2021-04-23,48,5,50,-7,23129,20507,769,1853,SUMATERA UTARA
2021-04-24,50,0,45,5,23179,20552,769,1858,SUMATERA UTARA
2021-04-25,41,3,54,-16,23220,20606,772,1842,SUMATERA UTARA
2021-04-26,58,1,54,3,23278,20660,773,1845,SUMATERA UTARA
2021-04-27,52,1,53,-2,23330,20713,774,1843,SUMATERA UTARA
2021-04-28,56,2,44,10,23386,20757,776,1853,SUMATERA UTARA
2021-04-29,58,0,49,9,23444,20806,776,1862,SUMATERA UTARA
2021-04-30,55,1,53,1,23499,20859,777,1863,SUMATERA UTARA
2021-05-01,45,4,41,0,23544,20900,781,1863,SUMATERA UTARA
2021-05-02,56,1,46,9,23600,20946,782,1872,SUMATERA UTARA
2021-05-03,55,1,48,6,23655,20994,783,1878,SUMATERA UTARA
2021-05-04,52,0,54,-2,23707,21048,783,1876,SUMATERA UTARA
2021-05-05,57,0,52,5,23764,21100,783,1881,SUMATERA UTARA
2021-05-06,68,4,49,15,23832,21149,787,1896,SUMATERA UTARA
2021-05-07,65,1,57,7,23897,21206,788,1903,SUMATERA UTARA
2021-05-08,68,3,54,11,23965,21260,791,1914,SUMATERA UTARA
2021-05-09,67,1,61,5,24032,21321,792,1919,SUMATERA UTARA
2021-05-10,70,3,59,8,24102,21380,795,1927,SUMATERA UTARA
2021-05-11,66,1,60,5,24168,21440,796,1932,SUMATERA UTARA
2021-05-12,66,2,63,1,24234,21503,798,1933,SUMATERA UTARA
2021-05-13,58,0,55,3,24292,21558,798,1936,SUMATERA UTARA
2021-05-14,69,2,59,8,24361,21617,800,1944,SUMATERA UTARA
2021-05-15,62,3,56,3,24423,21673,803,1947,SUMATERA UTARA
2021-05-16,64,4,54,6,24487,21727,807,1953,SUMATERA UTARA
2021-05-17,73,2,43,28,24560,21770,809,1981,SUMATERA UTARA
2021-05-18,72,2,81,-11,24632,21851,811,1970,SUMATERA UTARA
2021-05-19,77,1,91,-15,24709,21942,812,1955,SUMATERA UTARA
2021-05-20,73,1,70,2,24782,22012,813,1957,SUMATERA UTARA
2021-05-21,75,2,88,-15,24857,22100,815,1942,SUMATERA UTARA
2021-05-22,71,3,60,8,24928,22160,818,1950,SUMATERA UTARA
2021-05-23,61,3,51,7,24989,22211,821,1957,SUMATERA UTARA
2021-05-24,79,2,76,1,25068,22287,823,1958,SUMATERA UTARA
2021-05-25,77,4,56,17,25145,22343,827,1975,SUMATERA UTARA
2021-05-26,70,3,63,4,25215,22406,830,1979,SUMATERA UTARA
2021-05-27,77,0,97,-20,25292,22503,830,1959,SUMATERA UTARA
2021-05-28,79,3,62,14,25371,22565,833,1973,SUMATERA UTARA
2021-05-29,71,5,59,7,25442,22624,838,1980,SUMATERA UTARA
2021-05-30,55,1,57,-3,25497,22681,839,1977,SUMATERA UTARA
2021-05-31,80,5,65,10,25577,22746,844,1987,SUMATERA UTARA
2021-06-01,70,1,61,8,25647,22807,845,1995,SUMATERA UTARA
2021-06-02,74,0,66,8,25721,22873,845,2003,SUMATERA UTARA
2021-06-03,80,0,75,5,25801,22948,845,2008,SUMATERA UTARA
2021-06-04,75,4,67,4,25876,23015,849,2012,SUMATERA UTARA
2021-06-05,69,6,67,-4,25945,23082,855,2008,SUMATERA UTARA
2021-06-06,58,3,73,-18,26003,23155,858,1990,SUMATERA UTARA
2021-06-07,74,5,79,-10,26077,23234,863,1980,SUMATERA UTARA
2021-06-08,77,3,86,-12,26154,23320,866,1968,SUMATERA UTARA
2021-06-09,74,5,72,-3,26228,23392,871,1965,SUMATERA UTARA
2021-06-10,161,4,66,91,26389,23458,875,2056,SUMATERA UTARA
2021-06-11,89,5,82,2,26478,23540,880,2058,SUMATERA UTARA
2021-06-12,84,1,72,11,26562,23612,881,2069,SUMATERA UTARA
2021-06-13,58,5,74,-21,26620,23686,886,2048,SUMATERA UTARA
2021-06-14,149,8,95,46,26769,23781,894,2094,SUMATERA UTARA
2021-06-15,93,2,92,-1,26862,23873,896,2093,SUMATERA UTARA
2021-06-16,109,3,79,27,26971,23952,899,2120,SUMATERA UTARA
2021-06-17,133,7,85,41,27104,24037,906,2161,SUMATERA UTARA
2021-06-18,107,6,99,2,27211,24136,912,2163,SUMATERA UTARA
2021-06-19,95,4,78,13,27306,24214,916,2176,SUMATERA UTARA
2021-06-20,81,1,104,-24,27387,24318,917,2152,SUMATERA UTARA
2021-06-21,204,3,114,87,27591,24432,920,2239,SUMATERA UTARA
2021-06-22,250,9,151,90,27841,24583,929,2329,SUMATERA UTARA
2021-06-23,120,6,133,-19,27961,24716,935,2310,SUMATERA UTARA
2021-06-24,133,5,126,2,28094,24842,940,2312,SUMATERA UTARA
2021-06-25,151,1,128,22,28245,24970,941,2334,SUMATERA UTARA
2021-06-26,173,3,104,66,28418,25074,944,2400,SUMATERA UTARA
2021-06-27,95,4,95,-4,28513,25169,948,2396,SUMATERA UTARA
2021-06-28,165,3,130,32,28678,25299,951,2428,SUMATERA UTARA
2021-06-29,119,2,200,-83,28797,25499,953,2345,SUMATERA UTARA
2021-06-30,153,3,106,44,28950,25605,956,2389,SUMATERA UTARA
2021-07-01,148,2,194,-48,29098,25799,958,2341,SUMATERA UTARA
2021-07-02,93,2,114,-23,29191,25913,960,2318,SUMATERA UTARA
2021-07-03,121,1,119,1,29312,26032,961,2319,SUMATERA UTARA
2021-07-04,104,3,96,5,29416,26128,964,2324,SUMATERA UTARA
2021-07-05,111,3,108,0,29527,26236,967,2324,SUMATERA UTARA
2021-07-06,201,8,228,-35,29728,26464,975,2289,SUMATERA UTARA
2021-07-07,148,2,121,25,29876,26585,977,2314,SUMATERA UTARA
2021-07-08,223,3,165,55,30099,26750,980,2369,SUMATERA UTARA
2021-07-09,257,3,188,66,30356,26938,983,2435,SUMATERA UTARA
2021-07-10,231,6,128,97,30587,27066,989,2532,SUMATERA UTARA
2021-07-11,224,3,120,101,30811,27186,992,2633,SUMATERA UTARA
2021-07-12,277,8,127,142,31088,27313,1000,2775,SUMATERA UTARA
2021-07-13,636,10,158,468,31724,27471,1010,3243,SUMATERA UTARA
2021-07-14,710,11,123,576,32434,27594,1021,3819,SUMATERA UTARA
2021-07-15,879,13,147,719,33313,27741,1034,4538,SUMATERA UTARA
2021-07-16,777,7,141,629,34090,27882,1041,5167,SUMATERA UTARA
2021-07-17,771,9,165,597,34861,28047,1050,5764,SUMATERA UTARA
2021-07-18,641,11,177,453,35502,28224,1061,6217,SUMATERA UTARA
2021-07-19,473,8,153,312,35975,28377,1069,6529,SUMATERA UTARA
2021-07-20,720,15,141,564,36695,28518,1084,7093,SUMATERA UTARA
2021-07-21,782,3,158,621,37477,28676,1087,7714,SUMATERA UTARA
2021-07-22,979,2,250,727,38456,28926,1089,8441,SUMATERA UTARA
2021-07-23,1223,3,297,923,39679,29223,1092,9364,SUMATERA UTARA
2021-07-24,1014,2,520,492,40693,29743,1094,9856,SUMATERA UTARA
2021-07-25,833,17,321,495,41526,30064,1111,10351,SUMATERA UTARA
2021-07-26,830,7,414,409,42356,30478,1118,10760,SUMATERA UTARA
2021-07-27,1138,14,449,675,43494,30927,1132,11435,SUMATERA UTARA
2021-07-28,1260,20,400,840,44754,31327,1152,12275,SUMATERA UTARA
2021-07-29,1277,13,320,944,46031,31647,1165,13219,SUMATERA UTARA
2021-07-30,1167,10,332,825,47198,31979,1175,14044,SUMATERA UTARA
2021-07-31,1134,10,281,843,48332,32260,1185,14887,SUMATERA UTARA
2021-08-01,941,23,331,587,49273,32591,1208,15474,SUMATERA UTARA
2021-08-02,518,17,338,163,49791,32929,1225,15637,SUMATERA UTARA
2021-08-03,1111,13,436,662,50902,33365,1238,16299,SUMATERA UTARA
2021-08-04,1325,26,661,638,52227,34026,1264,16937,SUMATERA UTARA
2021-08-05,1249,13,659,577,53476,34685,1277,17514,SUMATERA UTARA
2021-08-06,1645,18,820,807,55121,35505,1295,18321,SUMATERA UTARA
2021-08-07,1115,20,347,748,56236,35852,1315,19069,SUMATERA UTARA
2021-08-08,1119,27,413,679,57355,36265,1342,19748,SUMATERA UTARA
2021-08-09,805,21,524,260,58160,36789,1363,20008,SUMATERA UTARA
2021-08-10,1394,39,707,648,59554,37496,1402,20656,SUMATERA UTARA
2021-08-11,1151,27,548,576,60705,38044,1429,21232,SUMATERA UTARA
2021-08-12,1046,25,692,329,61751,38736,1454,21561,SUMATERA UTARA
2021-08-13,1033,31,1006,-4,62784,39742,1485,21557,SUMATERA UTARA
2021-08-14,1164,14,600,550,63948,40342,1499,22107,SUMATERA UTARA
2021-08-15,1021,34,443,544,64969,40785,1533,22651,SUMATERA UTARA
2021-08-16,642,25,765,-148,65611,41550,1558,22503,SUMATERA UTARA
2021-08-17,932,9,859,64,66543,42409,1567,22567,SUMATERA UTARA
2021-08-18,689,38,1194,-543,67232,43603,1605,22024,SUMATERA UTARA
2021-08-19,892,22,1410,-540,68124,45013,1627,21484,SUMATERA UTARA
2021-08-20,1200,12,1057,131,69324,46070,1639,21615,SUMATERA UTARA
2021-08-21,940,27,669,244,70264,46739,1666,21859,SUMATERA UTARA
2021-08-22,787,15,816,-44,71051,47555,1681,21815,SUMATERA UTARA
2021-08-23,418,16,1770,-1368,71469,49325,1697,20447,SUMATERA UTARA
2021-08-24,907,32,1583,-708,72376,50908,1729,19739,SUMATERA UTARA
2021-08-25,810,22,1621,-833,73186,52529,1751,18906,SUMATERA UTARA
2021-08-26,805,38,1185,-418,73991,53714,1789,18488,SUMATERA UTARA
2021-08-27,846,17,1537,-708,74837,55251,1806,17780,SUMATERA UTARA
2021-08-28,602,25,618,-41,75439,55869,1831,17739,SUMATERA UTARA
2021-08-29,522,27,584,-89,75961,56453,1858,17650,SUMATERA UTARA
2021-08-30,282,15,1041,-774,76243,57494,1873,16876,SUMATERA UTARA
2021-08-31,639,22,771,-154,76882,58265,1895,16722,SUMATERA UTARA
2021-09-01,585,4,1130,-549,77467,59395,1899,16173,SUMATERA UTARA
2021-09-02,552,25,1000,-473,78019,60395,1924,15700,SUMATERA UTARA
2021-09-03,457,17,666,-226,78476,61061,1941,15474,SUMATERA UTARA
2021-09-04,417,3,536,-122,78893,61597,1944,15352,SUMATERA UTARA
2021-09-05,301,5,433,-137,79194,62030,1949,15215,SUMATERA UTARA
2021-09-06,153,25,1076,-948,79347,63106,1974,14267,SUMATERA UTARA
2021-09-07,354,30,1368,-1044,79701,64474,2004,13223,SUMATERA UTARA
2021-09-08,376,27,1068,-719,80077,65542,2031,12504,SUMATERA UTARA
2021-09-09,345,6,714,-375,80422,66256,2037,12129,SUMATERA UTARA
2021-09-10,274,3,4228,-3957,80696,70484,2040,8172,SUMATERA UTARA
2021-09-11,292,9,612,-329,80988,71096,2049,7843,SUMATERA UTARA
2021-09-12,223,12,427,-216,81211,71523,2061,7627,SUMATERA UTARA
2021-09-13,100,22,531,-453,81311,72054,2083,7174,SUMATERA UTARA
2021-09-14,257,18,1738,-1499,81568,73792,2101,5675,SUMATERA UTARA
2021-09-15,205,35,2168,-1998,81773,75960,2136,3677,SUMATERA UTARA
2021-09-16,173,19,558,-404,81946,76518,2155,3273,SUMATERA UTARA
2021-09-17,189,15,350,-176,82135,76868,2170,3097,SUMATERA UTARA
2021-09-18,177,10,240,-73,82312,77108,2180,3024,SUMATERA UTARA
2021-09-19,115,13,246,-144,82427,77354,2193,2880,SUMATERA UTARA
2021-09-20,99,10,226,-137,82526,77580,2203,2743,SUMATERA UTARA
2021-09-21,256,7,447,-198,82782,78027,2210,2545,SUMATERA UTARA
2021-09-22,154,5,300,-151,82936,78327,2215,2394,SUMATERA UTARA
2021-09-23,107,7,162,-62,83043,78489,2222,2332,SUMATERA UTARA
2021-09-24,130,2,227,-99,83173,78716,2224,2233,SUMATERA UTARA
2021-09-25,87,4,204,-121,83260,78920,2228,2112,SUMATERA UTARA
2021-09-26,73,4,307,-238,83333,79227,2232,1874,SUMATERA UTARA
2021-09-27,42,4,248,-210,83375,79475,2236,1664,SUMATERA UTARA
2021-09-28,81,7,150,-76,83456,79625,2243,1588,SUMATERA UTARA
2021-09-29,62,6,138,-82,83518,79763,2249,1506,SUMATERA UTARA
2021-09-30,61,1,130,-70,83579,79893,2250,1436,SUMATERA UTARA
2021-10-01,66,0,175,-109,83645,80068,2250,1327,SUMATERA UTARA
2021-10-02,51,5,147,-101,83696,80215,2255,1226,SUMATERA UTARA
2021-10-03,31,3,128,-100,83727,80343,2258,1126,SUMATERA UTARA
2021-10-04,28,1,98,-71,83755,80441,2259,1055,SUMATERA UTARA
2021-10-05,62,0,117,-55,83817,80558,2259,1000,SUMATERA UTARA
2021-10-06,52,3,75,-26,83869,80633,2262,974,SUMATERA UTARA
2021-10-07,37,2,77,-42,83906,80710,2264,932,SUMATERA UTARA
2021-10-08,45,4,117,-76,83951,80827,2268,856,SUMATERA UTARA
2021-10-09,39,0,61,-22,83990,80888,2268,834,SUMATERA UTARA
2021-10-10,28,0,48,-20,84018,80936,2268,814,SUMATERA UTARA
2021-10-11,18,1,102,-85,84036,81038,2269,729,SUMATERA UTARA
2021-10-12,35,1,67,-33,84071,81105,2270,696,SUMATERA UTARA
2021-10-13,45,1,37,7,84116,81142,2271,703,SUMATERA UTARA
2021-10-14,34,4,155,-125,84150,81297,2275,578,SUMATERA UTARA
2021-10-15,32,1,69,-38,84182,81366,2276,540,SUMATERA UTARA
2021-10-16,30,0,45,-15,84212,81411,2276,525,SUMATERA UTARA
2021-10-17,20,2,37,-19,84232,81448,2278,506,SUMATERA UTARA
2021-10-18,31,1,37,-7,84263,81485,2279,499,SUMATERA UTARA
2021-10-19,25,1,44,-20,84288,81529,2280,479,SUMATERA UTARA
2021-10-20,27,2,28,-3,84315,81557,2282,476,SUMATERA UTARA
2021-10-21,10,0,26,-16,84325,81583,2282,460,SUMATERA UTARA
2021-10-22,23,2,30,-9,84348,81613,2284,451,SUMATERA UTARA
2021-10-23,28,1,18,9,84376,81631,2285,460,SUMATERA UTARA
2021-10-24,16,1,39,-24,84392,81670,2286,436,SUMATERA UTARA
2021-10-25,10,1,33,-24,84402,81703,2287,412,SUMATERA UTARA
2021-10-26,18,0,25,-7,84420,81728,2287,405,SUMATERA UTARA
2021-10-27,10,0,51,-41,84430,81779,2287,364,SUMATERA UTARA
2021-10-28,5,1,26,-22,84435,81805,2288,342,SUMATERA UTARA
2021-10-29,7,2,20,-15,84442,81825,2290,327,SUMATERA UTARA
2021-10-30,14,2,10,2,84456,81835,2292,329,SUMATERA UTARA
2021-10-31,4,0,18,-14,84460,81853,2292,315,SUMATERA UTARA
2021-11-01,6,0,81,-75,84466,81934,2292,240,SUMATERA UTARA
2021-11-02,14,0,37,-23,84480,81971,2292,217,SUMATERA UTARA
2021-11-03,11,0,15,-4,84491,81986,2292,213,SUMATERA UTARA
2021-11-04,8,0,10,-2,84499,81996,2292,211,SUMATERA UTARA
2021-11-05,5,1,15,-11,84504,82011,2293,200,SUMATERA UTARA
2021-11-06,6,0,26,-20,84510,82037,2293,180,SUMATERA UTARA
2021-11-07,5,0,6,-1,84515,82043,2293,179,SUMATERA UTARA
2021-11-08,3,1,25,-23,84518,82068,2294,156,SUMATERA UTARA
2021-11-09,7,0,11,-4,84525,82079,2294,152,SUMATERA UTARA
2021-11-10,8,0,10,-2,84533,82089,2294,150,SUMATERA UTARA
2021-11-11,5,0,14,-9,84538,82103,2294,141,SUMATERA UTARA
2021-11-12,10,0,3,7,84548,82106,2294,148,SUMATERA UTARA
2021-11-13,11,0,8,3,84559,82114,2294,151,SUMATERA UTARA
2021-11-14,7,0,15,-8,84566,82129,2294,143,SUMATERA UTARA
2021-11-15,3,0,16,-13,84569,82145,2294,130,SUMATERA UTARA
2021-11-16,5,0,3,2,84574,82148,2294,132,SUMATERA UTARA
2021-11-17,4,0,10,-6,84578,82158,2294,126,SUMATERA UTARA
2021-11-18,3,0,16,-13,84581,82174,2294,113,SUMATERA UTARA
2021-11-19,1,0,6,-5,84582,82180,2294,108,SUMATERA UTARA
2021-11-20,6,0,20,-14,84588,82200,2294,94,SUMATERA UTARA
2021-11-21,2,0,4,-2,84590,82204,2294,92,SUMATERA UTARA
2021-11-22,1,0,11,-10,84591,82215,2294,82,SUMATERA UTARA
2021-11-23,6,0,4,2,84597,82219,2294,84,SUMATERA UTARA
2021-11-24,5,0,4,1,84602,82223,2294,85,SUMATERA UTARA
2021-11-25,6,0,2,4,84608,82225,2294,89,SUMATERA UTARA
2021-11-26,6,0,3,3,84614,82228,2294,92,SUMATERA UTARA
2021-11-27,6,0,8,-2,84620,82236,2294,90,SUMATERA UTARA
2021-11-28,0,0,10,-10,84620,82246,2294,80,SUMATERA UTARA
2021-11-29,5,0,3,2,84625,82249,2294,82,SUMATERA UTARA
2021-11-30,1,0,6,-5,84626,82255,2294,77,SUMATERA UTARA
2021-12-01,1,0,11,-10,84627,82266,2294,67,SUMATERA UTARA
2021-12-02,3,0,4,-1,84630,82270,2294,66,SUMATERA UTARA
2021-12-03,3,0,3,0,84633,82273,2294,66,SUMATERA UTARA
2021-12-04,2,0,3,-1,84635,82276,2294,65,SUMATERA UTARA
2021-12-05,2,0,2,0,84637,82278,2294,65,SUMATERA UTARA
2021-12-06,3,0,3,0,84640,82281,2294,65,SUMATERA UTARA
2021-12-07,8,0,2,6,84648,82283,2294,71,SUMATERA UTARA
2021-12-08,3,0,8,-5,84651,82291,2294,66,SUMATERA UTARA
2021-12-09,3,0,5,-2,84654,82296,2294,64,SUMATERA UTARA
2021-12-10,1,0,1,0,84655,82297,2294,64,SUMATERA UTARA
2021-12-11,1,0,8,-7,84656,82305,2294,57,SUMATERA UTARA
2021-12-12,2,0,2,0,84658,82307,2294,57,SUMATERA UTARA
2021-12-13,2,0,0,2,84660,82307,2294,59,SUMATERA UTARA
2021-12-14,1,0,11,-10,84661,82318,2294,49,SUMATERA UTARA
2021-12-15,3,0,5,-2,84664,82323,2294,47,SUMATERA UTARA
2021-12-16,2,1,1,0,84666,82324,2295,47,SUMATERA UTARA
2021-12-17,1,0,0,1,84667,82324,2295,48,SUMATERA UTARA
2021-12-18,0,2,1,-3,84667,82325,2297,45,SUMATERA UTARA
2021-12-19,3,0,0,3,84670,82325,2297,48,SUMATERA UTARA
2021-12-20,1,0,6,-5,84671,82331,2297,43,SUMATERA UTARA
2021-12-21,5,0,2,3,84676,82333,2297,46,SUMATERA UTARA
2021-12-22,0,0,1,-1,84676,82334,2297,45,SUMATERA UTARA
2021-12-23,1,0,0,1,84677,82334,2297,46,SUMATERA UTARA
2021-12-24,0,0,2,-2,84677,82336,2297,44,SUMATERA UTARA
2021-12-25,0,0,1,-1,84677,82337,2297,43,SUMATERA UTARA
2021-12-26,0,0,0,0,84677,82337,2297,43,SUMATERA UTARA
2021-12-27,1,0,2,-1,84678,82339,2297,42,SUMATERA UTARA
2021-12-28,2,0,2,0,84680,82341,2297,42,SUMATERA UTARA
2021-12-29,1,1,1,-1,84681,82342,2298,41,SUMATERA UTARA
2021-12-30,3,0,0,3,84684,82342,2298,44,SUMATERA UTARA
2021-12-31,5,0,3,2,84689,82345,2298,46,SUMATERA UTARA
2022-01-01,2,0,0,2,84691,82345,2298,48,SUMATERA UTARA
2022-01-02,1,0,5,-4,84692,82350,2298,44,SUMATERA UTARA
2022-01-03,1,1,5,-5,84693,82355,2299,39,SUMATERA UTARA
2022-01-04,0,0,4,-4,84693,82359,2299,35,SUMATERA UTARA
2022-01-05,2,0,6,-4,84695,82365,2299,31,SUMATERA UTARA
2022-01-06,4,1,2,1,84699,82367,2300,32,SUMATERA UTARA
2022-01-07,2,0,5,-3,84701,82372,2300,29,SUMATERA UTARA
2022-01-08,0,1,8,-9,84701,82380,2301,20,SUMATERA UTARA
2022-01-09,0,0,0,0,84701,82380,2301,20,SUMATERA UTARA
2022-01-10,2,0,3,-1,84703,82383,2301,19,SUMATERA UTARA
2022-01-11,5,0,0,5,84708,82383,2301,24,SUMATERA UTARA
2022-01-12,2,0,1,1,84710,82384,2301,25,SUMATERA UTARA
2022-01-13,5,0,0,5,84715,82384,2301,30,SUMATERA UTARA
2022-01-14,2,0,2,0,84717,82386,2301,30,SUMATERA UTARA
2022-01-15,1,0,0,1,84718,82386,2301,31,SUMATERA UTARA
2022-01-16,0,0,0,0,84718,82386,2301,31,SUMATERA UTARA
2022-01-17,3,0,4,-1,84721,82390,2301,30,SUMATERA UTARA
2022-01-18,7,2,1,4,84728,82391,2303,34,SUMATERA UTARA
2022-01-19,8,0,1,7,84736,82392,2303,41,SUMATERA UTARA
2022-01-20,3,0,2,1,84739,82394,2303,42,SUMATERA UTARA
2022-01-21,5,0,4,1,84744,82398,2303,43,SUMATERA UTARA
2022-01-22,10,1,2,7,84754,82400,2304,50,SUMATERA UTARA
2022-01-23,10,0,3,7,84764,82403,2304,57,SUMATERA UTARA
2022-01-24,8,0,3,5,84772,82406,2304,62,SUMATERA UTARA
2022-01-25,12,0,1,11,84784,82407,2304,73,SUMATERA UTARA
2022-01-26,23,0,1,22,84807,82408,2304,95,SUMATERA UTARA
2022-01-27,22,0,1,21,84829,82409,2304,116,SUMATERA UTARA
2022-01-28,32,1,4,27,84861,82413,2305,143,SUMATERA UTARA
2022-01-29,41,0,0,41,84902,82413,2305,184,SUMATERA UTARA
2022-01-30,58,0,0,58,84960,82413,2305,242,SUMATERA UTARA
2022-01-31,39,0,8,31,84999,82421,2305,273,SUMATERA UTARA
2022-02-01,93,0,2,91,85092,82423,2305,364,SUMATERA UTARA
2022-02-02,94,0,8,86,85186,82431,2305,450,SUMATERA UTARA
2022-02-03,168,0,11,157,85354,82442,2305,607,SUMATERA UTARA
2022-02-04,164,0,10,154,85518,82452,2305,761,SUMATERA UTARA
2022-02-05,196,0,6,190,85714,82458,2305,951,SUMATERA UTARA
2022-02-06,190,1,10,179,85904,82468,2306,1130,SUMATERA UTARA
2022-02-07,152,1,17,134,86056,82485,2307,1264,SUMATERA UTARA
2022-02-08,424,1,22,401,86480,82507,2308,1665,SUMATERA UTARA
2022-02-09,455,0,27,428,86935,82534,2308,2093,SUMATERA UTARA
2022-02-10,515,1,30,484,87450,82564,2309,2577,SUMATERA UTARA
2022-02-11,493,1,43,449,87943,82607,2310,3026,SUMATERA UTARA
2022-02-12,778,1,23,754,88721,82630,2311,3780,SUMATERA UTARA
2022-02-13,691,0,262,429,89412,82892,2311,4209,SUMATERA UTARA
2022-02-14,647,1,117,529,90059,83009,2312,4738,SUMATERA UTARA
2022-02-15,1160,0,174,986,91219,83183,2312,5724,SUMATERA UTARA
2022-02-16,1311,1,171,1139,92530,83354,2313,6863,SUMATERA UTARA
2022-02-17,1587,3,242,1342,94117,83596,2316,8205,SUMATERA UTARA
2022-02-18,1754,3,306,1445,95871,83902,2319,9650,SUMATERA UTARA
2022-02-19,1856,4,371,1481,97727,84273,2323,11131,SUMATERA UTARA
2022-02-20,1553,4,524,1025,99280,84797,2327,12156,SUMATERA UTARA
2022-02-21,1091,5,502,584,100371,85299,2332,12740,SUMATERA UTARA
2022-02-22,1884,3,806,1075,102255,86105,2335,13815,SUMATERA UTARA
2022-02-23,2303,4,740,1559,104558,86845,2339,15374,SUMATERA UTARA
2022-02-24,2064,3,643,1418,106622,87488,2342,16792,SUMATERA UTARA
2022-02-25,2028,1,911,1116,108650,88399,2343,17908,SUMATERA UTARA
2022-02-26,1585,1,686,898,110235,89085,2344,18806,SUMATERA UTARA
2022-02-27,1273,7,1124,142,111508,90209,2351,18948,SUMATERA UTARA
2022-02-28,728,2,1084,-358,112236,91293,2353,18590,SUMATERA UTARA
2022-03-01,799,11,1826,-1038,113035,93119,2364,17552,SUMATERA UTARA
2022-03-02,1334,5,828,501,114369,93947,2369,18053,SUMATERA UTARA
2022-03-03,1302,10,1393,-101,115671,95340,2379,17952,SUMATERA UTARA
2022-03-04,691,11,1293,-613,116362,96633,2390,17339,SUMATERA UTARA
2022-03-05,942,8,868,66,117304,97501,2398,17405,SUMATERA UTARA
2022-03-06,768,3,1141,-376,118072,98642,2401,17029,SUMATERA UTARA
2022-03-07,705,7,1112,-414,118777,99754,2408,16615,SUMATERA UTARA
2022-03-08,755,21,1954,-1220,119532,101708,2429,15395,SUMATERA UTARA
2022-03-09,558,6,1472,-920,120090,103180,2435,14475,SUMATERA UTARA
2022-03-10,423,5,1694,-1276,120513,104874,2440,13199,SUMATERA UTARA
2022-03-11,346,15,1373,-1042,120859,106247,2455,12157,SUMATERA UTARA
2022-03-12,360,13,931,-584,121219,107178,2468,11573,SUMATERA UTARA
2022-03-13,284,9,888,-613,121503,108066,2477,10960,SUMATERA UTARA
2022-03-14,167,5,1377,-1215,121670,109443,2482,9745,SUMATERA UTARA
2022-03-15,261,5,937,-681,121931,110380,2487,9064,SUMATERA UTARA
2022-03-16,214,10,1940,-1736,122145,112320,2497,7328,SUMATERA UTARA
2022-03-17,204,19,1610,-1425,122349,113930,2516,5903,SUMATERA UTARA
2022-03-18,169,8,1049,-888,122518,114979,2524,5015,SUMATERA UTARA
2022-03-19,115,2,702,-589,122633,115681,2526,4426,SUMATERA UTARA
2022-03-20,70,1,364,-295,122703,116045,2527,4131,SUMATERA UTARA
2022-03-21,95,2,678,-585,122798,116723,2529,3546,SUMATERA UTARA
2022-03-22,103,10,673,-580,122901,117396,2539,2966,SUMATERA UTARA
2022-03-23,77,5,544,-472,122978,117940,2544,2494,SUMATERA UTARA
2022-03-24,90,3,169,-82,123068,118109,2547,2412,SUMATERA UTARA
2022-03-25,78,3,297,-222,123146,118406,2550,2190,SUMATERA UTARA
2022-03-26,67,1,185,-119,123213,118591,2551,2071,SUMATERA UTARA
2022-03-27,38,0,257,-219,123251,118848,2551,1852,SUMATERA UTARA
2022-03-28,21,0,310,-289,123272,119158,2551,1563,SUMATERA UTARA
2022-03-29,59,4,240,-185,123331,119398,2555,1378,SUMATERA UTARA
2022-03-30,35,1,100,-66,123366,119498,2556,1312,SUMATERA UTARA
2022-03-31,45,1,71,-27,123411,119569,2557,1285,SUMATERA UTARA
2022-04-01,37,0,152,-115,123448,119721,2557,1170,SUMATERA UTARA
2022-04-02,33,0,50,-17,123481,119771,2557,1153,SUMATERA UTARA
2022-04-03,19,1,46,-28,123500,119817,2558,1125,SUMATERA UTARA
2022-04-04,19,3,309,-293,123519,120126,2561,832,SUMATERA UTARA
2022-04-05,25,6,81,-62,123544,120207,2567,770,SUMATERA UTARA
2022-04-06,12,2,70,-60,123556,120277,2569,710,SUMATERA UTARA
2022-04-07,19,1,145,-127,123575,120422,2570,583,SUMATERA UTARA
2022-04-08,21,0,36,-15,123596,120458,2570,568,SUMATERA UTARA
2022-04-09,17,0,45,-28,123613,120503,2570,540,SUMATERA UTARA
2022-04-10,18,0,41,-23,123631,120544,2570,517,SUMATERA UTARA
2022-04-11,16,0,70,-54,123647,120614,2570,463,SUMATERA UTARA
2022-04-12,13,0,36,-23,123660,120650,2570,440,SUMATERA UTARA
2022-04-13,17,0,25,-8,123677,120675,2570,432,SUMATERA UTARA
2022-04-14,14,1,39,-26,123691,120714,2571,406,SUMATERA UTARA
2022-04-15,4,1,20,-17,123695,120734,2572,389,SUMATERA UTARA
2022-04-16,1,0,26,-25,123696,120760,2572,364,SUMATERA UTARA
2022-04-17,11,0,15,-4,123707,120775,2572,360,SUMATERA UTARA
2022-04-18,2,0,25,-23,123709,120800,2572,337,SUMATERA UTARA
2022-04-19,9,1,24,-16,123718,120824,2573,321,SUMATERA UTARA
2022-04-20,13,0,24,-11,123731,120848,2573,310,SUMATERA UTARA
2022-04-21,13,0,18,-5,123744,120866,2573,305,SUMATERA UTARA
2022-04-22,6,0,14,-8,123750,120880,2573,297,SUMATERA UTARA
2022-04-23,10,0,6,4,123760,120886,2573,301,SUMATERA UTARA
2022-04-24,6,1,13,-8,123766,120899,2574,293,SUMATERA UTARA
2022-04-25,6,0,39,-33,123772,120938,2574,260,SUMATERA UTARA
2022-04-26,4,1,14,-11,123776,120952,2575,249,SUMATERA UTARA
2022-04-27,2,0,65,-63,123778,121017,2575,186,SUMATERA UTARA
2022-04-28,2,0,23,-21,123780,121040,2575,165,SUMATERA UTARA
2022-04-29,4,0,6,-2,123784,121046,2575,163,SUMATERA UTARA
2022-04-30,1,1,13,-13,123785,121059,2576,150,SUMATERA UTARA
2022-05-01,1,0,4,-3,123786,121063,2576,147,SUMATERA UTARA
2022-05-02,1,0,11,-10,123787,121074,2576,137,SUMATERA UTARA
2022-05-03,2,0,3,-1,123789,121077,2576,136,SUMATERA UTARA
2022-05-04,0,0,3,-3,123789,121080,2576,133,SUMATERA UTARA
2022-05-05,0,0,3,-3,123789,121083,2576,130,SUMATERA UTARA
2022-05-06,0,0,6,-6,123789,121089,2576,124,SUMATERA UTARA
2022-05-07,5,0,13,-8,123794,121102,2576,116,SUMATERA UTARA
2022-05-08,3,0,2,1,123797,121104,2576,117,SUMATERA UTARA
2022-05-09,4,1,3,0,123801,121107,2577,117,SUMATERA UTARA
2022-05-10,4,0,6,-2,123805,121113,2577,115,SUMATERA UTARA
2022-05-11,4,0,5,-1,123809,121118,2577,114,SUMATERA UTARA
2022-05-12,0,0,15,-15,123809,121133,2577,99,SUMATERA UTARA
2022-05-13,3,1,3,-1,123812,121136,2578,98,SUMATERA UTARA
2022-05-14,5,0,2,3,123817,121138,2578,101,SUMATERA UTARA
2022-05-15,0,0,0,0,123817,121138,2578,101,SUMATERA UTARA
2022-05-16,0,0,2,-2,123817,121140,2578,99,SUMATERA UTARA
2022-05-17,1,0,5,-4,123818,121145,2578,95,SUMATERA UTARA
2022-05-18,4,0,1,3,123822,121146,2578,98,SUMATERA UTARA
2022-05-19,3,1,5,-3,123825,121151,2579,95,SUMATERA UTARA
2022-05-20,0,0,9,-9,123825,121160,2579,86,SUMATERA UTARA
2022-05-21,2,0,4,-2,123827,121164,2579,84,SUMATERA UTARA
2022-05-22,3,0,5,-2,123830,121169,2579,82,SUMATERA UTARA
2022-05-23,2,0,6,-4,123832,121175,2579,78,SUMATERA UTARA
2022-05-24,4,0,5,-1,123836,121180,2579,77,SUMATERA UTARA
2022-05-25,3,0,11,-8,123839,121191,2579,69,SUMATERA UTARA
2022-05-26,2,0,5,-3,123841,121196,2579,66,SUMATERA UTARA
2022-05-27,0,0,3,-3,123841,121199,2579,63,SUMATERA UTARA
2022-05-28,2,0,2,0,123843,121201,2579,63,SUMATERA UTARA
2022-05-29,1,0,1,0,123844,121202,2579,63,SUMATERA UTARA
2022-05-30,2,0,2,0,123846,121204,2579,63,SUMATERA UTARA
2022-05-31,2,0,1,1,123848,121205,2579,64,SUMATERA UTARA
2022-06-01,5,0,8,-3,123853,121213,2579,61,SUMATERA UTARA
2022-06-02,2,0,2,0,123855,121215,2579,61,SUMATERA UTARA
2022-06-03,4,1,3,0,123859,121218,2580,61,SUMATERA UTARA
2022-06-04,2,0,2,0,123861,121220,2580,61,SUMATERA UTARA
2022-06-05,3,0,12,-9,123864,121232,2580,52,SUMATERA UTARA
2022-06-06,1,1,2,-2,123865,121234,2581,50,SUMATERA UTARA
2022-06-07,5,0,0,5,123870,121234,2581,55,SUMATERA UTARA
2022-06-08,2,0,2,0,123872,121236,2581,55,SUMATERA UTARA
2022-06-09,1,0,1,0,123873,121237,2581,55,SUMATERA UTARA
2022-06-10,1,0,3,-2,123874,121240,2581,53,SUMATERA UTARA
2022-06-11,1,0,4,-3,123875,121244,2581,50,SUMATERA UTARA
2022-06-12,1,0,0,1,123876,121244,2581,51,SUMATERA UTARA
2022-06-13,2,0,4,-2,123878,121248,2581,49,SUMATERA UTARA
2022-06-14,2,1,2,-1,123880,121250,2582,48,SUMATERA UTARA
2022-06-15,3,0,2,1,123883,121252,2582,49,SUMATERA UTARA
2022-06-16,7,0,0,7,123890,121252,2582,56,SUMATERA UTARA
2022-06-17,1,0,6,-5,123891,121258,2582,51,SUMATERA UTARA
2022-06-18,2,0,0,2,123893,121258,2582,53,SUMATERA UTARA
2022-06-19,0,0,1,-1,123893,121259,2582,52,SUMATERA UTARA
2022-06-20,1,0,2,-1,123894,121261,2582,51,SUMATERA UTARA
2022-06-21,5,0,2,3,123899,121263,2582,54,SUMATERA UTARA
2022-06-22,6,0,2,4,123905,121265,2582,58,SUMATERA UTARA
2022-06-23,3,0,1,2,123908,121266,2582,60,SUMATERA UTARA
2022-06-24,3,0,0,3,123911,121266,2582,63,SUMATERA UTARA
2022-06-25,6,0,21,-15,123917,121287,2582,48,SUMATERA UTARA
2022-06-26,2,0,5,-3,123919,121292,2582,45,SUMATERA UTARA
2022-06-27,2,0,7,-5,123921,121299,2582,40,SUMATERA UTARA
2022-06-28,6,0,1,5,123927,121300,2582,45,SUMATERA UTARA
2022-06-29,2,0,0,2,123929,121300,2582,47,SUMATERA UTARA
2022-06-30,3,0,6,-3,123932,121306,2582,44,SUMATERA UTARA
2022-07-01,9,0,2,7,123941,121308,2582,51,SUMATERA UTARA
2022-07-02,5,0,2,3,123946,121310,2582,54,SUMATERA UTARA
2022-07-03,2,0,1,1,123948,121311,2582,55,SUMATERA UTARA
2022-07-04,6,0,9,-3,123954,121320,2582,52,SUMATERA UTARA
2022-07-05,3,0,6,-3,123957,121326,2582,49,SUMATERA UTARA
2022-07-06,10,0,3,7,123967,121329,2582,56,SUMATERA UTARA
2022-07-07,14,0,7,7,123981,121336,2582,63,SUMATERA UTARA
2022-07-08,6,0,0,6,123987,121336,2582,69,SUMATERA UTARA
2022-07-09,8,0,1,7,123995,121337,2582,76,SUMATERA UTARA
2022-07-10,13,0,3,10,124008,121340,2582,86,SUMATERA UTARA
2022-07-11,15,0,4,11,124023,121344,2582,97,SUMATERA UTARA
2022-07-12,16,0,1,15,124039,121345,2582,112,SUMATERA UTARA
2022-07-13,15,1,7,7,124054,121352,2583,119,SUMATERA UTARA
2022-07-14,21,0,6,15,124075,121358,2583,134,SUMATERA UTARA
2022-07-15,13,0,0,13,124088,121358,2583,147,SUMATERA UTARA
2022-07-16,27,0,7,20,124115,121365,2583,167,SUMATERA UTARA
2022-07-17,31,0,0,31,124146,121365,2583,198,SUMATERA UTARA
2022-07-18,15,0,22,-7,124161,121387,2583,191,SUMATERA UTARA
2022-07-19,27,0,10,17,124188,121397,2583,208,SUMATERA UTARA
2022-07-20,36,0,10,26,124224,121407,2583,234,SUMATERA UTARA
2022-07-21,22,0,13,9,124246,121420,2583,243,SUMATERA UTARA
2022-07-22,42,0,9,33,124288,121429,2583,276,SUMATERA UTARA
2022-07-23,30,0,16,14,124318,121445,2583,290,SUMATERA UTARA
2022-07-24,23,0,17,6,124341,121462,2583,296,SUMATERA UTARA
2022-07-25,19,1,26,-8,124360,121488,2584,288,SUMATERA UTARA
2022-07-26,37,0,16,21,124397,121504,2584,309,SUMATERA UTARA
2022-07-27,40,0,26,14,124437,121530,2584,323,SUMATERA UTARA
2022-07-28,40,0,19,21,124477,121549,2584,344,SUMATERA UTARA
2022-07-29,53,0,18,35,124530,121567,2584,379,SUMATERA UTARA
2022-07-30,36,2,25,9,124566,121592,2586,388,SUMATERA UTARA
2022-07-31,18,0,16,2,124584,121608,2586,390,SUMATERA UTARA
2022-08-01,37,0,27,10,124621,121635,2586,400,SUMATERA UTARA
2022-08-02,53,0,63,-10,124674,121698,2586,390,SUMATERA UTARA
2022-08-03,50,0,17,33,124724,121715,2586,423,SUMATERA UTARA
2022-08-04,58,0,11,47,124782,121726,2586,470,SUMATERA UTARA
2022-08-05,41,0,50,-9,124823,121776,2586,461,SUMATERA UTARA
2022-08-06,44,0,46,-2,124867,121822,2586,459,SUMATERA UTARA
2022-08-07,51,1,33,17,124918,121855,2587,476,SUMATERA UTARA
2022-08-08,33,0,50,-17,124951,121905,2587,459,SUMATERA UTARA
2022-08-09,87,0,40,47,125038,121945,2587,506,SUMATERA UTARA
2022-08-10,69,0,32,37,125107,121977,2587,543,SUMATERA UTARA
2022-08-11,79,1,48,30,125186,122025,2588,573,SUMATERA UTARA
2022-08-12,64,0,44,20,125250,122069,2588,593,SUMATERA UTARA
2022-08-13,64,0,19,45,125314,122088,2588,638,SUMATERA UTARA
2022-08-14,39,0,47,-8,125353,122135,2588,630,SUMATERA UTARA
2022-08-15,42,0,47,-5,125395,122182,2588,625,SUMATERA UTARA
2022-08-16,60,3,44,13,125455,122226,2591,638,SUMATERA UTARA
2022-08-17,63,0,35,28,125518,122261,2591,666,SUMATERA UTARA
2022-08-18,35,0,26,9,125553,122287,2591,675,SUMATERA UTARA
2022-08-19,65,1,69,-5,125618,122356,2592,670,SUMATERA UTARA
2022-08-20,48,1,24,23,125666,122380,2593,693,SUMATERA UTARA
2022-08-21,46,0,31,15,125712,122411,2593,708,SUMATERA UTARA
2022-08-22,34,0,69,-35,125746,122480,2593,673,SUMATERA UTARA
2022-08-23,77,0,56,21,125823,122536,2593,694,SUMATERA UTARA
2022-08-24,86,0,45,41,125909,122581,2593,735,SUMATERA UTARA
2022-08-25,59,0,101,-42,125968,122682,2593,693,SUMATERA UTARA
2022-08-26,72,1,36,35,126040,122718,2594,728,SUMATERA UTARA
2022-08-27,57,1,92,-36,126097,122810,2595,692,SUMATERA UTARA
2022-08-28,46,1,37,8,126143,122847,2596,700,SUMATERA UTARA
2022-08-29,33,0,86,-53,126176,122933,2596,647,SUMATERA UTARA
2022-08-30,73,2,84,-13,126249,123017,2598,634,SUMATERA UTARA
2022-08-31,75,1,41,33,126324,123058,2599,667,SUMATERA UTARA
2022-09-01,70,3,65,2,126394,123123,2602,669,SUMATERA UTARA
2022-09-02,43,0,34,9,126437,123157,2602,678,SUMATERA UTARA
2022-09-03,32,0,62,-30,126469,123219,2602,648,SUMATERA UTARA
2022-09-04,31,1,56,-26,126500,123275,2603,622,SUMATERA UTARA
2022-09-05,28,0,54,-26,126528,123329,2603,596,SUMATERA UTARA
2022-09-06,50,2,70,-22,126578,123399,2605,574,SUMATERA UTARA
2022-09-07,50,0,39,11,126628,123438,2605,585,SUMATERA UTARA
2022-09-08,55,0,60,-5,126683,123498,2605,580,SUMATERA UTARA
2022-09-09,47,0,66,-19,126730,123564,2605,561,SUMATERA UTARA
2022-09-10,53,1,63,-11,126783,123627,2606,550,SUMATERA UTARA
2022-09-11,30,0,38,-8,126813,123665,2606,542,SUMATERA UTARA
2022-09-12,24,1,53,-30,126837,123718,2607,512,SUMATERA UTARA
2022-09-13,34,0,36,-2,126871,123754,2607,510,SUMATERA UTARA
2022-09-14,45,1,54,-10,126916,123808,2608,500,SUMATERA UTARA
2022-09-15,41,1,48,-8,126957,123856,2609,492,SUMATERA UTARA
2022-09-16,34,0,47,-13,126991,123903,2609,479,SUMATERA UTARA
2022-09-17,28,0,39,-11,127019,123942,2609,468,SUMATERA UTARA
2022-09-18,21,0,31,-10,127040,123973,2609,458,SUMATERA UTARA
2022-09-19,29,1,61,-33,127069,124034,2610,425,SUMATERA UTARA
2022-09-20,41,0,42,-1,127110,124076,2610,424,SUMATERA UTARA
2022-09-21,29,0,44,-15,127139,124120,2610,409,SUMATERA UTARA
2022-09-22,26,0,56,-30,127165,124176,2610,379,SUMATERA UTARA
2022-09-23,44,1,40,3,127209,124216,2611,382,SUMATERA UTARA
2022-09-24,20,0,36,-16,127229,124252,2611,366,SUMATERA UTARA
2022-09-25,18,0,45,-27,127247,124297,2611,339,SUMATERA UTARA
2022-09-26,12,1,43,-32,127259,124340,2612,307,SUMATERA UTARA
2022-09-27,13,1,7,5,127272,124347,2613,312,SUMATERA UTARA
2022-09-28,24,0,2,22,127296,124349,2613,334,SUMATERA UTARA
2022-09-29,3,0,4,-1,127299,124353,2613,333,SUMATERA UTARA
2022-09-30,26,0,8,18,127325,124361,2613,351,SUMATERA UTARA
2020-03-30,1,0,0,1,1,0,0,1,KEPULAUAN BANGKA BELITUNG
2020-03-31,0,0,0,0,1,0,0,1,KEPULAUAN BANGKA BELITUNG
2020-04-01,0,0,0,0,1,0,0,1,KEPULAUAN BANGKA BELITUNG
2020-04-02,0,0,0,0,1,0,0,1,KEPULAUAN BANGKA BELITUNG
2020-04-03,0,0,0,0,1,0,0,1,KEPULAUAN BANGKA BELITUNG
2020-04-04,0,0,0,0,1,0,0,1,KEPULAUAN BANGKA BELITUNG
2020-04-05,0,0,0,0,1,0,0,1,KEPULAUAN BANGKA BELITUNG
2020-04-06,0,0,0,0,1,0,0,1,KEPULAUAN BANGKA BELITUNG
2020-04-07,0,0,0,0,1,0,0,1,KEPULAUAN BANGKA BELITUNG
2020-04-08,1,0,0,1,2,0,0,2,KEPULAUAN BANGKA BELITUNG
2020-04-09,1,0,0,1,3,0,0,3,KEPULAUAN BANGKA BELITUNG
2020-04-10,0,0,0,0,3,0,0,3,KEPULAUAN BANGKA BELITUNG
2020-04-11,1,0,0,1,4,0,0,4,KEPULAUAN BANGKA BELITUNG
2020-04-12,0,0,0,0,4,0,0,4,KEPULAUAN BANGKA BELITUNG
2020-04-13,0,0,0,0,4,0,0,4,KEPULAUAN BANGKA BELITUNG
2020-04-14,0,0,0,0,4,0,0,4,KEPULAUAN BANGKA BELITUNG
2020-04-15,1,0,0,1,5,0,0,5,KEPULAUAN BANGKA BELITUNG
2020-04-16,1,0,0,1,6,0,0,6,KEPULAUAN BANGKA BELITUNG
2020-04-17,0,0,0,0,6,0,0,6,KEPULAUAN BANGKA BELITUNG
2020-04-18,0,0,1,-1,6,1,0,5,KEPULAUAN BANGKA BELITUNG
2020-04-19,1,0,0,1,7,1,0,6,KEPULAUAN BANGKA BELITUNG
2020-04-20,0,0,0,0,7,1,0,6,KEPULAUAN BANGKA BELITUNG
2020-04-21,0,0,2,-2,7,3,0,4,KEPULAUAN BANGKA BELITUNG
2020-04-22,0,0,0,0,7,3,0,4,KEPULAUAN BANGKA BELITUNG
2020-04-23,1,0,0,1,8,3,0,5,KEPULAUAN BANGKA BELITUNG
2020-04-24,0,0,0,0,8,3,0,5,KEPULAUAN BANGKA BELITUNG
2020-04-25,0,0,0,0,8,3,0,5,KEPULAUAN BANGKA BELITUNG
2020-04-26,1,0,0,1,9,3,0,6,KEPULAUAN BANGKA BELITUNG
2020-04-27,0,0,0,0,9,3,0,6,KEPULAUAN BANGKA BELITUNG
2020-04-28,0,0,0,0,9,3,0,6,KEPULAUAN BANGKA BELITUNG
2020-04-29,0,0,0,0,9,3,0,6,KEPULAUAN BANGKA BELITUNG
2020-04-30,0,0,2,-2,9,5,0,4,KEPULAUAN BANGKA BELITUNG
2020-05-01,8,0,0,8,17,5,0,12,KEPULAUAN BANGKA BELITUNG
2020-05-02,0,0,0,0,17,5,0,12,KEPULAUAN BANGKA BELITUNG
2020-05-03,1,0,0,1,18,5,0,13,KEPULAUAN BANGKA BELITUNG
2020-05-04,0,0,0,0,18,5,0,13,KEPULAUAN BANGKA BELITUNG
2020-05-05,8,0,0,8,26,5,0,21,KEPULAUAN BANGKA BELITUNG
2020-05-06,0,0,1,-1,26,6,0,20,KEPULAUAN BANGKA BELITUNG
2020-05-07,0,0,0,0,26,6,0,20,KEPULAUAN BANGKA BELITUNG
2020-05-08,0,0,1,-1,26,7,0,19,KEPULAUAN BANGKA BELITUNG
2020-05-09,0,0,0,0,26,7,0,19,KEPULAUAN BANGKA BELITUNG
2020-05-10,1,0,0,1,27,7,0,20,KEPULAUAN BANGKA BELITUNG
2020-05-11,0,0,0,0,27,7,0,20,KEPULAUAN BANGKA BELITUNG
2020-05-12,0,0,0,0,27,7,0,20,KEPULAUAN BANGKA BELITUNG
2020-05-13,0,0,0,0,27,7,0,20,KEPULAUAN BANGKA BELITUNG
2020-05-14,0,0,0,0,27,7,0,20,KEPULAUAN BANGKA BELITUNG
2020-05-15,0,0,16,-16,27,23,0,4,KEPULAUAN BANGKA BELITUNG
2020-05-16,0,0,0,0,27,23,0,4,KEPULAUAN BANGKA BELITUNG
2020-05-17,0,0,0,0,27,23,0,4,KEPULAUAN BANGKA BELITUNG
2020-05-18,0,0,0,0,27,23,0,4,KEPULAUAN BANGKA BELITUNG
2020-05-19,0,0,0,0,27,23,0,4,KEPULAUAN BANGKA BELITUNG
2020-05-20,6,0,1,5,33,24,0,9,KEPULAUAN BANGKA BELITUNG
2020-05-21,0,0,1,-1,33,25,0,8,KEPULAUAN BANGKA BELITUNG
2020-05-22,0,0,0,0,33,25,0,8,KEPULAUAN BANGKA BELITUNG
2020-05-23,2,0,1,1,35,26,0,9,KEPULAUAN BANGKA BELITUNG
2020-05-24,0,0,0,0,35,26,0,9,KEPULAUAN BANGKA BELITUNG
2020-05-25,0,0,0,0,35,26,0,9,KEPULAUAN BANGKA BELITUNG
2020-05-26,0,0,0,0,35,26,0,9,KEPULAUAN BANGKA BELITUNG
2020-05-27,3,0,0,3,38,26,0,12,KEPULAUAN BANGKA BELITUNG
2020-05-28,0,0,0,0,38,26,0,12,KEPULAUAN BANGKA BELITUNG
2020-05-29,0,0,0,0,38,26,0,12,KEPULAUAN BANGKA BELITUNG
2020-05-30,3,0,0,3,41,26,0,15,KEPULAUAN BANGKA BELITUNG
2020-05-31,1,0,0,1,42,26,0,16,KEPULAUAN BANGKA BELITUNG
2020-06-01,0,0,0,0,42,26,0,16,KEPULAUAN BANGKA BELITUNG
2020-06-02,4,0,1,3,46,27,0,19,KEPULAUAN BANGKA BELITUNG
2020-06-03,9,0,3,6,55,30,0,25,KEPULAUAN BANGKA BELITUNG
2020-06-04,5,0,2,3,60,32,0,28,KEPULAUAN BANGKA BELITUNG
2020-06-05,8,0,0,8,68,32,0,36,KEPULAUAN BANGKA BELITUNG
2020-06-06,12,0,1,11,80,33,0,47,KEPULAUAN BANGKA BELITUNG
2020-06-07,3,0,1,2,83,34,0,49,KEPULAUAN BANGKA BELITUNG
2020-06-08,0,0,1,-1,83,35,0,48,KEPULAUAN BANGKA BELITUNG
2020-06-09,14,0,3,11,97,38,0,59,KEPULAUAN BANGKA BELITUNG
2020-06-10,2,0,1,1,99,39,0,60,KEPULAUAN BANGKA BELITUNG
2020-06-11,3,0,3,0,102,42,0,60,KEPULAUAN BANGKA BELITUNG
2020-06-12,6,0,5,1,108,47,0,61,KEPULAUAN BANGKA BELITUNG
2020-06-13,4,0,6,-2,112,53,0,59,KEPULAUAN BANGKA BELITUNG
2020-06-14,7,1,0,6,119,53,1,65,KEPULAUAN BANGKA BELITUNG
2020-06-15,0,0,0,0,119,53,1,65,KEPULAUAN BANGKA BELITUNG
2020-06-16,1,0,3,-2,120,56,1,63,KEPULAUAN BANGKA BELITUNG
2020-06-17,2,0,22,-20,122,78,1,43,KEPULAUAN BANGKA BELITUNG
2020-06-18,0,0,5,-5,122,83,1,38,KEPULAUAN BANGKA BELITUNG
2020-06-19,0,0,5,-5,122,88,1,33,KEPULAUAN BANGKA BELITUNG
2020-06-20,1,0,0,1,123,88,1,34,KEPULAUAN BANGKA BELITUNG
2020-06-21,0,0,0,0,123,88,1,34,KEPULAUAN BANGKA BELITUNG
2020-06-22,0,0,8,-8,123,96,1,26,KEPULAUAN BANGKA BELITUNG
2020-06-23,0,0,0,0,123,96,1,26,KEPULAUAN BANGKA BELITUNG
2020-06-24,0,0,8,-8,123,104,1,18,KEPULAUAN BANGKA BELITUNG
2020-06-25,0,0,1,-1,123,105,1,17,KEPULAUAN BANGKA BELITUNG
2020-06-26,0,0,2,-2,123,107,1,15,KEPULAUAN BANGKA BELITUNG
2020-06-27,1,0,2,-1,124,109,1,14,KEPULAUAN BANGKA BELITUNG
2020-06-28,0,0,0,0,124,109,1,14,KEPULAUAN BANGKA BELITUNG
2020-06-29,3,0,1,2,127,110,1,16,KEPULAUAN BANGKA BELITUNG
2020-06-30,0,0,1,-1,127,111,1,15,KEPULAUAN BANGKA BELITUNG
2020-07-01,3,0,1,2,130,112,1,17,KEPULAUAN BANGKA BELITUNG
2020-07-02,0,0,1,-1,130,113,1,16,KEPULAUAN BANGKA BELITUNG
2020-07-03,2,0,0,2,132,113,1,18,KEPULAUAN BANGKA BELITUNG
2020-07-04,3,0,0,3,135,113,1,21,KEPULAUAN BANGKA BELITUNG
2020-07-05,2,0,0,2,137,113,1,23,KEPULAUAN BANGKA BELITUNG
2020-07-06,6,0,0,6,143,113,1,29,KEPULAUAN BANGKA BELITUNG
2020-07-07,2,0,3,-1,145,116,1,28,KEPULAUAN BANGKA BELITUNG
2020-07-08,0,0,0,0,145,116,1,28,KEPULAUAN BANGKA BELITUNG
2020-07-09,0,0,1,-1,145,117,1,27,KEPULAUAN BANGKA BELITUNG
2020-07-10,0,0,1,-1,145,118,1,26,KEPULAUAN BANGKA BELITUNG
2020-07-11,0,0,1,-1,145,119,1,25,KEPULAUAN BANGKA BELITUNG
2020-07-12,0,0,0,0,145,119,1,25,KEPULAUAN BANGKA BELITUNG
2020-07-13,0,0,2,-2,145,121,1,23,KEPULAUAN BANGKA BELITUNG
2020-07-14,2,0,0,2,147,121,1,25,KEPULAUAN BANGKA BELITUNG
2020-07-15,1,0,5,-4,148,126,1,21,KEPULAUAN BANGKA BELITUNG
2020-07-16,0,0,15,-15,148,141,1,6,KEPULAUAN BANGKA BELITUNG
2020-07-17,0,0,0,0,148,141,1,6,KEPULAUAN BANGKA BELITUNG
2020-07-18,1,0,1,0,149,142,1,6,KEPULAUAN BANGKA BELITUNG
2020-07-19,0,0,0,0,149,142,1,6,KEPULAUAN BANGKA BELITUNG
2020-07-20,3,0,0,3,152,142,1,9,KEPULAUAN BANGKA BELITUNG
2020-07-21,0,0,0,0,152,142,1,9,KEPULAUAN BANGKA BELITUNG
2020-07-22,1,0,1,0,153,143,1,9,KEPULAUAN BANGKA BELITUNG
2020-07-23,1,0,0,1,154,143,1,10,KEPULAUAN BANGKA BELITUNG
2020-07-24,3,0,0,3,157,143,1,13,KEPULAUAN BANGKA BELITUNG
2020-07-25,1,0,3,-2,158,146,1,11,KEPULAUAN BANGKA BELITUNG
2020-07-26,2,0,1,1,160,147,1,12,KEPULAUAN BANGKA BELITUNG
2020-07-27,3,0,0,3,163,147,1,15,KEPULAUAN BANGKA BELITUNG
2020-07-28,0,0,0,0,163,147,1,15,KEPULAUAN BANGKA BELITUNG
2020-07-29,2,0,0,2,165,147,1,17,KEPULAUAN BANGKA BELITUNG
2020-07-30,0,0,0,0,165,147,1,17,KEPULAUAN BANGKA BELITUNG
2020-07-31,0,0,0,0,165,147,1,17,KEPULAUAN BANGKA BELITUNG
2020-08-01,0,0,0,0,165,147,1,17,KEPULAUAN BANGKA BELITUNG
2020-08-02,0,0,0,0,165,147,1,17,KEPULAUAN BANGKA BELITUNG
2020-08-03,3,0,0,3,168,147,1,20,KEPULAUAN BANGKA BELITUNG
2020-08-04,0,0,2,-2,168,149,1,18,KEPULAUAN BANGKA BELITUNG
2020-08-05,1,0,6,-5,169,155,1,13,KEPULAUAN BANGKA BELITUNG
2020-08-06,0,0,0,0,169,155,1,13,KEPULAUAN BANGKA BELITUNG
2020-08-07,2,0,3,-1,171,158,1,12,KEPULAUAN BANGKA BELITUNG
2020-08-08,0,0,3,-3,171,161,1,9,KEPULAUAN BANGKA BELITUNG
2020-08-09,0,0,1,-1,171,162,1,8,KEPULAUAN BANGKA BELITUNG
2020-08-10,0,0,0,0,171,162,1,8,KEPULAUAN BANGKA BELITUNG
2020-08-11,0,0,0,0,171,162,1,8,KEPULAUAN BANGKA BELITUNG
2020-08-12,0,0,6,-6,171,168,1,2,KEPULAUAN BANGKA BELITUNG
2020-08-13,0,0,0,0,171,168,1,2,KEPULAUAN BANGKA BELITUNG
2020-08-14,1,0,0,1,172,168,1,3,KEPULAUAN BANGKA BELITUNG
2020-08-15,2,0,0,2,174,168,1,5,KEPULAUAN BANGKA BELITUNG
2020-08-16,4,0,1,3,178,169,1,8,KEPULAUAN BANGKA BELITUNG
2020-08-17,2,0,0,2,180,169,1,10,KEPULAUAN BANGKA BELITUNG
2020-08-18,2,0,1,1,182,170,1,11,KEPULAUAN BANGKA BELITUNG
2020-08-19,1,0,0,1,183,170,1,12,KEPULAUAN BANGKA BELITUNG
2020-08-20,1,0,0,1,184,170,1,13,KEPULAUAN BANGKA BELITUNG
2020-08-21,2,0,0,2,186,170,1,15,KEPULAUAN BANGKA BELITUNG
2020-08-22,4,0,0,4,190,170,1,19,KEPULAUAN BANGKA BELITUNG
2020-08-23,2,0,0,2,192,170,1,21,KEPULAUAN BANGKA BELITUNG
2020-08-24,0,0,1,-1,192,171,1,20,KEPULAUAN BANGKA BELITUNG
2020-08-25,3,0,5,-2,195,176,1,18,KEPULAUAN BANGKA BELITUNG
2020-08-26,3,0,3,0,198,179,1,18,KEPULAUAN BANGKA BELITUNG
2020-08-27,0,0,0,0,198,179,1,18,KEPULAUAN BANGKA BELITUNG
2020-08-28,0,0,2,-2,198,181,1,16,KEPULAUAN BANGKA BELITUNG
2020-08-29,0,0,1,-1,198,182,1,15,KEPULAUAN BANGKA BELITUNG
2020-08-30,4,0,0,4,202,182,1,19,KEPULAUAN BANGKA BELITUNG
2020-08-31,0,0,6,-6,202,188,1,13,KEPULAUAN BANGKA BELITUNG
2020-09-01,0,0,0,0,202,188,1,13,KEPULAUAN BANGKA BELITUNG
2020-09-02,0,0,1,-1,202,189,1,12,KEPULAUAN BANGKA BELITUNG
2020-09-03,0,0,2,-2,202,191,1,10,KEPULAUAN BANGKA BELITUNG
2020-09-04,0,0,2,-2,202,193,1,8,KEPULAUAN BANGKA BELITUNG
2020-09-05,0,0,2,-2,202,195,1,6,KEPULAUAN BANGKA BELITUNG
2020-09-06,0,0,0,0,202,195,1,6,KEPULAUAN BANGKA BELITUNG
2020-09-07,0,0,0,0,202,195,1,6,KEPULAUAN BANGKA BELITUNG
2020-09-08,6,0,3,3,208,198,1,9,KEPULAUAN BANGKA BELITUNG
2020-09-09,2,0,0,2,210,198,1,11,KEPULAUAN BANGKA BELITUNG
2020-09-10,8,1,2,5,218,200,2,16,KEPULAUAN BANGKA BELITUNG
2020-09-11,5,0,0,5,223,200,2,21,KEPULAUAN BANGKA BELITUNG
2020-09-12,4,0,0,4,227,200,2,25,KEPULAUAN BANGKA BELITUNG
2020-09-13,4,0,1,3,231,201,2,28,KEPULAUAN BANGKA BELITUNG
2020-09-14,0,0,0,0,231,201,2,28,KEPULAUAN BANGKA BELITUNG
2020-09-15,1,0,4,-3,232,205,2,25,KEPULAUAN BANGKA BELITUNG
2020-09-16,9,0,1,8,241,206,2,33,KEPULAUAN BANGKA BELITUNG
2020-09-17,8,0,0,8,249,206,2,41,KEPULAUAN BANGKA BELITUNG
2020-09-18,1,1,3,-3,250,209,3,38,KEPULAUAN BANGKA BELITUNG
2020-09-19,4,0,9,-5,254,218,3,33,KEPULAUAN BANGKA BELITUNG
2020-09-20,0,0,1,-1,254,219,3,32,KEPULAUAN BANGKA BELITUNG
2020-09-21,0,0,2,-2,254,221,3,30,KEPULAUAN BANGKA BELITUNG
2020-09-22,6,0,1,5,260,222,3,35,KEPULAUAN BANGKA BELITUNG
2020-09-23,10,0,0,10,270,222,3,45,KEPULAUAN BANGKA BELITUNG
2020-09-24,1,0,2,-1,271,224,3,44,KEPULAUAN BANGKA BELITUNG
2020-09-25,1,0,3,-2,272,227,3,42,KEPULAUAN BANGKA BELITUNG
2020-09-26,1,0,1,0,273,228,3,42,KEPULAUAN BANGKA BELITUNG
2020-09-27,0,0,9,-9,273,237,3,33,KEPULAUAN BANGKA BELITUNG
2020-09-28,0,0,8,-8,273,245,3,25,KEPULAUAN BANGKA BELITUNG
2020-09-29,7,0,1,6,280,246,3,31,KEPULAUAN BANGKA BELITUNG
2020-09-30,12,0,1,11,292,247,3,42,KEPULAUAN BANGKA BELITUNG
2020-10-01,6,0,0,6,298,247,3,48,KEPULAUAN BANGKA BELITUNG
2020-10-02,12,1,7,4,310,254,4,52,KEPULAUAN BANGKA BELITUNG
2020-10-03,17,0,2,15,327,256,4,67,KEPULAUAN BANGKA BELITUNG
2020-10-04,4,0,5,-1,331,261,4,66,KEPULAUAN BANGKA BELITUNG
2020-10-05,7,0,3,4,338,264,4,70,KEPULAUAN BANGKA BELITUNG
2020-10-06,3,0,2,1,341,266,4,71,KEPULAUAN BANGKA BELITUNG
2020-10-07,8,0,1,7,349,267,4,78,KEPULAUAN BANGKA BELITUNG
2020-10-08,1,0,0,1,350,267,4,79,KEPULAUAN BANGKA BELITUNG
2020-10-09,12,0,1,11,362,268,4,90,KEPULAUAN BANGKA BELITUNG
2020-10-10,7,0,18,-11,369,286,4,79,KEPULAUAN BANGKA BELITUNG
2020-10-11,10,0,4,6,379,290,4,85,KEPULAUAN BANGKA BELITUNG
2020-10-12,0,0,2,-2,379,292,4,83,KEPULAUAN BANGKA BELITUNG
2020-10-13,1,0,10,-9,380,302,4,74,KEPULAUAN BANGKA BELITUNG
2020-10-14,5,0,19,-14,385,321,4,60,KEPULAUAN BANGKA BELITUNG
2020-10-15,4,0,8,-4,389,329,4,56,KEPULAUAN BANGKA BELITUNG
2020-10-16,3,0,4,-1,392,333,4,55,KEPULAUAN BANGKA BELITUNG
2020-10-17,6,0,11,-5,398,344,4,50,KEPULAUAN BANGKA BELITUNG
2020-10-18,14,1,3,10,412,347,5,60,KEPULAUAN BANGKA BELITUNG
2020-10-19,1,0,12,-11,413,359,5,49,KEPULAUAN BANGKA BELITUNG
2020-10-20,6,0,5,1,419,364,5,50,KEPULAUAN BANGKA BELITUNG
2020-10-21,11,0,5,6,430,369,5,56,KEPULAUAN BANGKA BELITUNG
2020-10-22,4,0,7,-3,434,376,5,53,KEPULAUAN BANGKA BELITUNG
2020-10-23,0,0,2,-2,434,378,5,51,KEPULAUAN BANGKA BELITUNG
2020-10-24,5,0,2,3,439,380,5,54,KEPULAUAN BANGKA BELITUNG
2020-10-25,4,0,2,2,443,382,5,56,KEPULAUAN BANGKA BELITUNG
2020-10-26,1,0,4,-3,444,386,5,53,KEPULAUAN BANGKA BELITUNG
2020-10-27,8,0,9,-1,452,395,5,52,KEPULAUAN BANGKA BELITUNG
2020-10-28,7,0,11,-4,459,406,5,48,KEPULAUAN BANGKA BELITUNG
2020-10-29,4,0,1,3,463,407,5,51,KEPULAUAN BANGKA BELITUNG
2020-10-30,3,0,0,3,466,407,5,54,KEPULAUAN BANGKA BELITUNG
2020-10-31,2,0,10,-8,468,417,5,46,KEPULAUAN BANGKA BELITUNG
2020-11-01,4,0,2,2,472,419,5,48,KEPULAUAN BANGKA BELITUNG
2020-11-02,5,0,6,-1,477,425,5,47,KEPULAUAN BANGKA BELITUNG
2020-11-03,10,0,7,3,487,432,5,50,KEPULAUAN BANGKA BELITUNG
2020-11-04,27,0,6,21,514,438,5,71,KEPULAUAN BANGKA BELITUNG
2020-11-05,11,0,3,8,525,441,5,79,KEPULAUAN BANGKA BELITUNG
2020-11-06,10,0,9,1,535,450,5,80,KEPULAUAN BANGKA BELITUNG
2020-11-07,10,0,4,6,545,454,5,86,KEPULAUAN BANGKA BELITUNG
2020-11-08,13,0,9,4,558,463,5,90,KEPULAUAN BANGKA BELITUNG
2020-11-09,0,0,7,-7,558,470,5,83,KEPULAUAN BANGKA BELITUNG
2020-11-10,9,1,0,8,567,470,6,91,KEPULAUAN BANGKA BELITUNG
2020-11-11,41,0,3,38,608,473,6,129,KEPULAUAN BANGKA BELITUNG
2020-11-12,17,2,1,14,625,474,8,143,KEPULAUAN BANGKA BELITUNG
2020-11-13,10,0,8,2,635,482,8,145,KEPULAUAN BANGKA BELITUNG
2020-11-14,11,0,32,-21,646,514,8,124,KEPULAUAN BANGKA BELITUNG
2020-11-15,0,0,9,-9,646,523,8,115,KEPULAUAN BANGKA BELITUNG
2020-11-16,2,0,5,-3,648,528,8,112,KEPULAUAN BANGKA BELITUNG
2020-11-17,12,0,37,-25,660,565,8,87,KEPULAUAN BANGKA BELITUNG
2020-11-18,10,0,11,-1,670,576,8,86,KEPULAUAN BANGKA BELITUNG
2020-11-19,21,1,0,20,691,576,9,106,KEPULAUAN BANGKA BELITUNG
2020-11-20,8,0,25,-17,699,601,9,89,KEPULAUAN BANGKA BELITUNG
2020-11-21,5,0,6,-1,704,607,9,88,KEPULAUAN BANGKA BELITUNG
2020-11-22,6,0,4,2,710,611,9,90,KEPULAUAN BANGKA BELITUNG
2020-11-23,9,0,5,4,719,616,9,94,KEPULAUAN BANGKA BELITUNG
2020-11-24,10,0,4,6,729,620,9,100,KEPULAUAN BANGKA BELITUNG
2020-11-25,14,0,10,4,743,630,9,104,KEPULAUAN BANGKA BELITUNG
2020-11-26,12,0,2,10,755,632,9,114,KEPULAUAN BANGKA BELITUNG
2020-11-27,12,0,9,3,767,641,9,117,KEPULAUAN BANGKA BELITUNG
2020-11-28,14,0,18,-4,781,659,9,113,KEPULAUAN BANGKA BELITUNG
2020-11-29,8,0,20,-12,789,679,9,101,KEPULAUAN BANGKA BELITUNG
2020-11-30,6,0,8,-2,795,687,9,99,KEPULAUAN BANGKA BELITUNG
2020-12-01,26,1,18,7,821,705,10,106,KEPULAUAN BANGKA BELITUNG
2020-12-02,14,0,5,9,835,710,10,115,KEPULAUAN BANGKA BELITUNG
2020-12-03,26,1,6,19,861,716,11,134,KEPULAUAN BANGKA BELITUNG
2020-12-04,67,0,4,63,928,720,11,197,KEPULAUAN BANGKA BELITUNG
2020-12-05,21,2,19,0,949,739,13,197,KEPULAUAN BANGKA BELITUNG
2020-12-06,30,0,22,8,979,761,13,205,KEPULAUAN BANGKA BELITUNG
2020-12-07,11,1,17,-7,990,778,14,198,KEPULAUAN BANGKA BELITUNG
2020-12-08,29,0,12,17,1019,790,14,215,KEPULAUAN BANGKA BELITUNG
2020-12-09,19,1,7,11,1038,797,15,226,KEPULAUAN BANGKA BELITUNG
2020-12-10,10,0,4,6,1048,801,15,232,KEPULAUAN BANGKA BELITUNG
2020-12-11,17,0,41,-24,1065,842,15,208,KEPULAUAN BANGKA BELITUNG
2020-12-12,34,0,11,23,1099,853,15,231,KEPULAUAN BANGKA BELITUNG
2020-12-13,39,0,28,11,1138,881,15,242,KEPULAUAN BANGKA BELITUNG
2020-12-14,12,0,23,-11,1150,904,15,231,KEPULAUAN BANGKA BELITUNG
2020-12-15,31,1,41,-11,1181,945,16,220,KEPULAUAN BANGKA BELITUNG
2020-12-16,32,3,25,4,1213,970,19,224,KEPULAUAN BANGKA BELITUNG
2020-12-17,44,0,11,33,1257,981,19,257,KEPULAUAN BANGKA BELITUNG
2020-12-18,30,0,21,9,1287,1002,19,266,KEPULAUAN BANGKA BELITUNG
2020-12-19,26,1,28,-3,1313,1030,20,263,KEPULAUAN BANGKA BELITUNG
2020-12-20,40,1,20,19,1353,1050,21,282,KEPULAUAN BANGKA BELITUNG
2020-12-21,16,0,32,-16,1369,1082,21,266,KEPULAUAN BANGKA BELITUNG
2020-12-22,28,1,23,4,1397,1105,22,270,KEPULAUAN BANGKA BELITUNG
2020-12-23,41,0,3,38,1438,1108,22,308,KEPULAUAN BANGKA BELITUNG
2020-12-24,59,0,14,45,1497,1122,22,353,KEPULAUAN BANGKA BELITUNG
2020-12-25,57,1,41,15,1554,1163,23,368,KEPULAUAN BANGKA BELITUNG
2020-12-26,39,0,13,26,1593,1176,23,394,KEPULAUAN BANGKA BELITUNG
2020-12-27,64,1,48,15,1657,1224,24,409,KEPULAUAN BANGKA BELITUNG
2020-12-28,51,0,36,15,1708,1260,24,424,KEPULAUAN BANGKA BELITUNG
2020-12-29,43,1,35,7,1751,1295,25,431,KEPULAUAN BANGKA BELITUNG
2020-12-30,64,1,27,36,1815,1322,26,467,KEPULAUAN BANGKA BELITUNG
2020-12-31,46,1,42,3,1861,1364,27,470,KEPULAUAN BANGKA BELITUNG
2021-01-01,63,1,37,25,1924,1401,28,495,KEPULAUAN BANGKA BELITUNG
2021-01-02,49,0,25,24,1973,1426,28,519,KEPULAUAN BANGKA BELITUNG
2021-01-03,47,0,46,1,2020,1472,28,520,KEPULAUAN BANGKA BELITUNG
2021-01-04,38,2,36,0,2058,1508,30,520,KEPULAUAN BANGKA BELITUNG
2021-01-05,41,2,73,-34,2099,1581,32,486,KEPULAUAN BANGKA BELITUNG
2021-01-06,63,3,58,2,2162,1639,35,488,KEPULAUAN BANGKA BELITUNG
2021-01-07,38,3,66,-31,2200,1705,38,457,KEPULAUAN BANGKA BELITUNG
2021-01-08,54,0,41,13,2254,1746,38,470,KEPULAUAN BANGKA BELITUNG
2021-01-09,60,0,28,32,2314,1774,38,502,KEPULAUAN BANGKA BELITUNG
2021-01-10,75,3,70,2,2389,1844,41,504,KEPULAUAN BANGKA BELITUNG
2021-01-11,77,1,52,24,2466,1896,42,528,KEPULAUAN BANGKA BELITUNG
2021-01-12,34,0,28,6,2500,1924,42,534,KEPULAUAN BANGKA BELITUNG
2021-01-13,69,2,55,12,2569,1979,44,546,KEPULAUAN BANGKA BELITUNG
2021-01-14,54,2,57,-5,2623,2036,46,541,KEPULAUAN BANGKA BELITUNG
2021-01-15,38,2,63,-27,2661,2099,48,514,KEPULAUAN BANGKA BELITUNG
2021-01-16,55,1,37,17,2716,2136,49,531,KEPULAUAN BANGKA BELITUNG
2021-01-17,68,1,74,-7,2784,2210,50,524,KEPULAUAN BANGKA BELITUNG
2021-01-18,47,2,64,-19,2831,2274,52,505,KEPULAUAN BANGKA BELITUNG
2021-01-19,34,1,36,-3,2865,2310,53,502,KEPULAUAN BANGKA BELITUNG
2021-01-20,43,3,64,-24,2908,2374,56,478,KEPULAUAN BANGKA BELITUNG
2021-01-21,57,3,47,7,2965,2421,59,485,KEPULAUAN BANGKA BELITUNG
2021-01-22,87,0,86,1,3052,2507,59,486,KEPULAUAN BANGKA BELITUNG
2021-01-23,81,1,93,-13,3133,2600,60,473,KEPULAUAN BANGKA BELITUNG
2021-01-24,59,1,39,19,3192,2639,61,492,KEPULAUAN BANGKA BELITUNG
2021-01-25,94,0,110,-16,3286,2749,61,476,KEPULAUAN BANGKA BELITUNG
2021-01-26,63,1,58,4,3349,2807,62,480,KEPULAUAN BANGKA BELITUNG
2021-01-27,69,0,64,5,3418,2871,62,485,KEPULAUAN BANGKA BELITUNG
2021-01-28,75,0,57,18,3493,2928,62,503,KEPULAUAN BANGKA BELITUNG
2021-01-29,100,1,65,34,3593,2993,63,537,KEPULAUAN BANGKA BELITUNG
2021-01-30,105,1,80,24,3698,3073,64,561,KEPULAUAN BANGKA BELITUNG
2021-01-31,43,0,59,-16,3741,3132,64,545,KEPULAUAN BANGKA BELITUNG
2021-02-01,60,1,33,26,3801,3165,65,571,KEPULAUAN BANGKA BELITUNG
2021-02-02,33,0,43,-10,3834,3208,65,561,KEPULAUAN BANGKA BELITUNG
2021-02-03,79,1,56,22,3913,3264,66,583,KEPULAUAN BANGKA BELITUNG
2021-02-04,97,0,89,8,4010,3353,66,591,KEPULAUAN BANGKA BELITUNG
2021-02-05,94,1,69,24,4104,3422,67,615,KEPULAUAN BANGKA BELITUNG
2021-02-06,105,1,90,14,4209,3512,68,629,KEPULAUAN BANGKA BELITUNG
2021-02-07,76,1,87,-12,4285,3599,69,617,KEPULAUAN BANGKA BELITUNG
2021-02-08,76,1,58,17,4361,3657,70,634,KEPULAUAN BANGKA BELITUNG
2021-02-09,18,1,43,-26,4379,3700,71,608,KEPULAUAN BANGKA BELITUNG
2021-02-10,67,0,76,-9,4446,3776,71,599,KEPULAUAN BANGKA BELITUNG
2021-02-11,131,2,79,50,4577,3855,73,649,KEPULAUAN BANGKA BELITUNG
2021-02-12,98,1,132,-35,4675,3987,74,614,KEPULAUAN BANGKA BELITUNG
2021-02-13,105,1,103,1,4780,4090,75,615,KEPULAUAN BANGKA BELITUNG
2021-02-14,103,0,58,45,4883,4148,75,660,KEPULAUAN BANGKA BELITUNG
2021-02-15,113,0,102,11,4996,4250,75,671,KEPULAUAN BANGKA BELITUNG
2021-02-16,41,0,11,30,5037,4261,75,701,KEPULAUAN BANGKA BELITUNG
2021-02-17,88,0,15,73,5125,4276,75,774,KEPULAUAN BANGKA BELITUNG
2021-02-18,99,5,204,-110,5224,4480,80,664,KEPULAUAN BANGKA BELITUNG
2021-02-19,60,1,142,-83,5284,4622,81,581,KEPULAUAN BANGKA BELITUNG
2021-02-20,109,1,75,33,5393,4697,82,614,KEPULAUAN BANGKA BELITUNG
2021-02-21,47,1,39,7,5440,4736,83,621,KEPULAUAN BANGKA BELITUNG
2021-02-22,55,0,64,-9,5495,4800,83,612,KEPULAUAN BANGKA BELITUNG
2021-02-23,29,1,31,-3,5524,4831,84,609,KEPULAUAN BANGKA BELITUNG
2021-02-24,189,1,48,140,5713,4879,85,749,KEPULAUAN BANGKA BELITUNG
2021-02-25,34,1,235,-202,5747,5114,86,547,KEPULAUAN BANGKA BELITUNG
2021-02-26,63,1,40,22,5810,5154,87,569,KEPULAUAN BANGKA BELITUNG
2021-02-27,37,1,66,-30,5847,5220,88,539,KEPULAUAN BANGKA BELITUNG
2021-02-28,35,0,68,-33,5882,5288,88,506,KEPULAUAN BANGKA BELITUNG
2021-03-01,19,1,44,-26,5901,5332,89,480,KEPULAUAN BANGKA BELITUNG
2021-03-02,20,0,40,-20,5921,5372,89,460,KEPULAUAN BANGKA BELITUNG
2021-03-03,43,0,59,-16,5964,5431,89,444,KEPULAUAN BANGKA BELITUNG
2021-03-04,27,0,30,-3,5991,5461,89,441,KEPULAUAN BANGKA BELITUNG
2021-03-05,39,0,66,-27,6030,5527,89,414,KEPULAUAN BANGKA BELITUNG
2021-03-06,64,1,69,-6,6094,5596,90,408,KEPULAUAN BANGKA BELITUNG
2021-03-07,26,2,50,-26,6120,5646,92,382,KEPULAUAN BANGKA BELITUNG
2021-03-08,48,1,42,5,6168,5688,93,387,KEPULAUAN BANGKA BELITUNG
2021-03-09,41,1,44,-4,6209,5732,94,383,KEPULAUAN BANGKA BELITUNG
2021-03-10,18,0,8,10,6227,5740,94,393,KEPULAUAN BANGKA BELITUNG
2021-03-11,42,0,14,28,6269,5754,94,421,KEPULAUAN BANGKA BELITUNG
2021-03-12,50,3,49,-2,6319,5803,97,419,KEPULAUAN BANGKA BELITUNG
2021-03-13,51,1,34,16,6370,5837,98,435,KEPULAUAN BANGKA BELITUNG
2021-03-14,70,0,21,49,6440,5858,98,484,KEPULAUAN BANGKA BELITUNG
2021-03-15,36,2,17,17,6476,5875,100,501,KEPULAUAN BANGKA BELITUNG
2021-03-16,72,0,40,32,6548,5915,100,533,KEPULAUAN BANGKA BELITUNG
2021-03-17,41,0,23,18,6589,5938,100,551,KEPULAUAN BANGKA BELITUNG
2021-03-18,45,3,53,-11,6634,5991,103,540,KEPULAUAN BANGKA BELITUNG
2021-03-19,46,1,30,15,6680,6021,104,555,KEPULAUAN BANGKA BELITUNG
2021-03-20,133,1,84,48,6813,6105,105,603,KEPULAUAN BANGKA BELITUNG
2021-03-21,79,2,74,3,6892,6179,107,606,KEPULAUAN BANGKA BELITUNG
2021-03-22,67,2,65,0,6959,6244,109,606,KEPULAUAN BANGKA BELITUNG
2021-03-23,33,0,72,-39,6992,6316,109,567,KEPULAUAN BANGKA BELITUNG
2021-03-24,59,0,39,20,7051,6355,109,587,KEPULAUAN BANGKA BELITUNG
2021-03-25,76,1,68,7,7127,6423,110,594,KEPULAUAN BANGKA BELITUNG
2021-03-26,39,0,73,-34,7166,6496,110,560,KEPULAUAN BANGKA BELITUNG
2021-03-27,59,2,37,20,7225,6533,112,580,KEPULAUAN BANGKA BELITUNG
2021-03-28,73,1,41,31,7298,6574,113,611,KEPULAUAN BANGKA BELITUNG
2021-03-29,50,1,44,5,7348,6618,114,616,KEPULAUAN BANGKA BELITUNG
2021-03-30,70,3,46,21,7418,6664,117,637,KEPULAUAN BANGKA BELITUNG
2021-03-31,53,1,66,-14,7471,6730,118,623,KEPULAUAN BANGKA BELITUNG
2021-04-01,84,1,49,34,7555,6779,119,657,KEPULAUAN BANGKA BELITUNG
2021-04-02,37,0,52,-15,7592,6831,119,642,KEPULAUAN BANGKA BELITUNG
2021-04-03,68,1,82,-15,7660,6913,120,627,KEPULAUAN BANGKA BELITUNG
2021-04-04,47,1,44,2,7707,6957,121,629,KEPULAUAN BANGKA BELITUNG
2021-04-05,80,2,73,5,7787,7030,123,634,KEPULAUAN BANGKA BELITUNG
2021-04-06,48,2,26,20,7835,7056,125,654,KEPULAUAN BANGKA BELITUNG
2021-04-07,59,0,58,1,7894,7114,125,655,KEPULAUAN BANGKA BELITUNG
2021-04-08,71,0,101,-30,7965,7215,125,625,KEPULAUAN BANGKA BELITUNG
2021-04-09,60,1,38,21,8025,7253,126,646,KEPULAUAN BANGKA BELITUNG
2021-04-10,49,1,72,-24,8074,7325,127,622,KEPULAUAN BANGKA BELITUNG
2021-04-11,147,2,108,37,8221,7433,129,659,KEPULAUAN BANGKA BELITUNG
2021-04-12,69,1,42,26,8290,7475,130,685,KEPULAUAN BANGKA BELITUNG
2021-04-13,89,0,52,37,8379,7527,130,722,KEPULAUAN BANGKA BELITUNG
2021-04-14,108,0,26,82,8487,7553,130,804,KEPULAUAN BANGKA BELITUNG
2021-04-15,162,2,92,68,8649,7645,132,872,KEPULAUAN BANGKA BELITUNG
2021-04-16,117,1,51,65,8766,7696,133,937,KEPULAUAN BANGKA BELITUNG
2021-04-17,82,2,35,45,8848,7731,135,982,KEPULAUAN BANGKA BELITUNG
2021-04-18,90,0,41,49,8938,7772,135,1031,KEPULAUAN BANGKA BELITUNG
2021-04-19,62,4,139,-81,9000,7911,139,950,KEPULAUAN BANGKA BELITUNG
2021-04-20,119,2,105,12,9119,8016,141,962,KEPULAUAN BANGKA BELITUNG
2021-04-21,126,0,58,68,9245,8074,141,1030,KEPULAUAN BANGKA BELITUNG
2021-04-22,112,2,75,35,9357,8149,143,1065,KEPULAUAN BANGKA BELITUNG
2021-04-23,271,0,220,51,9628,8369,143,1116,KEPULAUAN BANGKA BELITUNG
2021-04-24,134,2,164,-32,9762,8533,145,1084,KEPULAUAN BANGKA BELITUNG
2021-04-25,200,1,98,101,9962,8631,146,1185,KEPULAUAN BANGKA BELITUNG
2021-04-26,152,4,133,15,10114,8764,150,1200,KEPULAUAN BANGKA BELITUNG
2021-04-27,121,3,249,-131,10235,9013,153,1069,KEPULAUAN BANGKA BELITUNG
2021-04-28,110,3,56,51,10345,9069,156,1120,KEPULAUAN BANGKA BELITUNG
2021-04-29,200,2,97,101,10545,9166,158,1221,KEPULAUAN BANGKA BELITUNG
2021-04-30,187,3,124,60,10732,9290,161,1281,KEPULAUAN BANGKA BELITUNG
2021-05-01,158,2,113,43,10890,9403,163,1324,KEPULAUAN BANGKA BELITUNG
2021-05-02,68,3,74,-9,10958,9477,166,1315,KEPULAUAN BANGKA BELITUNG
2021-05-03,62,1,105,-44,11020,9582,167,1271,KEPULAUAN BANGKA BELITUNG
2021-05-04,148,1,171,-24,11168,9753,168,1247,KEPULAUAN BANGKA BELITUNG
2021-05-05,102,1,101,0,11270,9854,169,1247,KEPULAUAN BANGKA BELITUNG
2021-05-06,136,1,123,12,11406,9977,170,1259,KEPULAUAN BANGKA BELITUNG
2021-05-07,161,0,273,-112,11567,10250,170,1147,KEPULAUAN BANGKA BELITUNG
2021-05-08,213,6,123,84,11780,10373,176,1231,KEPULAUAN BANGKA BELITUNG
2021-05-09,151,2,112,37,11931,10485,178,1268,KEPULAUAN BANGKA BELITUNG
2021-05-10,88,0,112,-24,12019,10597,178,1244,KEPULAUAN BANGKA BELITUNG
2021-05-11,123,1,144,-22,12142,10741,179,1222,KEPULAUAN BANGKA BELITUNG
2021-05-12,171,1,91,79,12313,10832,180,1301,KEPULAUAN BANGKA BELITUNG
2021-05-13,60,2,66,-8,12373,10898,182,1293,KEPULAUAN BANGKA BELITUNG
2021-05-14,56,0,114,-58,12429,11012,182,1235,KEPULAUAN BANGKA BELITUNG
2021-05-15,29,2,114,-87,12458,11126,184,1148,KEPULAUAN BANGKA BELITUNG
2021-05-16,61,2,146,-87,12519,11272,186,1061,KEPULAUAN BANGKA BELITUNG
2021-05-17,81,1,164,-84,12600,11436,187,977,KEPULAUAN BANGKA BELITUNG
2021-05-18,104,0,251,-147,12704,11687,187,830,KEPULAUAN BANGKA BELITUNG
2021-05-19,133,2,111,20,12837,11798,189,850,KEPULAUAN BANGKA BELITUNG
2021-05-20,159,2,117,40,12996,11915,191,890,KEPULAUAN BANGKA BELITUNG
2021-05-21,199,1,68,130,13195,11983,192,1020,KEPULAUAN BANGKA BELITUNG
2021-05-22,148,1,59,88,13343,12042,193,1108,KEPULAUAN BANGKA BELITUNG
2021-05-23,138,0,113,25,13481,12155,193,1133,KEPULAUAN BANGKA BELITUNG
2021-05-24,114,0,83,31,13595,12238,193,1164,KEPULAUAN BANGKA BELITUNG
2021-05-25,133,5,50,78,13728,12288,198,1242,KEPULAUAN BANGKA BELITUNG
2021-05-26,210,2,62,146,13938,12350,200,1388,KEPULAUAN BANGKA BELITUNG
2021-05-27,102,2,81,19,14040,12431,202,1407,KEPULAUAN BANGKA BELITUNG
2021-05-28,143,5,101,37,14183,12532,207,1444,KEPULAUAN BANGKA BELITUNG
2021-05-29,141,1,172,-32,14324,12704,208,1412,KEPULAUAN BANGKA BELITUNG
2021-05-30,188,0,100,88,14512,12804,208,1500,KEPULAUAN BANGKA BELITUNG
2021-05-31,107,0,194,-87,14619,12998,208,1413,KEPULAUAN BANGKA BELITUNG
2021-06-01,73,1,138,-66,14692,13136,209,1347,KEPULAUAN BANGKA BELITUNG
2021-06-02,76,4,121,-49,14768,13257,213,1298,KEPULAUAN BANGKA BELITUNG
2021-06-03,122,0,190,-68,14890,13447,213,1230,KEPULAUAN BANGKA BELITUNG
2021-06-04,213,3,134,76,15103,13581,216,1306,KEPULAUAN BANGKA BELITUNG
2021-06-05,125,3,109,13,15228,13690,219,1319,KEPULAUAN BANGKA BELITUNG
2021-06-06,45,3,144,-102,15273,13834,222,1217,KEPULAUAN BANGKA BELITUNG
2021-06-07,50,4,182,-136,15323,14016,226,1081,KEPULAUAN BANGKA BELITUNG
2021-06-08,91,2,95,-6,15414,14111,228,1075,KEPULAUAN BANGKA BELITUNG
2021-06-09,85,4,118,-37,15499,14229,232,1038,KEPULAUAN BANGKA BELITUNG
2021-06-10,73,4,120,-51,15572,14349,236,987,KEPULAUAN BANGKA BELITUNG
2021-06-11,80,1,112,-33,15652,14461,237,954,KEPULAUAN BANGKA BELITUNG
2021-06-12,44,0,157,-113,15696,14618,237,841,KEPULAUAN BANGKA BELITUNG
2021-06-13,32,0,108,-76,15728,14726,237,765,KEPULAUAN BANGKA BELITUNG
2021-06-14,32,1,90,-59,15760,14816,238,706,KEPULAUAN BANGKA BELITUNG
2021-06-15,57,1,118,-62,15817,14934,239,644,KEPULAUAN BANGKA BELITUNG
2021-06-16,72,1,89,-18,15889,15023,240,626,KEPULAUAN BANGKA BELITUNG
2021-06-17,75,3,94,-22,15964,15117,243,604,KEPULAUAN BANGKA BELITUNG
2021-06-18,61,1,52,8,16025,15169,244,612,KEPULAUAN BANGKA BELITUNG
2021-06-19,63,1,64,-2,16088,15233,245,610,KEPULAUAN BANGKA BELITUNG
2021-06-20,38,1,65,-28,16126,15298,246,582,KEPULAUAN BANGKA BELITUNG
2021-06-21,24,2,60,-38,16150,15358,248,544,KEPULAUAN BANGKA BELITUNG
2021-06-22,67,2,59,6,16217,15417,250,550,KEPULAUAN BANGKA BELITUNG
2021-06-23,77,1,47,29,16294,15464,251,579,KEPULAUAN BANGKA BELITUNG
2021-06-24,99,0,54,45,16393,15518,251,624,KEPULAUAN BANGKA BELITUNG
2021-06-25,59,1,57,1,16452,15575,252,625,KEPULAUAN BANGKA BELITUNG
2021-06-26,98,1,52,45,16550,15627,253,670,KEPULAUAN BANGKA BELITUNG
2021-06-27,82,0,64,18,16632,15691,253,688,KEPULAUAN BANGKA BELITUNG
2021-06-28,79,1,65,13,16711,15756,254,701,KEPULAUAN BANGKA BELITUNG
2021-06-29,69,0,46,23,16780,15802,254,724,KEPULAUAN BANGKA BELITUNG
2021-06-30,132,0,65,67,16912,15867,254,791,KEPULAUAN BANGKA BELITUNG
2021-07-01,197,3,73,121,17109,15940,257,912,KEPULAUAN BANGKA BELITUNG
2021-07-02,153,5,54,94,17262,15994,262,1006,KEPULAUAN BANGKA BELITUNG
2021-07-03,129,0,73,56,17391,16067,262,1062,KEPULAUAN BANGKA BELITUNG
2021-07-04,140,1,86,53,17531,16153,263,1115,KEPULAUAN BANGKA BELITUNG
2021-07-05,141,2,84,55,17672,16237,265,1170,KEPULAUAN BANGKA BELITUNG
2021-07-06,198,3,65,130,17870,16302,268,1300,KEPULAUAN BANGKA BELITUNG
2021-07-07,188,7,77,104,18058,16379,275,1404,KEPULAUAN BANGKA BELITUNG
2021-07-08,241,4,78,159,18299,16457,279,1563,KEPULAUAN BANGKA BELITUNG
2021-07-09,235,5,97,133,18534,16554,284,1696,KEPULAUAN BANGKA BELITUNG
2021-07-10,268,4,138,126,18802,16692,288,1822,KEPULAUAN BANGKA BELITUNG
2021-07-11,216,5,122,89,19018,16814,293,1911,KEPULAUAN BANGKA BELITUNG
2021-07-12,174,5,134,35,19192,16948,298,1946,KEPULAUAN BANGKA BELITUNG
2021-07-13,414,11,103,300,19606,17051,309,2246,KEPULAUAN BANGKA BELITUNG
2021-07-14,403,9,170,224,20009,17221,318,2470,KEPULAUAN BANGKA BELITUNG
2021-07-15,397,7,118,272,20406,17339,325,2742,KEPULAUAN BANGKA BELITUNG
2021-07-16,355,9,191,155,20761,17530,334,2897,KEPULAUAN BANGKA BELITUNG
2021-07-17,382,12,117,253,21143,17647,346,3150,KEPULAUAN BANGKA BELITUNG
2021-07-18,242,8,225,9,21385,17872,354,3159,KEPULAUAN BANGKA BELITUNG
2021-07-19,224,10,225,-11,21609,18097,364,3148,KEPULAUAN BANGKA BELITUNG
2021-07-20,212,12,246,-46,21821,18343,376,3102,KEPULAUAN BANGKA BELITUNG
2021-07-21,224,18,179,27,22045,18522,394,3129,KEPULAUAN BANGKA BELITUNG
2021-07-22,431,6,236,189,22476,18758,400,3318,KEPULAUAN BANGKA BELITUNG
2021-07-23,492,15,323,154,22968,19081,415,3472,KEPULAUAN BANGKA BELITUNG
2021-07-24,470,16,266,188,23438,19347,431,3660,KEPULAUAN BANGKA BELITUNG
2021-07-25,496,9,283,204,23934,19630,440,3864,KEPULAUAN BANGKA BELITUNG
2021-07-26,189,13,311,-135,24123,19941,453,3729,KEPULAUAN BANGKA BELITUNG
2021-07-27,570,15,250,305,24693,20191,468,4034,KEPULAUAN BANGKA BELITUNG
2021-07-28,506,14,366,126,25199,20557,482,4160,KEPULAUAN BANGKA BELITUNG
2021-07-29,471,15,222,234,25670,20779,497,4394,KEPULAUAN BANGKA BELITUNG
2021-07-30,466,15,376,75,26136,21155,512,4469,KEPULAUAN BANGKA BELITUNG
2021-07-31,459,12,392,55,26595,21547,524,4524,KEPULAUAN BANGKA BELITUNG
2021-08-01,362,19,332,11,26957,21879,543,4535,KEPULAUAN BANGKA BELITUNG
2021-08-02,266,21,317,-72,27223,22196,564,4463,KEPULAUAN BANGKA BELITUNG
2021-08-03,653,16,369,268,27876,22565,580,4731,KEPULAUAN BANGKA BELITUNG
2021-08-04,691,16,421,254,28567,22986,596,4985,KEPULAUAN BANGKA BELITUNG
2021-08-05,647,21,384,242,29214,23370,617,5227,KEPULAUAN BANGKA BELITUNG
2021-08-06,704,22,398,284,29918,23768,639,5511,KEPULAUAN BANGKA BELITUNG
2021-08-07,515,18,415,82,30433,24183,657,5593,KEPULAUAN BANGKA BELITUNG
2021-08-08,388,28,496,-136,30821,24679,685,5457,KEPULAUAN BANGKA BELITUNG
2021-08-09,175,15,391,-231,30996,25070,700,5226,KEPULAUAN BANGKA BELITUNG
2021-08-10,549,24,459,66,31545,25529,724,5292,KEPULAUAN BANGKA BELITUNG
2021-08-11,396,21,401,-26,31941,25930,745,5266,KEPULAUAN BANGKA BELITUNG
2021-08-12,316,18,355,-57,32257,26285,763,5209,KEPULAUAN BANGKA BELITUNG
2021-08-13,536,21,516,-1,32793,26801,784,5208,KEPULAUAN BANGKA BELITUNG
2021-08-14,457,12,415,30,33250,27216,796,5238,KEPULAUAN BANGKA BELITUNG
2021-08-15,250,6,453,-209,33500,27669,802,5029,KEPULAUAN BANGKA BELITUNG
2021-08-16,186,11,447,-272,33686,28116,813,4757,KEPULAUAN BANGKA BELITUNG
2021-08-17,279,10,559,-290,33965,28675,823,4467,KEPULAUAN BANGKA BELITUNG
2021-08-18,223,12,327,-116,34188,29002,835,4351,KEPULAUAN BANGKA BELITUNG
2021-08-19,352,9,468,-125,34540,29470,844,4226,KEPULAUAN BANGKA BELITUNG
2021-08-20,356,14,467,-125,34896,29937,858,4101,KEPULAUAN BANGKA BELITUNG
2021-08-21,302,11,392,-101,35198,30329,869,4000,KEPULAUAN BANGKA BELITUNG
2021-08-22,243,12,364,-133,35441,30693,881,3867,KEPULAUAN BANGKA BELITUNG
2021-08-23,149,12,404,-267,35590,31097,893,3600,KEPULAUAN BANGKA BELITUNG
2021-08-24,364,14,268,82,35954,31365,907,3682,KEPULAUAN BANGKA BELITUNG
2021-08-25,304,19,336,-51,36258,31701,926,3631,KEPULAUAN BANGKA BELITUNG
2021-08-26,289,10,272,7,36547,31973,936,3638,KEPULAUAN BANGKA BELITUNG
2021-08-27,254,14,328,-88,36801,32301,950,3550,KEPULAUAN BANGKA BELITUNG
2021-08-28,238,10,325,-97,37039,32626,960,3453,KEPULAUAN BANGKA BELITUNG
2021-08-29,181,11,246,-76,37220,32872,971,3377,KEPULAUAN BANGKA BELITUNG
2021-08-30,122,5,302,-185,37342,33174,976,3192,KEPULAUAN BANGKA BELITUNG
2021-08-31,271,9,263,-1,37613,33437,985,3191,KEPULAUAN BANGKA BELITUNG
2021-09-01,227,7,296,-76,37840,33733,992,3115,KEPULAUAN BANGKA BELITUNG
2021-09-02,228,3,215,10,38068,33948,995,3125,KEPULAUAN BANGKA BELITUNG
2021-09-03,195,6,249,-60,38263,34197,1001,3065,KEPULAUAN BANGKA BELITUNG
2021-09-04,193,7,285,-99,38456,34482,1008,2966,KEPULAUAN BANGKA BELITUNG
2021-09-05,132,8,188,-64,38588,34670,1016,2902,KEPULAUAN BANGKA BELITUNG
2021-09-06,121,5,246,-130,38709,34916,1021,2772,KEPULAUAN BANGKA BELITUNG
2021-09-07,248,9,183,56,38957,35099,1030,2828,KEPULAUAN BANGKA BELITUNG
2021-09-08,202,7,246,-51,39159,35345,1037,2777,KEPULAUAN BANGKA BELITUNG
2021-09-09,195,8,205,-18,39354,35550,1045,2759,KEPULAUAN BANGKA BELITUNG
2021-09-10,116,6,154,-44,39470,35704,1051,2715,KEPULAUAN BANGKA BELITUNG
2021-09-11,162,6,211,-55,39632,35915,1057,2660,KEPULAUAN BANGKA BELITUNG
2021-09-12,100,4,182,-86,39732,36097,1061,2574,KEPULAUAN BANGKA BELITUNG
2021-09-13,61,4,239,-182,39793,36336,1065,2392,KEPULAUAN BANGKA BELITUNG
2021-09-14,124,4,219,-99,39917,36555,1069,2293,KEPULAUAN BANGKA BELITUNG
2021-09-15,104,4,266,-166,40021,36821,1073,2127,KEPULAUAN BANGKA BELITUNG
2021-09-16,84,3,326,-245,40105,37147,1076,1882,KEPULAUAN BANGKA BELITUNG
2021-09-17,98,2,230,-134,40203,37377,1078,1748,KEPULAUAN BANGKA BELITUNG
2021-09-18,91,5,209,-123,40294,37586,1083,1625,KEPULAUAN BANGKA BELITUNG
2021-09-19,51,3,183,-135,40345,37769,1086,1490,KEPULAUAN BANGKA BELITUNG
2021-09-20,59,6,179,-126,40404,37948,1092,1364,KEPULAUAN BANGKA BELITUNG
2021-09-21,69,1,223,-155,40473,38171,1093,1209,KEPULAUAN BANGKA BELITUNG
2021-09-22,60,5,119,-64,40533,38290,1098,1145,KEPULAUAN BANGKA BELITUNG
2021-09-23,76,4,166,-94,40609,38456,1102,1051,KEPULAUAN BANGKA BELITUNG
2021-09-24,43,1,115,-73,40652,38571,1103,978,KEPULAUAN BANGKA BELITUNG
2021-09-25,46,4,108,-66,40698,38679,1107,912,KEPULAUAN BANGKA BELITUNG
2021-09-26,41,4,103,-66,40739,38782,1111,846,KEPULAUAN BANGKA BELITUNG
2021-09-27,30,2,82,-54,40769,38864,1113,792,KEPULAUAN BANGKA BELITUNG
2021-09-28,49,1,82,-34,40818,38946,1114,758,KEPULAUAN BANGKA BELITUNG
2021-09-29,47,1,77,-31,40865,39023,1115,727,KEPULAUAN BANGKA BELITUNG
2021-09-30,48,2,58,-12,40913,39081,1117,715,KEPULAUAN BANGKA BELITUNG
2021-10-01,41,0,64,-23,40954,39145,1117,692,KEPULAUAN BANGKA BELITUNG
2021-10-02,30,0,51,-21,40984,39196,1117,671,KEPULAUAN BANGKA BELITUNG
2021-10-03,26,2,55,-31,41010,39251,1119,640,KEPULAUAN BANGKA BELITUNG
2021-10-04,18,4,46,-32,41028,39297,1123,608,KEPULAUAN BANGKA BELITUNG
2021-10-05,46,2,162,-118,41074,39459,1125,490,KEPULAUAN BANGKA BELITUNG
2021-10-06,52,2,51,-1,41126,39510,1127,489,KEPULAUAN BANGKA BELITUNG
2021-10-07,27,2,53,-28,41153,39563,1129,461,KEPULAUAN BANGKA BELITUNG
2021-10-08,41,0,69,-28,41194,39632,1129,433,KEPULAUAN BANGKA BELITUNG
2021-10-09,20,0,57,-37,41214,39689,1129,396,KEPULAUAN BANGKA BELITUNG
2021-10-10,21,2,36,-17,41235,39725,1131,379,KEPULAUAN BANGKA BELITUNG
2021-10-11,13,2,37,-26,41248,39762,1133,353,KEPULAUAN BANGKA BELITUNG
2021-10-12,25,1,39,-15,41273,39801,1134,338,KEPULAUAN BANGKA BELITUNG
2021-10-13,35,2,35,-2,41308,39836,1136,336,KEPULAUAN BANGKA BELITUNG
2021-10-14,28,2,37,-11,41336,39873,1138,325,KEPULAUAN BANGKA BELITUNG
2021-10-15,27,1,39,-13,41363,39912,1139,312,KEPULAUAN BANGKA BELITUNG
2021-10-16,25,2,60,-37,41388,39972,1141,275,KEPULAUAN BANGKA BELITUNG
2021-10-17,6,0,25,-19,41394,39997,1141,256,KEPULAUAN BANGKA BELITUNG
2021-10-18,9,1,22,-14,41403,40019,1142,242,KEPULAUAN BANGKA BELITUNG
2021-10-19,12,1,32,-21,41415,40051,1143,221,KEPULAUAN BANGKA BELITUNG
2021-10-20,18,2,19,-3,41433,40070,1145,218,KEPULAUAN BANGKA BELITUNG
2021-10-21,4,1,17,-14,41437,40087,1146,204,KEPULAUAN BANGKA BELITUNG
2021-10-22,19,2,35,-18,41456,40122,1148,186,KEPULAUAN BANGKA BELITUNG
2021-10-23,7,0,21,-14,41463,40143,1148,172,KEPULAUAN BANGKA BELITUNG
2021-10-24,12,1,22,-11,41475,40165,1149,161,KEPULAUAN BANGKA BELITUNG
2021-10-25,7,1,18,-12,41482,40183,1150,149,KEPULAUAN BANGKA BELITUNG
2021-10-26,6,2,15,-11,41488,40198,1152,138,KEPULAUAN BANGKA BELITUNG
2021-10-27,8,2,16,-10,41496,40214,1154,128,KEPULAUAN BANGKA BELITUNG
2021-10-28,10,3,16,-9,41506,40230,1157,119,KEPULAUAN BANGKA BELITUNG
2021-10-29,11,2,15,-6,41517,40245,1159,113,KEPULAUAN BANGKA BELITUNG
2021-10-30,11,1,15,-5,41528,40260,1160,108,KEPULAUAN BANGKA BELITUNG
2021-10-31,6,0,5,1,41534,40265,1160,109,KEPULAUAN BANGKA BELITUNG
2021-11-01,5,1,13,-9,41539,40278,1161,100,KEPULAUAN BANGKA BELITUNG
2021-11-02,15,0,14,1,41554,40292,1161,101,KEPULAUAN BANGKA BELITUNG
2021-11-03,12,0,14,-2,41566,40306,1161,99,KEPULAUAN BANGKA BELITUNG
2021-11-04,13,1,6,6,41579,40312,1162,105,KEPULAUAN BANGKA BELITUNG
2021-11-05,10,0,9,1,41589,40321,1162,106,KEPULAUAN BANGKA BELITUNG
2021-11-06,7,0,12,-5,41596,40333,1162,101,KEPULAUAN BANGKA BELITUNG
2021-11-07,7,1,6,0,41603,40339,1163,101,KEPULAUAN BANGKA BELITUNG
2021-11-08,4,0,7,-3,41607,40346,1163,98,KEPULAUAN BANGKA BELITUNG
2021-11-09,9,0,16,-7,41616,40362,1163,91,KEPULAUAN BANGKA BELITUNG
2021-11-10,3,0,16,-13,41619,40378,1163,78,KEPULAUAN BANGKA BELITUNG
2021-11-11,3,0,9,-6,41622,40387,1163,72,KEPULAUAN BANGKA BELITUNG
2021-11-12,2,0,8,-6,41624,40395,1163,66,KEPULAUAN BANGKA BELITUNG
2021-11-13,10,0,6,4,41634,40401,1163,70,KEPULAUAN BANGKA BELITUNG
2021-11-14,9,0,6,3,41643,40407,1163,73,KEPULAUAN BANGKA BELITUNG
2021-11-15,1,0,4,-3,41644,40411,1163,70,KEPULAUAN BANGKA BELITUNG
2021-11-16,17,0,8,9,41661,40419,1163,79,KEPULAUAN BANGKA BELITUNG
2021-11-17,9,0,2,7,41670,40421,1163,86,KEPULAUAN BANGKA BELITUNG
2021-11-18,9,0,7,2,41679,40428,1163,88,KEPULAUAN BANGKA BELITUNG
2021-11-19,7,0,7,0,41686,40435,1163,88,KEPULAUAN BANGKA BELITUNG
2021-11-20,9,1,4,4,41695,40439,1164,92,KEPULAUAN BANGKA BELITUNG
2021-11-21,4,0,6,-2,41699,40445,1164,90,KEPULAUAN BANGKA BELITUNG
2021-11-22,6,0,8,-2,41705,40453,1164,88,KEPULAUAN BANGKA BELITUNG
2021-11-23,4,0,4,0,41709,40457,1164,88,KEPULAUAN BANGKA BELITUNG
2021-11-24,4,0,12,-8,41713,40469,1164,80,KEPULAUAN BANGKA BELITUNG
2021-11-25,2,0,15,-13,41715,40484,1164,67,KEPULAUAN BANGKA BELITUNG
2021-11-26,5,1,7,-3,41720,40491,1165,64,KEPULAUAN BANGKA BELITUNG
2021-11-27,6,0,7,-1,41726,40498,1165,63,KEPULAUAN BANGKA BELITUNG
2021-11-28,9,0,4,5,41735,40502,1165,68,KEPULAUAN BANGKA BELITUNG
2021-11-29,7,0,8,-1,41742,40510,1165,67,KEPULAUAN BANGKA BELITUNG
2021-11-30,7,1,14,-8,41749,40524,1166,59,KEPULAUAN BANGKA BELITUNG
2021-12-01,11,0,12,-1,41760,40536,1166,58,KEPULAUAN BANGKA BELITUNG
2021-12-02,6,0,7,-1,41766,40543,1166,57,KEPULAUAN BANGKA BELITUNG
2021-12-03,3,1,6,-4,41769,40549,1167,53,KEPULAUAN BANGKA BELITUNG
2021-12-04,5,0,1,4,41774,40550,1167,57,KEPULAUAN BANGKA BELITUNG
2021-12-05,2,0,3,-1,41776,40553,1167,56,KEPULAUAN BANGKA BELITUNG
2021-12-06,4,2,3,-1,41780,40556,1169,55,KEPULAUAN BANGKA BELITUNG
2021-12-07,3,0,5,-2,41783,40561,1169,53,KEPULAUAN BANGKA BELITUNG
2021-12-08,2,0,9,-7,41785,40570,1169,46,KEPULAUAN BANGKA BELITUNG
2021-12-09,3,0,9,-6,41788,40579,1169,40,KEPULAUAN BANGKA BELITUNG
2021-12-10,1,0,5,-4,41789,40584,1169,36,KEPULAUAN BANGKA BELITUNG
2021-12-11,0,0,2,-2,41789,40586,1169,34,KEPULAUAN BANGKA BELITUNG
2021-12-12,7,0,3,4,41796,40589,1169,38,KEPULAUAN BANGKA BELITUNG
2021-12-13,0,0,11,-11,41796,40600,1169,27,KEPULAUAN BANGKA BELITUNG
2021-12-14,2,0,3,-1,41798,40603,1169,26,KEPULAUAN BANGKA BELITUNG
2021-12-15,1,0,2,-1,41799,40605,1169,25,KEPULAUAN BANGKA BELITUNG
2021-12-16,1,0,3,-2,41800,40608,1169,23,KEPULAUAN BANGKA BELITUNG
2021-12-17,0,0,5,-5,41800,40613,1169,18,KEPULAUAN BANGKA BELITUNG
2021-12-18,2,0,2,0,41802,40615,1169,18,KEPULAUAN BANGKA BELITUNG
2021-12-19,6,0,1,5,41808,40616,1169,23,KEPULAUAN BANGKA BELITUNG
2021-12-20,2,2,0,0,41810,40616,1171,23,KEPULAUAN BANGKA BELITUNG
2021-12-21,1,0,2,-1,41811,40618,1171,22,KEPULAUAN BANGKA BELITUNG
2021-12-22,2,0,1,1,41813,40619,1171,23,KEPULAUAN BANGKA BELITUNG
2021-12-23,1,0,2,-1,41814,40621,1171,22,KEPULAUAN BANGKA BELITUNG
2021-12-24,1,0,1,0,41815,40622,1171,22,KEPULAUAN BANGKA BELITUNG
2021-12-25,0,0,0,0,41815,40622,1171,22,KEPULAUAN BANGKA BELITUNG
2021-12-26,0,1,0,-1,41815,40622,1172,21,KEPULAUAN BANGKA BELITUNG
2021-12-27,1,0,7,-6,41816,40629,1172,15,KEPULAUAN BANGKA BELITUNG
2021-12-28,2,0,6,-4,41818,40635,1172,11,KEPULAUAN BANGKA BELITUNG
2021-12-29,1,0,2,-1,41819,40637,1172,10,KEPULAUAN BANGKA BELITUNG
2021-12-30,1,0,0,1,41820,40637,1172,11,KEPULAUAN BANGKA BELITUNG
2021-12-31,0,0,1,-1,41820,40638,1172,10,KEPULAUAN BANGKA BELITUNG
2022-01-01,1,0,1,0,41821,40639,1172,10,KEPULAUAN BANGKA BELITUNG
2022-01-02,0,0,1,-1,41821,40640,1172,9,KEPULAUAN BANGKA BELITUNG
2022-01-03,2,0,1,1,41823,40641,1172,10,KEPULAUAN BANGKA BELITUNG
2022-01-04,0,0,0,0,41823,40641,1172,10,KEPULAUAN BANGKA BELITUNG
2022-01-05,3,0,2,1,41826,40643,1172,11,KEPULAUAN BANGKA BELITUNG
2022-01-06,0,0,0,0,41826,40643,1172,11,KEPULAUAN BANGKA BELITUNG
2022-01-07,3,0,2,1,41829,40645,1172,12,KEPULAUAN BANGKA BELITUNG
2022-01-08,2,0,0,2,41831,40645,1172,14,KEPULAUAN BANGKA BELITUNG
2022-01-09,1,0,3,-2,41832,40648,1172,12,KEPULAUAN BANGKA BELITUNG
2022-01-10,1,0,1,0,41833,40649,1172,12,KEPULAUAN BANGKA BELITUNG
2022-01-11,1,0,1,0,41834,40650,1172,12,KEPULAUAN BANGKA BELITUNG
2022-01-12,3,0,0,3,41837,40650,1172,15,KEPULAUAN BANGKA BELITUNG
2022-01-13,1,0,0,1,41838,40650,1172,16,KEPULAUAN BANGKA BELITUNG
2022-01-14,0,0,10,-10,41838,40660,1172,6,KEPULAUAN BANGKA BELITUNG
2022-01-15,2,0,0,2,41840,40660,1172,8,KEPULAUAN BANGKA BELITUNG
2022-01-16,1,0,0,1,41841,40660,1172,9,KEPULAUAN BANGKA BELITUNG
2022-01-17,0,0,0,0,41841,40660,1172,9,KEPULAUAN BANGKA BELITUNG
2022-01-18,1,0,0,1,41842,40660,1172,10,KEPULAUAN BANGKA BELITUNG
2022-01-19,6,0,1,5,41848,40661,1172,15,KEPULAUAN BANGKA BELITUNG
2022-01-20,4,0,1,3,41852,40662,1172,18,KEPULAUAN BANGKA BELITUNG
2022-01-21,1,0,0,1,41853,40662,1172,19,KEPULAUAN BANGKA BELITUNG
2022-01-22,4,0,1,3,41857,40663,1172,22,KEPULAUAN BANGKA BELITUNG
2022-01-23,1,0,0,1,41858,40663,1172,23,KEPULAUAN BANGKA BELITUNG
2022-01-24,4,0,3,1,41862,40666,1172,24,KEPULAUAN BANGKA BELITUNG
2022-01-25,7,0,1,6,41869,40667,1172,30,KEPULAUAN BANGKA BELITUNG
2022-01-26,5,0,2,3,41874,40669,1172,33,KEPULAUAN BANGKA BELITUNG
2022-01-27,2,0,10,-8,41876,40679,1172,25,KEPULAUAN BANGKA BELITUNG
2022-01-28,13,0,0,13,41889,40679,1172,38,KEPULAUAN BANGKA BELITUNG
2022-01-29,6,0,0,6,41895,40679,1172,44,KEPULAUAN BANGKA BELITUNG
2022-01-30,5,0,3,2,41900,40682,1172,46,KEPULAUAN BANGKA BELITUNG
2022-01-31,8,0,5,3,41908,40687,1172,49,KEPULAUAN BANGKA BELITUNG
2022-02-01,8,0,0,8,41916,40687,1172,57,KEPULAUAN BANGKA BELITUNG
2022-02-02,21,0,3,18,41937,40690,1172,75,KEPULAUAN BANGKA BELITUNG
2022-02-03,33,0,1,32,41970,40691,1172,107,KEPULAUAN BANGKA BELITUNG
2022-02-04,42,0,1,41,42012,40692,1172,148,KEPULAUAN BANGKA BELITUNG
2022-02-05,48,0,9,39,42060,40701,1172,187,KEPULAUAN BANGKA BELITUNG
2022-02-06,52,0,7,45,42112,40708,1172,232,KEPULAUAN BANGKA BELITUNG
2022-02-07,25,1,4,20,42137,40712,1173,252,KEPULAUAN BANGKA BELITUNG
2022-02-08,66,0,11,55,42203,40723,1173,307,KEPULAUAN BANGKA BELITUNG
2022-02-09,122,0,7,115,42325,40730,1173,422,KEPULAUAN BANGKA BELITUNG
2022-02-10,106,0,16,90,42431,40746,1173,512,KEPULAUAN BANGKA BELITUNG
2022-02-11,96,1,15,80,42527,40761,1174,592,KEPULAUAN BANGKA BELITUNG
2022-02-12,124,0,30,94,42651,40791,1174,686,KEPULAUAN BANGKA BELITUNG
2022-02-13,107,1,29,77,42758,40820,1175,763,KEPULAUAN BANGKA BELITUNG
2022-02-14,59,0,24,35,42817,40844,1175,798,KEPULAUAN BANGKA BELITUNG
2022-02-15,199,1,53,145,43016,40897,1176,943,KEPULAUAN BANGKA BELITUNG
2022-02-16,270,2,38,230,43286,40935,1178,1173,KEPULAUAN BANGKA BELITUNG
2022-02-17,223,0,51,172,43509,40986,1178,1345,KEPULAUAN BANGKA BELITUNG
2022-02-18,247,1,93,153,43756,41079,1179,1498,KEPULAUAN BANGKA BELITUNG
2022-02-19,219,1,55,163,43975,41134,1180,1661,KEPULAUAN BANGKA BELITUNG
2022-02-20,178,2,76,100,44153,41210,1182,1761,KEPULAUAN BANGKA BELITUNG
2022-02-21,124,0,131,-7,44277,41341,1182,1754,KEPULAUAN BANGKA BELITUNG
2022-02-22,347,1,92,254,44624,41433,1183,2008,KEPULAUAN BANGKA BELITUNG
2022-02-23,451,3,61,387,45075,41494,1186,2395,KEPULAUAN BANGKA BELITUNG
2022-02-24,520,0,167,353,45595,41661,1186,2748,KEPULAUAN BANGKA BELITUNG
2022-02-25,460,3,163,294,46055,41824,1189,3042,KEPULAUAN BANGKA BELITUNG
2022-02-26,394,2,150,242,46449,41974,1191,3284,KEPULAUAN BANGKA BELITUNG
2022-02-27,294,3,162,129,46743,42136,1194,3413,KEPULAUAN BANGKA BELITUNG
2022-02-28,134,0,159,-25,46877,42295,1194,3388,KEPULAUAN BANGKA BELITUNG
2022-03-01,176,1,166,9,47053,42461,1195,3397,KEPULAUAN BANGKA BELITUNG
2022-03-02,455,3,188,264,47508,42649,1198,3661,KEPULAUAN BANGKA BELITUNG
2022-03-03,521,4,240,277,48029,42889,1202,3938,KEPULAUAN BANGKA BELITUNG
2022-03-04,260,5,325,-70,48289,43214,1207,3868,KEPULAUAN BANGKA BELITUNG
2022-03-05,495,1,458,36,48784,43672,1208,3904,KEPULAUAN BANGKA BELITUNG
2022-03-06,242,3,455,-216,49026,44127,1211,3688,KEPULAUAN BANGKA BELITUNG
2022-03-07,139,3,481,-345,49165,44608,1214,3343,KEPULAUAN BANGKA BELITUNG
2022-03-08,502,2,347,153,49667,44955,1216,3496,KEPULAUAN BANGKA BELITUNG
2022-03-09,441,5,369,67,50108,45324,1221,3563,KEPULAUAN BANGKA BELITUNG
2022-03-10,275,3,366,-94,50383,45690,1224,3469,KEPULAUAN BANGKA BELITUNG
2022-03-11,200,1,413,-214,50583,46103,1225,3255,KEPULAUAN BANGKA BELITUNG
2022-03-12,150,0,274,-124,50733,46377,1225,3131,KEPULAUAN BANGKA BELITUNG
2022-03-13,136,2,292,-158,50869,46669,1227,2973,KEPULAUAN BANGKA BELITUNG
2022-03-14,74,4,393,-323,50943,47062,1231,2650,KEPULAUAN BANGKA BELITUNG
2022-03-15,215,3,349,-137,51158,47411,1234,2513,KEPULAUAN BANGKA BELITUNG
2022-03-16,141,2,266,-127,51299,47677,1236,2386,KEPULAUAN BANGKA BELITUNG
2022-03-17,141,5,340,-204,51440,48017,1241,2182,KEPULAUAN BANGKA BELITUNG
2022-03-18,97,2,384,-289,51537,48401,1243,1893,KEPULAUAN BANGKA BELITUNG
2022-03-19,96,2,290,-196,51633,48691,1245,1697,KEPULAUAN BANGKA BELITUNG
2022-03-20,61,3,148,-90,51694,48839,1248,1607,KEPULAUAN BANGKA BELITUNG
2022-03-21,42,4,242,-204,51736,49081,1252,1403,KEPULAUAN BANGKA BELITUNG
2022-03-22,69,1,197,-129,51805,49278,1253,1274,KEPULAUAN BANGKA BELITUNG
2022-03-23,84,3,175,-94,51889,49453,1256,1180,KEPULAUAN BANGKA BELITUNG
2022-03-24,98,3,195,-100,51987,49648,1259,1080,KEPULAUAN BANGKA BELITUNG
2022-03-25,35,4,175,-144,52022,49823,1263,936,KEPULAUAN BANGKA BELITUNG
2022-03-26,47,1,107,-61,52069,49930,1264,875,KEPULAUAN BANGKA BELITUNG
2022-03-27,29,1,124,-96,52098,50054,1265,779,KEPULAUAN BANGKA BELITUNG
2022-03-28,25,0,92,-67,52123,50146,1265,712,KEPULAUAN BANGKA BELITUNG
2022-03-29,40,1,73,-34,52163,50219,1266,678,KEPULAUAN BANGKA BELITUNG
2022-03-30,38,0,195,-157,52201,50414,1266,521,KEPULAUAN BANGKA BELITUNG
2022-03-31,26,3,77,-54,52227,50491,1269,467,KEPULAUAN BANGKA BELITUNG
2022-04-01,16,0,82,-66,52243,50573,1269,401,KEPULAUAN BANGKA BELITUNG
2022-04-02,26,1,81,-56,52269,50654,1270,345,KEPULAUAN BANGKA BELITUNG
2022-04-03,16,1,26,-11,52285,50680,1271,334,KEPULAUAN BANGKA BELITUNG
2022-04-04,12,1,63,-52,52297,50743,1272,282,KEPULAUAN BANGKA BELITUNG
2022-04-05,21,2,61,-42,52318,50804,1274,240,KEPULAUAN BANGKA BELITUNG
2022-04-06,9,0,36,-27,52327,50840,1274,213,KEPULAUAN BANGKA BELITUNG
2022-04-07,11,1,44,-34,52338,50884,1275,179,KEPULAUAN BANGKA BELITUNG
2022-04-08,14,1,36,-23,52352,50920,1276,156,KEPULAUAN BANGKA BELITUNG
2022-04-09,15,2,31,-18,52367,50951,1278,138,KEPULAUAN BANGKA BELITUNG
2022-04-10,3,0,17,-14,52370,50968,1278,124,KEPULAUAN BANGKA BELITUNG
2022-04-11,8,0,13,-5,52378,50981,1278,119,KEPULAUAN BANGKA BELITUNG
2022-04-12,9,0,17,-8,52387,50998,1278,111,KEPULAUAN BANGKA BELITUNG
2022-04-13,3,0,12,-9,52390,51010,1278,102,KEPULAUAN BANGKA BELITUNG
2022-04-14,8,2,19,-13,52398,51029,1280,89,KEPULAUAN BANGKA BELITUNG
2022-04-15,4,0,8,-4,52402,51037,1280,85,KEPULAUAN BANGKA BELITUNG
2022-04-16,1,0,6,-5,52403,51043,1280,80,KEPULAUAN BANGKA BELITUNG
2022-04-17,7,1,10,-4,52410,51053,1281,76,KEPULAUAN BANGKA BELITUNG
2022-04-18,5,0,14,-9,52415,51067,1281,67,KEPULAUAN BANGKA BELITUNG
2022-04-19,3,1,16,-14,52418,51083,1282,53,KEPULAUAN BANGKA BELITUNG
2022-04-20,2,0,10,-8,52420,51093,1282,45,KEPULAUAN BANGKA BELITUNG
2022-04-21,2,0,3,-1,52422,51096,1282,44,KEPULAUAN BANGKA BELITUNG
2022-04-22,7,1,11,-5,52429,51107,1283,39,KEPULAUAN BANGKA BELITUNG
2022-04-23,3,0,7,-4,52432,51114,1283,35,KEPULAUAN BANGKA BELITUNG
2022-04-24,0,0,2,-2,52432,51116,1283,33,KEPULAUAN BANGKA BELITUNG
2022-04-25,0,0,6,-6,52432,51122,1283,27,KEPULAUAN BANGKA BELITUNG
2022-04-26,3,0,2,1,52435,51124,1283,28,KEPULAUAN BANGKA BELITUNG
2022-04-27,0,0,5,-5,52435,51129,1283,23,KEPULAUAN BANGKA BELITUNG
2022-04-28,0,1,5,-6,52435,51134,1284,17,KEPULAUAN BANGKA BELITUNG
2022-04-29,2,0,1,1,52437,51135,1284,18,KEPULAUAN BANGKA BELITUNG
2022-04-30,0,0,2,-2,52437,51137,1284,16,KEPULAUAN BANGKA BELITUNG
2022-05-01,0,0,4,-4,52437,51141,1284,12,KEPULAUAN BANGKA BELITUNG
2022-05-02,0,0,4,-4,52437,51145,1284,8,KEPULAUAN BANGKA BELITUNG
2022-05-03,0,0,4,-4,52437,51149,1284,4,KEPULAUAN BANGKA BELITUNG
2022-05-04,0,0,1,-1,52437,51150,1284,3,KEPULAUAN BANGKA BELITUNG
2022-05-05,0,0,0,0,52437,51150,1284,3,KEPULAUAN BANGKA BELITUNG
2022-05-06,2,0,0,2,52439,51150,1284,5,KEPULAUAN BANGKA BELITUNG
2022-05-07,0,0,0,0,52439,51150,1284,5,KEPULAUAN BANGKA BELITUNG
2022-05-08,0,0,2,-2,52439,51152,1284,3,KEPULAUAN BANGKA BELITUNG
2022-05-09,1,0,1,0,52440,51153,1284,3,KEPULAUAN BANGKA BELITUNG
2022-05-10,0,0,0,0,52440,51153,1284,3,KEPULAUAN BANGKA BELITUNG
2022-05-11,0,0,0,0,52440,51153,1284,3,KEPULAUAN BANGKA BELITUNG
2022-05-12,2,0,0,2,52442,51153,1284,5,KEPULAUAN BANGKA BELITUNG
2022-05-13,1,0,0,1,52443,51153,1284,6,KEPULAUAN BANGKA BELITUNG
2022-05-14,1,0,0,1,52444,51153,1284,7,KEPULAUAN BANGKA BELITUNG
2022-05-15,1,0,0,1,52445,51153,1284,8,KEPULAUAN BANGKA BELITUNG
2022-05-16,0,0,0,0,52445,51153,1284,8,KEPULAUAN BANGKA BELITUNG
2022-05-17,0,0,1,-1,52445,51154,1284,7,KEPULAUAN BANGKA BELITUNG
2022-05-18,1,0,2,-1,52446,51156,1284,6,KEPULAUAN BANGKA BELITUNG
2022-05-19,1,0,0,1,52447,51156,1284,7,KEPULAUAN BANGKA BELITUNG
2022-05-20,0,0,0,0,52447,51156,1284,7,KEPULAUAN BANGKA BELITUNG
2022-05-21,0,0,0,0,52447,51156,1284,7,KEPULAUAN BANGKA BELITUNG
2022-05-22,0,0,0,0,52447,51156,1284,7,KEPULAUAN BANGKA BELITUNG
2022-05-23,0,0,4,-4,52447,51160,1284,3,KEPULAUAN BANGKA BELITUNG
2022-05-24,0,0,1,-1,52447,51161,1284,2,KEPULAUAN BANGKA BELITUNG
2022-05-25,0,0,0,0,52447,51161,1284,2,KEPULAUAN BANGKA BELITUNG
2022-05-26,0,0,1,-1,52447,51162,1284,1,KEPULAUAN BANGKA BELITUNG
2022-05-27,0,0,0,0,52447,51162,1284,1,KEPULAUAN BANGKA BELITUNG
2022-05-28,0,0,0,0,52447,51162,1284,1,KEPULAUAN BANGKA BELITUNG
2022-05-29,0,0,0,0,52447,51162,1284,1,KEPULAUAN BANGKA BELITUNG
2022-05-30,0,0,1,-1,52447,51163,1284,0,KEPULAUAN BANGKA BELITUNG
2022-05-31,0,0,0,0,52447,51163,1284,0,KEPULAUAN BANGKA BELITUNG
2022-06-01,0,0,0,0,52447,51163,1284,0,KEPULAUAN BANGKA BELITUNG
2022-06-02,0,0,0,0,52447,51163,1284,0,KEPULAUAN BANGKA BELITUNG
2022-06-03,0,0,0,0,52447,51163,1284,0,KEPULAUAN BANGKA BELITUNG
2022-06-04,0,0,0,0,52447,51163,1284,0,KEPULAUAN BANGKA BELITUNG
2022-06-05,0,0,0,0,52447,51163,1284,0,KEPULAUAN BANGKA BELITUNG
2022-06-06,0,0,0,0,52447,51163,1284,0,KEPULAUAN BANGKA BELITUNG
2022-06-07,0,0,0,0,52447,51163,1284,0,KEPULAUAN BANGKA BELITUNG
2022-06-08,0,0,0,0,52447,51163,1284,0,KEPULAUAN BANGKA BELITUNG
2022-06-09,0,0,0,0,52447,51163,1284,0,KEPULAUAN BANGKA BELITUNG
2022-06-10,2,0,0,2,52449,51163,1284,2,KEPULAUAN BANGKA BELITUNG
2022-06-11,2,0,0,2,52451,51163,1284,4,KEPULAUAN BANGKA BELITUNG
2022-06-12,0,0,0,0,52451,51163,1284,4,KEPULAUAN BANGKA BELITUNG
2022-06-13,0,0,0,0,52451,51163,1284,4,KEPULAUAN BANGKA BELITUNG
2022-06-14,1,0,0,1,52452,51163,1284,5,KEPULAUAN BANGKA BELITUNG
2022-06-15,0,0,0,0,52452,51163,1284,5,KEPULAUAN BANGKA BELITUNG
2022-06-16,0,0,0,0,52452,51163,1284,5,KEPULAUAN BANGKA BELITUNG
2022-06-17,1,1,0,0,52453,51163,1285,5,KEPULAUAN BANGKA BELITUNG
2022-06-18,1,0,0,1,52454,51163,1285,6,KEPULAUAN BANGKA BELITUNG
2022-06-19,0,0,0,0,52454,51163,1285,6,KEPULAUAN BANGKA BELITUNG
2022-06-20,0,0,3,-3,52454,51166,1285,3,KEPULAUAN BANGKA BELITUNG
2022-06-21,1,0,1,0,52455,51167,1285,3,KEPULAUAN BANGKA BELITUNG
2022-06-22,0,0,0,0,52455,51167,1285,3,KEPULAUAN BANGKA BELITUNG
2022-06-23,2,0,0,2,52457,51167,1285,5,KEPULAUAN BANGKA BELITUNG
2022-06-24,0,0,1,-1,52457,51168,1285,4,KEPULAUAN BANGKA BELITUNG
2022-06-25,0,0,0,0,52457,51168,1285,4,KEPULAUAN BANGKA BELITUNG
2022-06-26,1,0,0,1,52458,51168,1285,5,KEPULAUAN BANGKA BELITUNG
2022-06-27,0,0,0,0,52458,51168,1285,5,KEPULAUAN BANGKA BELITUNG
2022-06-28,1,0,0,1,52459,51168,1285,6,KEPULAUAN BANGKA BELITUNG
2022-06-29,1,0,1,0,52460,51169,1285,6,KEPULAUAN BANGKA BELITUNG
2022-06-30,0,0,1,-1,52460,51170,1285,5,KEPULAUAN BANGKA BELITUNG
2022-07-01,0,0,0,0,52460,51170,1285,5,KEPULAUAN BANGKA BELITUNG
2022-07-02,0,0,0,0,52460,51170,1285,5,KEPULAUAN BANGKA BELITUNG
2022-07-03,0,0,0,0,52460,51170,1285,5,KEPULAUAN BANGKA BELITUNG
2022-07-04,0,0,2,-2,52460,51172,1285,3,KEPULAUAN BANGKA BELITUNG
2022-07-05,3,0,0,3,52463,51172,1285,6,KEPULAUAN BANGKA BELITUNG
2022-07-06,0,0,0,0,52463,51172,1285,6,KEPULAUAN BANGKA BELITUNG
2022-07-07,0,0,1,-1,52463,51173,1285,5,KEPULAUAN BANGKA BELITUNG
2022-07-08,3,0,0,3,52466,51173,1285,8,KEPULAUAN BANGKA BELITUNG
2022-07-09,1,0,0,1,52467,51173,1285,9,KEPULAUAN BANGKA BELITUNG
2022-07-10,4,0,0,4,52471,51173,1285,13,KEPULAUAN BANGKA BELITUNG
2022-07-11,1,0,0,1,52472,51173,1285,14,KEPULAUAN BANGKA BELITUNG
2022-07-12,4,0,3,1,52476,51176,1285,15,KEPULAUAN BANGKA BELITUNG
2022-07-13,9,0,1,8,52485,51177,1285,23,KEPULAUAN BANGKA BELITUNG
2022-07-14,14,0,0,14,52499,51177,1285,37,KEPULAUAN BANGKA BELITUNG
2022-07-15,13,0,2,11,52512,51179,1285,48,KEPULAUAN BANGKA BELITUNG
2022-07-16,3,0,2,1,52515,51181,1285,49,KEPULAUAN BANGKA BELITUNG
2022-07-17,4,0,1,3,52519,51182,1285,52,KEPULAUAN BANGKA BELITUNG
2022-07-18,2,0,0,2,52521,51182,1285,54,KEPULAUAN BANGKA BELITUNG
2022-07-19,20,0,2,18,52541,51184,1285,72,KEPULAUAN BANGKA BELITUNG
2022-07-20,8,0,1,7,52549,51185,1285,79,KEPULAUAN BANGKA BELITUNG
2022-07-21,3,0,11,-8,52552,51196,1285,71,KEPULAUAN BANGKA BELITUNG
2022-07-22,5,0,3,2,52557,51199,1285,73,KEPULAUAN BANGKA BELITUNG
2022-07-23,7,0,3,4,52564,51202,1285,77,KEPULAUAN BANGKA BELITUNG
2022-07-24,3,0,26,-23,52567,51228,1285,54,KEPULAUAN BANGKA BELITUNG
2022-07-25,3,0,2,1,52570,51230,1285,55,KEPULAUAN BANGKA BELITUNG
2022-07-26,15,0,6,9,52585,51236,1285,64,KEPULAUAN BANGKA BELITUNG
2022-07-27,6,1,2,3,52591,51238,1286,67,KEPULAUAN BANGKA BELITUNG
2022-07-28,4,0,16,-12,52595,51254,1286,55,KEPULAUAN BANGKA BELITUNG
2022-07-29,4,0,11,-7,52599,51265,1286,48,KEPULAUAN BANGKA BELITUNG
2022-07-30,1,0,3,-2,52600,51268,1286,46,KEPULAUAN BANGKA BELITUNG
2022-07-31,0,0,2,-2,52600,51270,1286,44,KEPULAUAN BANGKA BELITUNG
2022-08-01,1,0,8,-7,52601,51278,1286,37,KEPULAUAN BANGKA BELITUNG
2022-08-02,3,1,11,-9,52604,51289,1287,28,KEPULAUAN BANGKA BELITUNG
2022-08-03,4,0,4,0,52608,51293,1287,28,KEPULAUAN BANGKA BELITUNG
2022-08-04,5,0,9,-4,52613,51302,1287,24,KEPULAUAN BANGKA BELITUNG
2022-08-05,1,0,4,-3,52614,51306,1287,21,KEPULAUAN BANGKA BELITUNG
2022-08-06,6,0,5,1,52620,51311,1287,22,KEPULAUAN BANGKA BELITUNG
2022-08-07,5,0,1,4,52625,51312,1287,26,KEPULAUAN BANGKA BELITUNG
2022-08-08,2,0,0,2,52627,51312,1287,28,KEPULAUAN BANGKA BELITUNG
2022-08-09,7,0,3,4,52634,51315,1287,32,KEPULAUAN BANGKA BELITUNG
2022-08-10,7,0,0,7,52641,51315,1287,39,KEPULAUAN BANGKA BELITUNG
2022-08-11,14,0,2,12,52655,51317,1287,51,KEPULAUAN BANGKA BELITUNG
2022-08-12,5,0,4,1,52660,51321,1287,52,KEPULAUAN BANGKA BELITUNG
2022-08-13,13,0,2,11,52673,51323,1287,63,KEPULAUAN BANGKA BELITUNG
2022-08-14,5,0,7,-2,52678,51330,1287,61,KEPULAUAN BANGKA BELITUNG
2022-08-15,5,0,6,-1,52683,51336,1287,60,KEPULAUAN BANGKA BELITUNG
2022-08-16,9,2,5,2,52692,51341,1289,62,KEPULAUAN BANGKA BELITUNG
2022-08-17,4,0,7,-3,52696,51348,1289,59,KEPULAUAN BANGKA BELITUNG
2022-08-18,6,0,11,-5,52702,51359,1289,54,KEPULAUAN BANGKA BELITUNG
2022-08-19,14,0,10,4,52716,51369,1289,58,KEPULAUAN BANGKA BELITUNG
2022-08-20,7,0,4,3,52723,51373,1289,61,KEPULAUAN BANGKA BELITUNG
2022-08-21,5,0,7,-2,52728,51380,1289,59,KEPULAUAN BANGKA BELITUNG
2022-08-22,5,1,5,-1,52733,51385,1290,58,KEPULAUAN BANGKA BELITUNG
2022-08-23,11,1,7,3,52744,51392,1291,61,KEPULAUAN BANGKA BELITUNG
2022-08-24,9,0,7,2,52753,51399,1291,63,KEPULAUAN BANGKA BELITUNG
2022-08-25,10,0,5,5,52763,51404,1291,68,KEPULAUAN BANGKA BELITUNG
2022-08-26,16,1,8,7,52779,51412,1292,75,KEPULAUAN BANGKA BELITUNG
2022-08-27,11,1,4,6,52790,51416,1293,81,KEPULAUAN BANGKA BELITUNG
2022-08-28,5,0,8,-3,52795,51424,1293,78,KEPULAUAN BANGKA BELITUNG
2022-08-29,1,0,11,-10,52796,51435,1293,68,KEPULAUAN BANGKA BELITUNG
2022-08-30,5,0,8,-3,52801,51443,1293,65,KEPULAUAN BANGKA BELITUNG
2022-08-31,4,0,4,0,52805,51447,1293,65,KEPULAUAN BANGKA BELITUNG
2022-09-01,11,0,9,2,52816,51456,1293,67,KEPULAUAN BANGKA BELITUNG
2022-09-02,4,1,19,-16,52820,51475,1294,51,KEPULAUAN BANGKA BELITUNG
2022-09-03,9,1,9,-1,52829,51484,1295,50,KEPULAUAN BANGKA BELITUNG
2022-09-04,3,0,5,-2,52832,51489,1295,48,KEPULAUAN BANGKA BELITUNG
2022-09-05,0,0,7,-7,52832,51496,1295,41,KEPULAUAN BANGKA BELITUNG
2022-09-06,12,0,1,11,52844,51497,1295,52,KEPULAUAN BANGKA BELITUNG
2022-09-07,9,1,8,0,52853,51505,1296,52,KEPULAUAN BANGKA BELITUNG
2022-09-08,8,1,6,1,52861,51511,1297,53,KEPULAUAN BANGKA BELITUNG
2022-09-09,6,0,4,2,52867,51515,1297,55,KEPULAUAN BANGKA BELITUNG
2022-09-10,8,0,2,6,52875,51517,1297,61,KEPULAUAN BANGKA BELITUNG
2022-09-11,1,1,4,-4,52876,51521,1298,57,KEPULAUAN BANGKA BELITUNG
2022-09-12,1,0,8,-7,52877,51529,1298,50,KEPULAUAN BANGKA BELITUNG
2022-09-13,8,0,12,-4,52885,51541,1298,46,KEPULAUAN BANGKA BELITUNG
2022-09-14,10,0,4,6,52895,51545,1298,52,KEPULAUAN BANGKA BELITUNG
2022-09-15,6,0,3,3,52901,51548,1298,55,KEPULAUAN BANGKA BELITUNG
2022-09-16,7,0,10,-3,52908,51558,1298,52,KEPULAUAN BANGKA BELITUNG
2022-09-17,8,0,4,4,52916,51562,1298,56,KEPULAUAN BANGKA BELITUNG
2022-09-18,4,0,6,-2,52920,51568,1298,54,KEPULAUAN BANGKA BELITUNG
2022-09-19,8,0,5,3,52928,51573,1298,57,KEPULAUAN BANGKA BELITUNG
2022-09-20,6,0,4,2,52934,51577,1298,59,KEPULAUAN BANGKA BELITUNG
2022-09-21,6,0,7,-1,52940,51584,1298,58,KEPULAUAN BANGKA BELITUNG
2022-09-22,7,0,7,0,52947,51591,1298,58,KEPULAUAN BANGKA BELITUNG
2022-09-23,8,0,7,1,52955,51598,1298,59,KEPULAUAN BANGKA BELITUNG
2022-09-24,11,0,7,4,52966,51605,1298,63,KEPULAUAN BANGKA BELITUNG
2022-09-25,3,0,3,0,52969,51608,1298,63,KEPULAUAN BANGKA BELITUNG
2022-09-26,2,0,9,-7,52971,51617,1298,56,KEPULAUAN BANGKA BELITUNG
2022-09-27,7,0,0,7,52978,51617,1298,63,KEPULAUAN BANGKA BELITUNG
2022-09-28,17,0,0,17,52995,51617,1298,80,KEPULAUAN BANGKA BELITUNG
2022-09-29,7,0,0,7,53002,51617,1298,87,KEPULAUAN BANGKA BELITUNG
2022-09-30,4,0,0,4,53006,51617,1298,91,KEPULAUAN BANGKA BELITUNG
2020-03-26,3,0,0,3,3,0,0,3,SUMATERA BARAT
2020-03-27,2,0,0,2,5,0,0,5,SUMATERA BARAT
2020-03-28,0,0,0,0,5,0,0,5,SUMATERA BARAT
2020-03-29,0,0,0,0,5,0,0,5,SUMATERA BARAT
2020-03-30,2,0,0,2,7,0,0,7,SUMATERA BARAT
2020-03-31,0,0,0,0,7,0,0,7,SUMATERA BARAT
2020-04-01,0,0,0,0,7,0,0,7,SUMATERA BARAT
2020-04-02,0,0,0,0,7,0,0,7,SUMATERA BARAT
2020-04-03,0,0,0,0,7,0,0,7,SUMATERA BARAT
2020-04-04,0,0,0,0,7,0,0,7,SUMATERA BARAT
2020-04-05,0,0,0,0,7,0,0,7,SUMATERA BARAT
2020-04-06,5,0,0,5,12,0,0,12,SUMATERA BARAT
2020-04-07,0,0,0,0,12,0,0,12,SUMATERA BARAT
2020-04-08,0,0,0,0,12,0,0,12,SUMATERA BARAT
2020-04-09,0,0,0,0,12,0,0,12,SUMATERA BARAT
2020-04-10,11,3,4,4,23,4,3,16,SUMATERA BARAT
2020-04-11,0,0,0,0,23,4,3,16,SUMATERA BARAT
2020-04-12,12,0,0,12,35,4,3,28,SUMATERA BARAT
2020-04-13,1,0,0,1,36,4,3,29,SUMATERA BARAT
2020-04-14,3,1,0,2,39,4,4,31,SUMATERA BARAT
2020-04-15,6,0,1,5,45,5,4,36,SUMATERA BARAT
2020-04-16,0,0,0,0,45,5,4,36,SUMATERA BARAT
2020-04-17,7,1,2,4,52,7,5,40,SUMATERA BARAT
2020-04-18,8,0,2,6,60,9,5,46,SUMATERA BARAT
2020-04-19,1,0,0,1,61,9,5,47,SUMATERA BARAT
2020-04-20,2,0,1,1,63,10,5,48,SUMATERA BARAT
2020-04-21,2,1,0,1,65,10,6,49,SUMATERA BARAT
2020-04-22,4,1,0,3,69,10,7,52,SUMATERA BARAT
2020-04-23,4,0,2,2,73,12,7,54,SUMATERA BARAT
2020-04-24,9,1,0,8,82,12,8,62,SUMATERA BARAT
2020-04-25,1,1,3,-3,83,15,9,59,SUMATERA BARAT
2020-04-26,2,0,0,2,85,15,9,61,SUMATERA BARAT
2020-04-27,15,3,4,8,100,19,12,69,SUMATERA BARAT
2020-04-28,19,0,0,19,119,19,12,88,SUMATERA BARAT
2020-04-29,1,1,0,0,120,19,13,88,SUMATERA BARAT
2020-04-30,2,0,0,2,122,19,13,90,SUMATERA BARAT
2020-05-01,18,0,4,14,140,23,13,104,SUMATERA BARAT
2020-05-02,9,0,0,9,149,23,13,113,SUMATERA BARAT
2020-05-03,10,0,4,6,159,27,13,119,SUMATERA BARAT
2020-05-04,5,0,1,4,164,28,13,123,SUMATERA BARAT
2020-05-05,14,0,1,13,178,29,13,136,SUMATERA BARAT
2020-05-06,13,1,0,12,191,29,14,148,SUMATERA BARAT
2020-05-07,13,1,3,9,204,32,15,157,SUMATERA BARAT
2020-05-08,14,0,6,8,218,38,15,165,SUMATERA BARAT
2020-05-09,15,0,7,8,233,45,15,173,SUMATERA BARAT
2020-05-10,10,0,1,9,243,46,15,182,SUMATERA BARAT
2020-05-11,0,0,8,-8,243,54,15,174,SUMATERA BARAT
2020-05-12,13,1,3,9,256,57,16,183,SUMATERA BARAT
2020-05-13,17,1,12,4,273,69,17,187,SUMATERA BARAT
2020-05-14,23,1,3,19,296,72,18,206,SUMATERA BARAT
2020-05-15,15,0,1,14,311,73,18,220,SUMATERA BARAT
2020-05-16,2,1,2,-1,313,75,19,219,SUMATERA BARAT
2020-05-17,9,0,1,8,322,76,19,227,SUMATERA BARAT
2020-05-18,1,0,11,-10,323,87,19,217,SUMATERA BARAT
2020-05-19,10,0,8,2,333,95,19,219,SUMATERA BARAT
2020-05-20,4,1,22,-19,337,117,20,200,SUMATERA BARAT
2020-05-21,7,0,5,2,344,122,20,202,SUMATERA BARAT
2020-05-22,2,0,5,-3,346,127,20,199,SUMATERA BARAT
2020-05-23,5,1,13,-9,351,140,21,190,SUMATERA BARAT
2020-05-24,28,0,5,23,379,145,21,213,SUMATERA BARAT
2020-05-25,0,0,4,-4,379,149,21,209,SUMATERA BARAT
2020-05-26,24,0,17,7,403,166,21,216,SUMATERA BARAT
2020-05-27,23,1,20,2,426,186,22,218,SUMATERA BARAT
2020-05-28,4,0,7,-3,430,193,22,215,SUMATERA BARAT
2020-05-29,0,0,4,-4,430,197,22,211,SUMATERA BARAT
2020-05-30,8,0,4,4,438,201,22,215,SUMATERA BARAT
2020-05-31,13,0,6,7,451,207,22,222,SUMATERA BARAT
2020-06-01,0,0,2,-2,451,209,22,220,SUMATERA BARAT
2020-06-02,7,0,5,2,458,214,22,222,SUMATERA BARAT
2020-06-03,8,0,3,5,466,217,22,227,SUMATERA BARAT
2020-06-04,5,0,27,-22,471,244,22,205,SUMATERA BARAT
2020-06-05,11,1,17,-7,482,261,23,198,SUMATERA BARAT
2020-06-06,8,0,2,6,490,263,23,204,SUMATERA BARAT
2020-06-07,7,0,4,3,497,267,23,207,SUMATERA BARAT
2020-06-08,0,0,9,-9,497,276,23,198,SUMATERA BARAT
2020-06-09,14,2,7,5,511,283,25,203,SUMATERA BARAT
2020-06-10,14,0,21,-7,525,304,25,196,SUMATERA BARAT
2020-06-11,2,0,2,0,527,306,25,196,SUMATERA BARAT
2020-06-12,8,0,11,-3,535,317,25,193,SUMATERA BARAT
2020-06-13,2,0,3,-1,537,320,25,192,SUMATERA BARAT
2020-06-14,6,1,11,-6,543,331,26,186,SUMATERA BARAT
2020-06-15,0,0,0,0,543,331,26,186,SUMATERA BARAT
2020-06-16,5,0,32,-27,548,363,26,159,SUMATERA BARAT
2020-06-17,4,0,5,-1,552,368,26,158,SUMATERA BARAT
2020-06-18,3,0,16,-13,555,384,26,145,SUMATERA BARAT
2020-06-19,3,0,9,-6,558,393,26,139,SUMATERA BARAT
2020-06-20,2,0,4,-2,560,397,26,137,SUMATERA BARAT
2020-06-21,3,0,6,-3,563,403,26,134,SUMATERA BARAT
2020-06-22,0,0,1,-1,563,404,26,133,SUMATERA BARAT
2020-06-23,2,0,17,-15,565,421,26,118,SUMATERA BARAT
2020-06-24,1,0,11,-10,566,432,26,108,SUMATERA BARAT
2020-06-25,1,0,17,-16,567,449,26,92,SUMATERA BARAT
2020-06-26,3,1,8,-6,570,457,27,86,SUMATERA BARAT
2020-06-27,2,0,7,-5,572,464,27,81,SUMATERA BARAT
2020-06-28,2,0,5,-3,574,469,27,78,SUMATERA BARAT
2020-06-29,0,0,1,-1,574,470,27,77,SUMATERA BARAT
2020-06-30,0,0,9,-9,574,479,27,68,SUMATERA BARAT
2020-07-01,13,0,6,7,587,485,27,75,SUMATERA BARAT
2020-07-02,8,0,6,2,595,491,27,77,SUMATERA BARAT
2020-07-03,7,0,3,4,602,494,27,81,SUMATERA BARAT
2020-07-04,2,0,2,0,604,496,27,81,SUMATERA BARAT
2020-07-05,9,0,1,8,613,497,27,89,SUMATERA BARAT
2020-07-06,0,0,2,-2,613,499,27,87,SUMATERA BARAT
2020-07-07,4,0,10,-6,617,509,27,81,SUMATERA BARAT
2020-07-08,0,0,6,-6,617,515,27,75,SUMATERA BARAT
2020-07-09,4,0,5,-1,621,520,27,74,SUMATERA BARAT
2020-07-10,5,0,5,0,626,525,27,74,SUMATERA BARAT
2020-07-11,3,0,5,-2,629,530,27,72,SUMATERA BARAT
2020-07-12,4,0,3,1,633,533,27,73,SUMATERA BARAT
2020-07-13,0,0,0,0,633,533,27,73,SUMATERA BARAT
2020-07-14,2,0,10,-8,635,543,27,65,SUMATERA BARAT
2020-07-15,0,0,5,-5,635,548,27,60,SUMATERA BARAT
2020-07-16,1,0,0,1,636,548,27,61,SUMATERA BARAT
2020-07-17,5,0,0,5,641,548,27,66,SUMATERA BARAT
2020-07-18,3,0,5,-2,644,553,27,64,SUMATERA BARAT
2020-07-19,9,0,2,7,653,555,27,71,SUMATERA BARAT
2020-07-20,2,0,0,2,655,555,27,73,SUMATERA BARAT
2020-07-21,6,0,5,1,661,560,27,74,SUMATERA BARAT
2020-07-22,8,0,0,8,669,560,27,82,SUMATERA BARAT
2020-07-23,2,0,2,0,671,562,27,82,SUMATERA BARAT
2020-07-24,3,0,6,-3,674,568,27,79,SUMATERA BARAT
2020-07-25,10,0,8,2,684,576,27,81,SUMATERA BARAT
2020-07-26,4,0,4,0,688,580,27,81,SUMATERA BARAT
2020-07-27,0,0,3,-3,688,583,27,78,SUMATERA BARAT
2020-07-28,4,0,4,0,692,587,27,78,SUMATERA BARAT
2020-07-29,14,0,6,8,706,593,27,86,SUMATERA BARAT
2020-07-30,14,0,5,9,720,598,27,95,SUMATERA BARAT
2020-07-31,36,0,2,34,756,600,27,129,SUMATERA BARAT
2020-08-01,0,0,0,0,756,600,27,129,SUMATERA BARAT
2020-08-02,7,0,8,-1,763,608,27,128,SUMATERA BARAT
2020-08-03,15,0,2,13,778,610,27,141,SUMATERA BARAT
2020-08-04,8,0,2,6,786,612,27,147,SUMATERA BARAT
2020-08-05,12,0,2,10,798,614,27,157,SUMATERA BARAT
2020-08-06,24,0,10,14,822,624,27,171,SUMATERA BARAT
2020-08-07,30,0,8,22,852,632,27,193,SUMATERA BARAT
2020-08-08,17,0,4,13,869,636,27,206,SUMATERA BARAT
2020-08-09,34,0,3,31,903,639,27,237,SUMATERA BARAT
2020-08-10,27,0,7,20,930,646,27,257,SUMATERA BARAT
2020-08-11,12,0,7,5,942,653,27,262,SUMATERA BARAT
2020-08-12,21,1,10,10,963,663,28,272,SUMATERA BARAT
2020-08-13,39,1,17,21,1002,680,29,293,SUMATERA BARAT
2020-08-14,32,1,6,25,1034,686,30,318,SUMATERA BARAT
2020-08-15,31,0,17,14,1065,703,30,332,SUMATERA BARAT
2020-08-16,8,1,6,1,1073,709,31,333,SUMATERA BARAT
2020-08-17,24,1,14,9,1097,723,32,342,SUMATERA BARAT
2020-08-18,33,1,2,30,1130,725,33,372,SUMATERA BARAT
2020-08-19,22,0,13,9,1152,738,33,381,SUMATERA BARAT
2020-08-20,36,0,17,19,1188,755,33,400,SUMATERA BARAT
2020-08-21,36,0,35,1,1224,790,33,401,SUMATERA BARAT
2020-08-22,28,2,6,20,1252,796,35,421,SUMATERA BARAT
2020-08-23,55,1,32,22,1307,828,36,443,SUMATERA BARAT
2020-08-24,18,0,10,8,1325,838,36,451,SUMATERA BARAT
2020-08-25,59,1,19,39,1384,857,37,490,SUMATERA BARAT
2020-08-26,70,1,7,62,1454,864,38,552,SUMATERA BARAT
2020-08-27,32,2,48,-18,1486,912,40,534,SUMATERA BARAT
2020-08-28,21,1,9,11,1507,921,41,545,SUMATERA BARAT
2020-08-29,69,0,4,65,1576,925,41,610,SUMATERA BARAT
2020-08-30,70,1,26,43,1646,951,42,653,SUMATERA BARAT
2020-08-31,69,0,24,45,1715,975,42,698,SUMATERA BARAT
2020-09-01,66,0,17,49,1781,992,42,747,SUMATERA BARAT
2020-09-02,71,0,52,19,1852,1044,42,766,SUMATERA BARAT
2020-09-03,32,0,18,14,1884,1062,42,780,SUMATERA BARAT
2020-09-04,50,1,54,-5,1934,1116,43,775,SUMATERA BARAT
2020-09-05,57,0,24,33,1991,1140,43,808,SUMATERA BARAT
2020-09-06,199,1,16,182,2190,1156,44,990,SUMATERA BARAT
2020-09-07,30,0,43,-13,2220,1199,44,977,SUMATERA BARAT
2020-09-08,91,0,46,45,2311,1245,44,1022,SUMATERA BARAT
2020-09-09,90,1,54,35,2401,1299,45,1057,SUMATERA BARAT
2020-09-10,85,0,46,39,2486,1345,45,1096,SUMATERA BARAT
2020-09-11,28,0,39,-11,2514,1384,45,1085,SUMATERA BARAT
2020-09-12,81,3,5,73,2595,1389,48,1158,SUMATERA BARAT
2020-09-13,99,2,21,76,2694,1410,50,1234,SUMATERA BARAT
2020-09-14,99,2,32,65,2793,1442,52,1299,SUMATERA BARAT
2020-09-15,106,4,69,33,2899,1511,56,1332,SUMATERA BARAT
2020-09-16,100,5,47,48,2999,1558,61,1380,SUMATERA BARAT
2020-09-17,98,2,30,66,3097,1588,63,1446,SUMATERA BARAT
2020-09-18,110,2,53,55,3207,1641,65,1501,SUMATERA BARAT
2020-09-19,130,1,106,23,3337,1747,66,1524,SUMATERA BARAT
2020-09-20,81,1,30,50,3418,1777,67,1574,SUMATERA BARAT
2020-09-21,142,0,68,74,3560,1845,67,1648,SUMATERA BARAT
2020-09-22,156,2,78,76,3716,1923,69,1724,SUMATERA BARAT
2020-09-23,156,2,84,70,3872,2007,71,1794,SUMATERA BARAT
2020-09-24,236,2,120,114,4108,2127,73,1908,SUMATERA BARAT
2020-09-25,163,4,72,87,4271,2199,77,1995,SUMATERA BARAT
2020-09-26,121,1,99,21,4392,2298,78,2016,SUMATERA BARAT
2020-09-27,170,3,49,118,4562,2347,81,2134,SUMATERA BARAT
2020-09-28,163,1,67,95,4725,2414,82,2229,SUMATERA BARAT
2020-09-29,194,3,64,127,4919,2478,85,2356,SUMATERA BARAT
2020-09-30,76,8,83,-15,4995,2561,93,2341,SUMATERA BARAT
2020-10-01,154,3,74,77,5149,2635,96,2418,SUMATERA BARAT
2020-10-02,94,3,108,-17,5243,2743,99,2401,SUMATERA BARAT
2020-10-03,221,6,98,117,5464,2841,105,2518,SUMATERA BARAT
2020-10-04,206,1,103,102,5670,2944,106,2620,SUMATERA BARAT
2020-10-05,172,4,117,51,5842,3061,110,2671,SUMATERA BARAT
2020-10-06,63,2,246,-185,5905,3307,112,2486,SUMATERA BARAT
2020-10-07,156,8,95,53,6061,3402,120,2539,SUMATERA BARAT
2020-10-08,159,4,102,53,6220,3504,124,2592,SUMATERA BARAT
2020-10-09,239,4,128,107,6459,3632,128,2699,SUMATERA BARAT
2020-10-10,193,4,112,77,6652,3744,132,2776,SUMATERA BARAT
2020-10-11,270,3,163,104,6922,3907,135,2880,SUMATERA BARAT
2020-10-12,146,0,96,50,7068,4003,135,2930,SUMATERA BARAT
2020-10-13,137,2,78,57,7205,4081,137,2987,SUMATERA BARAT
2020-10-14,289,1,98,190,7494,4179,138,3177,SUMATERA BARAT
2020-10-15,278,4,100,174,7772,4279,142,3351,SUMATERA BARAT
2020-10-16,396,4,119,273,8168,4398,146,3624,SUMATERA BARAT
2020-10-17,360,2,203,155,8528,4601,148,3779,SUMATERA BARAT
2020-10-18,222,1,85,136,8750,4686,149,3915,SUMATERA BARAT
2020-10-19,188,12,135,41,8938,4821,161,3956,SUMATERA BARAT
2020-10-20,143,2,83,58,9081,4904,163,4014,SUMATERA BARAT
2020-10-21,221,4,215,2,9302,5119,167,4016,SUMATERA BARAT
2020-10-22,164,2,93,69,9466,5212,169,4085,SUMATERA BARAT
2020-10-23,212,6,428,-222,9678,5640,175,3863,SUMATERA BARAT
2020-10-24,233,0,168,65,9911,5808,175,3928,SUMATERA BARAT
2020-10-25,264,5,142,117,10175,5950,180,4045,SUMATERA BARAT
2020-10-26,205,4,150,51,10380,6100,184,4096,SUMATERA BARAT
2020-10-27,256,8,373,-125,10636,6473,192,3971,SUMATERA BARAT
2020-10-28,217,2,156,59,10853,6629,194,4030,SUMATERA BARAT
2020-10-29,266,7,428,-169,11119,7057,201,3861,SUMATERA BARAT
2020-10-30,230,7,952,-729,11349,8009,208,3132,SUMATERA BARAT
2020-10-31,196,4,204,-12,11545,8213,212,3120,SUMATERA BARAT
2020-11-01,175,3,185,-13,11720,8398,215,3107,SUMATERA BARAT
2020-11-02,152,4,211,-63,11872,8609,219,3044,SUMATERA BARAT
2020-11-03,64,3,205,-144,11936,8814,222,2900,SUMATERA BARAT
2020-11-04,135,4,517,-386,12071,9331,226,2514,SUMATERA BARAT
2020-11-05,201,5,287,-91,12272,9618,231,2423,SUMATERA BARAT
2020-11-06,189,5,233,-49,12461,9851,236,2374,SUMATERA BARAT
2020-11-07,135,5,217,-87,12596,10068,241,2287,SUMATERA BARAT
2020-11-08,150,4,187,-41,12746,10255,245,2246,SUMATERA BARAT
2020-11-09,102,2,143,-43,12848,10398,247,2203,SUMATERA BARAT
2020-11-10,90,4,241,-155,12938,10639,251,2048,SUMATERA BARAT
2020-11-11,209,1,92,116,13147,10731,252,2164,SUMATERA BARAT
2020-11-12,161,2,118,41,13308,10849,254,2205,SUMATERA BARAT
2020-11-13,154,1,104,49,13462,10953,255,2254,SUMATERA BARAT
2020-11-14,187,3,123,61,13649,11076,258,2315,SUMATERA BARAT
2020-11-15,175,0,107,68,13824,11183,258,2383,SUMATERA BARAT
2020-11-16,31,1,66,-36,13855,11249,259,2347,SUMATERA BARAT
2020-11-17,83,8,29,46,13938,11278,267,2393,SUMATERA BARAT
2020-11-18,177,5,113,59,14115,11391,272,2452,SUMATERA BARAT
2020-11-19,153,2,390,-239,14268,11781,274,2213,SUMATERA BARAT
2020-11-20,176,2,274,-100,14444,12055,276,2113,SUMATERA BARAT
2020-11-21,205,9,267,-71,14649,12322,285,2042,SUMATERA BARAT
2020-11-22,186,5,355,-174,14835,12677,290,1868,SUMATERA BARAT
2020-11-23,29,4,124,-99,14864,12801,294,1769,SUMATERA BARAT
2020-11-24,42,1,339,-298,14906,13140,295,1471,SUMATERA BARAT
2020-11-25,219,5,261,-47,15125,13401,300,1424,SUMATERA BARAT
2020-11-26,257,4,127,126,15382,13528,304,1550,SUMATERA BARAT
2020-11-27,187,3,193,-9,15569,13721,307,1541,SUMATERA BARAT
2020-11-28,141,4,177,-40,15710,13898,311,1501,SUMATERA BARAT
2020-11-29,224,3,156,65,15934,14054,314,1566,SUMATERA BARAT
2020-11-30,63,6,186,-129,15997,14240,320,1437,SUMATERA BARAT
2020-12-01,40,1,90,-51,16037,14330,321,1386,SUMATERA BARAT
2020-12-02,137,3,179,-45,16174,14509,324,1341,SUMATERA BARAT
2020-12-03,153,3,122,28,16327,14631,327,1369,SUMATERA BARAT
2020-12-04,170,5,164,1,16497,14795,332,1370,SUMATERA BARAT
2020-12-05,132,1,124,7,16629,14919,333,1377,SUMATERA BARAT
2020-12-06,113,4,154,-45,16742,15073,337,1332,SUMATERA BARAT
2020-12-07,91,0,89,2,16833,15162,337,1334,SUMATERA BARAT
2020-12-08,69,4,129,-64,16902,15291,341,1270,SUMATERA BARAT
2020-12-09,103,5,127,-29,17005,15418,346,1241,SUMATERA BARAT
2020-12-10,108,0,221,-113,17113,15639,346,1128,SUMATERA BARAT
2020-12-11,46,0,196,-150,17159,15835,346,978,SUMATERA BARAT
2020-12-12,68,0,31,37,17227,15866,346,1015,SUMATERA BARAT
2020-12-13,90,2,199,-111,17317,16065,348,904,SUMATERA BARAT
2020-12-14,41,1,46,-6,17358,16111,349,898,SUMATERA BARAT
2020-12-15,31,0,115,-84,17389,16226,349,814,SUMATERA BARAT
2020-12-16,137,3,127,7,17526,16353,352,821,SUMATERA BARAT
2020-12-17,87,5,97,-15,17613,16450,357,806,SUMATERA BARAT
2020-12-18,82,5,100,-23,17695,16550,362,783,SUMATERA BARAT
2020-12-19,111,3,26,82,17806,16576,365,865,SUMATERA BARAT
2020-12-20,99,7,89,3,17905,16665,372,868,SUMATERA BARAT
2020-12-21,106,5,86,15,18011,16751,377,883,SUMATERA BARAT
2020-12-22,37,2,89,-54,18048,16840,379,829,SUMATERA BARAT
2020-12-23,130,5,31,94,18178,16871,384,923,SUMATERA BARAT
2020-12-24,77,4,23,50,18255,16894,388,973,SUMATERA BARAT
2020-12-25,84,3,11,70,18339,16905,391,1043,SUMATERA BARAT
2020-12-26,60,5,11,44,18399,16916,396,1087,SUMATERA BARAT
2020-12-27,54,1,103,-50,18453,17019,397,1037,SUMATERA BARAT
2020-12-28,15,1,85,-71,18468,17104,398,966,SUMATERA BARAT
2020-12-29,72,6,103,-37,18540,17207,404,929,SUMATERA BARAT
2020-12-30,101,1,115,-15,18641,17322,405,914,SUMATERA BARAT
2020-12-31,92,3,99,-10,18733,17421,408,904,SUMATERA BARAT
2021-01-01,119,1,95,23,18852,17516,409,927,SUMATERA BARAT
2021-01-02,30,2,95,-67,18882,17611,411,860,SUMATERA BARAT
2021-01-03,48,2,101,-55,18930,17712,413,805,SUMATERA BARAT
2021-01-04,22,2,119,-99,18952,17831,415,706,SUMATERA BARAT
2021-01-05,59,2,117,-60,19011,17948,417,646,SUMATERA BARAT
2021-01-06,148,4,97,47,19159,18045,421,693,SUMATERA BARAT
2021-01-07,143,3,19,121,19302,18064,424,814,SUMATERA BARAT
2021-01-08,141,0,21,120,19443,18085,424,934,SUMATERA BARAT
2021-01-09,156,1,14,141,19599,18099,425,1075,SUMATERA BARAT
2021-01-10,3,0,10,-7,19602,18109,425,1068,SUMATERA BARAT
2021-01-11,0,3,18,-21,19602,18127,428,1047,SUMATERA BARAT
2021-01-12,88,2,14,72,19690,18141,430,1119,SUMATERA BARAT
2021-01-13,139,3,37,99,19829,18178,433,1218,SUMATERA BARAT
2021-01-14,221,1,30,190,20050,18208,434,1408,SUMATERA BARAT
2021-01-15,151,3,25,123,20201,18233,437,1531,SUMATERA BARAT
2021-01-16,148,1,26,121,20349,18259,438,1652,SUMATERA BARAT
2021-01-17,133,0,8,125,20482,18267,438,1777,SUMATERA BARAT
2021-01-18,23,2,4,17,20505,18271,440,1794,SUMATERA BARAT
2021-01-19,89,0,48,41,20594,18319,440,1835,SUMATERA BARAT
2021-01-20,131,7,14,110,20725,18333,447,1945,SUMATERA BARAT
2021-01-21,145,4,43,98,20870,18376,451,2043,SUMATERA BARAT
2021-01-22,103,5,17,81,20973,18393,456,2124,SUMATERA BARAT
2021-01-23,93,0,90,3,21066,18483,456,2127,SUMATERA BARAT
2021-01-24,100,0,102,-2,21166,18585,456,2125,SUMATERA BARAT
2021-01-25,35,3,69,-37,21201,18654,459,2088,SUMATERA BARAT
2021-01-26,29,1,40,-12,21230,18694,460,2076,SUMATERA BARAT
2021-01-27,81,0,45,36,21311,18739,460,2112,SUMATERA BARAT
2021-01-28,86,0,98,-12,21397,18837,460,2100,SUMATERA BARAT
2021-01-29,59,4,244,-189,21456,19081,464,1911,SUMATERA BARAT
2021-01-30,65,1,64,0,21521,19145,465,1911,SUMATERA BARAT
2021-01-31,71,2,121,-52,21592,19266,467,1859,SUMATERA BARAT
2021-02-01,31,2,31,-2,21623,19297,469,1857,SUMATERA BARAT
2021-02-02,33,6,159,-132,21656,19456,475,1725,SUMATERA BARAT
2021-02-03,105,2,96,7,21761,19552,477,1732,SUMATERA BARAT
2021-02-04,76,3,142,-69,21837,19694,480,1663,SUMATERA BARAT
2021-02-05,44,0,79,-35,21881,19773,480,1628,SUMATERA BARAT
2021-02-06,79,1,130,-52,21960,19903,481,1576,SUMATERA BARAT
2021-02-07,104,0,88,16,22064,19991,481,1592,SUMATERA BARAT
2021-02-08,31,1,124,-94,22095,20115,482,1498,SUMATERA BARAT
2021-02-09,35,0,137,-102,22130,20252,482,1396,SUMATERA BARAT
2021-02-10,107,1,46,60,22237,20298,483,1456,SUMATERA BARAT
2021-02-11,69,5,76,-12,22306,20374,488,1444,SUMATERA BARAT
2021-02-12,104,3,42,59,22410,20416,491,1503,SUMATERA BARAT
2021-02-13,65,0,47,18,22475,20463,491,1521,SUMATERA BARAT
2021-02-14,61,0,91,-30,22536,20554,491,1491,SUMATERA BARAT
2021-02-15,13,3,37,-27,22549,20591,494,1464,SUMATERA BARAT
2021-02-16,43,0,0,43,22592,20591,494,1507,SUMATERA BARAT
2021-02-17,56,0,25,31,22648,20616,494,1538,SUMATERA BARAT
2021-02-18,92,1,41,50,22740,20657,495,1588,SUMATERA BARAT
2021-02-19,69,3,5,61,22809,20662,498,1649,SUMATERA BARAT
2021-02-20,60,3,51,6,22869,20713,501,1655,SUMATERA BARAT
2021-02-21,63,0,48,15,22932,20761,501,1670,SUMATERA BARAT
2021-02-22,23,0,179,-156,22955,20940,501,1514,SUMATERA BARAT
2021-02-23,51,0,140,-89,23006,21080,501,1425,SUMATERA BARAT
2021-02-24,62,0,153,-91,23068,21233,501,1334,SUMATERA BARAT
2021-02-25,63,0,105,-42,23131,21338,501,1292,SUMATERA BARAT
2021-02-26,80,1,109,-30,23211,21447,502,1262,SUMATERA BARAT
2021-02-27,68,0,80,-12,23279,21527,502,1250,SUMATERA BARAT
2021-02-28,67,0,100,-33,23346,21627,502,1217,SUMATERA BARAT
2021-03-01,19,3,141,-125,23365,21768,505,1092,SUMATERA BARAT
2021-03-02,62,1,120,-59,23427,21888,506,1033,SUMATERA BARAT
2021-03-03,90,1,140,-51,23517,22028,507,982,SUMATERA BARAT
2021-03-04,70,2,66,2,23587,22094,509,984,SUMATERA BARAT
2021-03-05,72,1,128,-57,23659,22222,510,927,SUMATERA BARAT
2021-03-06,74,0,115,-41,23733,22337,510,886,SUMATERA BARAT
2021-03-07,49,1,59,-11,23782,22396,511,875,SUMATERA BARAT
2021-03-08,4,1,61,-58,23786,22457,512,817,SUMATERA BARAT
2021-03-09,62,2,28,32,23848,22485,514,849,SUMATERA BARAT
2021-03-10,85,1,81,3,23933,22566,515,852,SUMATERA BARAT
2021-03-11,66,1,83,-18,23999,22649,516,834,SUMATERA BARAT
2021-03-12,47,4,41,2,24046,22690,520,836,SUMATERA BARAT
2021-03-13,53,1,44,8,24099,22734,521,844,SUMATERA BARAT
2021-03-14,76,3,119,-46,24175,22853,524,798,SUMATERA BARAT
2021-03-15,18,0,26,-8,24193,22879,524,790,SUMATERA BARAT
2021-03-16,44,0,52,-8,24237,22931,524,782,SUMATERA BARAT
2021-03-17,104,4,52,48,24341,22983,528,830,SUMATERA BARAT
2021-03-18,86,0,70,16,24427,23053,528,846,SUMATERA BARAT
2021-03-19,86,2,67,17,24513,23120,530,863,SUMATERA BARAT
2021-03-20,57,1,128,-72,24570,23248,531,791,SUMATERA BARAT
2021-03-21,68,2,49,17,24638,23297,533,808,SUMATERA BARAT
2021-03-22,34,0,45,-11,24672,23342,533,797,SUMATERA BARAT
2021-03-23,77,2,32,43,24749,23374,535,840,SUMATERA BARAT
2021-03-24,75,0,85,-10,24824,23459,535,830,SUMATERA BARAT
2021-03-25,84,0,97,-13,24908,23556,535,817,SUMATERA BARAT
2021-03-26,94,0,37,57,25002,23593,535,874,SUMATERA BARAT
2021-03-27,92,0,51,41,25094,23644,535,915,SUMATERA BARAT
2021-03-28,83,2,108,-27,25177,23752,537,888,SUMATERA BARAT
2021-03-29,35,0,34,1,25212,23786,537,889,SUMATERA BARAT
2021-03-30,80,0,10,70,25292,23796,537,959,SUMATERA BARAT
2021-03-31,104,1,46,57,25396,23842,538,1016,SUMATERA BARAT
2021-04-01,108,1,60,47,25504,23902,539,1063,SUMATERA BARAT
2021-04-02,123,1,44,78,25627,23946,540,1141,SUMATERA BARAT
2021-04-03,68,1,67,0,25695,24013,541,1141,SUMATERA BARAT
2021-04-04,47,0,29,18,25742,24042,541,1159,SUMATERA BARAT
2021-04-05,43,4,91,-52,25785,24133,545,1107,SUMATERA BARAT
2021-04-06,85,4,97,-16,25870,24230,549,1091,SUMATERA BARAT
2021-04-07,102,0,102,0,25972,24332,549,1091,SUMATERA BARAT
2021-04-08,172,7,151,14,26144,24483,556,1105,SUMATERA BARAT
2021-04-09,104,2,52,50,26248,24535,558,1155,SUMATERA BARAT
2021-04-10,127,5,43,79,26375,24578,563,1234,SUMATERA BARAT
2021-04-11,80,1,125,-46,26455,24703,564,1188,SUMATERA BARAT
2021-04-12,42,1,41,0,26497,24744,565,1188,SUMATERA BARAT
2021-04-13,82,4,136,-58,26579,24880,569,1130,SUMATERA BARAT
2021-04-14,129,2,130,-3,26708,25010,571,1127,SUMATERA BARAT
2021-04-15,121,4,116,1,26829,25126,575,1128,SUMATERA BARAT
2021-04-16,131,3,130,-2,26960,25256,578,1126,SUMATERA BARAT
2021-04-17,164,6,107,51,27124,25363,584,1177,SUMATERA BARAT
2021-04-18,160,3,74,83,27284,25437,587,1260,SUMATERA BARAT
2021-04-19,71,2,42,27,27355,25479,589,1287,SUMATERA BARAT
2021-04-20,138,6,115,17,27493,25594,595,1304,SUMATERA BARAT
2021-04-21,412,5,84,323,27905,25678,600,1627,SUMATERA BARAT
2021-04-22,240,2,69,169,28145,25747,602,1796,SUMATERA BARAT
2021-04-23,185,1,181,3,28330,25928,603,1799,SUMATERA BARAT
2021-04-24,236,6,208,22,28566,26136,609,1821,SUMATERA BARAT
2021-04-25,201,2,64,135,28767,26200,611,1956,SUMATERA BARAT
2021-04-26,74,6,48,20,28841,26248,617,1976,SUMATERA BARAT
2021-04-27,176,4,194,-22,29017,26442,621,1954,SUMATERA BARAT
2021-04-28,168,3,186,-21,29185,26628,624,1933,SUMATERA BARAT
2021-04-29,211,5,203,3,29396,26831,629,1936,SUMATERA BARAT
2021-04-30,135,2,107,26,29531,26938,631,1962,SUMATERA BARAT
2021-05-01,132,8,262,-138,29663,27200,639,1824,SUMATERA BARAT
2021-05-02,229,6,117,106,29892,27317,645,1930,SUMATERA BARAT
2021-05-03,50,3,82,-35,29942,27399,648,1895,SUMATERA BARAT
2021-05-04,115,4,182,-71,30057,27581,652,1824,SUMATERA BARAT
2021-05-05,202,5,162,35,30259,27743,657,1859,SUMATERA BARAT
2021-05-06,322,10,199,113,30581,27942,667,1972,SUMATERA BARAT
2021-05-07,217,6,165,46,30798,28107,673,2018,SUMATERA BARAT
2021-05-08,235,3,225,7,31033,28332,676,2025,SUMATERA BARAT
2021-05-09,247,9,132,106,31280,28464,685,2131,SUMATERA BARAT
2021-05-10,139,8,87,44,31419,28551,693,2175,SUMATERA BARAT
2021-05-11,189,2,199,-12,31608,28750,695,2163,SUMATERA BARAT
2021-05-12,376,6,151,219,31984,28901,701,2382,SUMATERA BARAT
2021-05-13,76,0,181,-105,32060,29082,701,2277,SUMATERA BARAT
2021-05-14,0,0,2,-2,32060,29084,701,2275,SUMATERA BARAT
2021-05-15,0,0,8,-8,32060,29092,701,2267,SUMATERA BARAT
2021-05-16,115,6,176,-67,32175,29268,707,2200,SUMATERA BARAT
2021-05-17,103,10,112,-19,32278,29380,717,2181,SUMATERA BARAT
2021-05-18,182,6,203,-27,32460,29583,723,2154,SUMATERA BARAT
2021-05-19,245,5,285,-45,32705,29868,728,2109,SUMATERA BARAT
2021-05-20,284,5,172,107,32989,30040,733,2216,SUMATERA BARAT
2021-05-21,293,7,246,40,33282,30286,740,2256,SUMATERA BARAT
2021-05-22,242,5,245,-8,33524,30531,745,2248,SUMATERA BARAT
2021-05-23,309,9,139,161,33833,30670,754,2409,SUMATERA BARAT
2021-05-24,126,1,154,-29,33959,30824,755,2380,SUMATERA BARAT
2021-05-25,225,7,145,73,34184,30969,762,2453,SUMATERA BARAT
2021-05-26,234,2,218,14,34418,31187,764,2467,SUMATERA BARAT
2021-05-27,249,4,110,135,34667,31297,768,2602,SUMATERA BARAT
2021-05-28,135,9,178,-52,34802,31475,777,2550,SUMATERA BARAT
2021-05-29,294,7,324,-37,35096,31799,784,2513,SUMATERA BARAT
2021-05-30,213,12,153,48,35309,31952,796,2561,SUMATERA BARAT
2021-05-31,103,2,97,4,35412,32049,798,2565,SUMATERA BARAT
2021-06-01,140,7,275,-142,35552,32324,805,2423,SUMATERA BARAT
2021-06-02,177,0,92,85,35729,32416,805,2508,SUMATERA BARAT
2021-06-03,144,2,228,-86,35873,32644,807,2422,SUMATERA BARAT
2021-06-04,253,3,148,102,36126,32792,810,2524,SUMATERA BARAT
2021-06-05,365,6,219,140,36491,33011,816,2664,SUMATERA BARAT
2021-06-06,313,4,193,116,36804,33204,820,2780,SUMATERA BARAT
2021-06-07,199,10,44,145,37003,33248,830,2925,SUMATERA BARAT
2021-06-08,108,9,181,-82,37111,33429,839,2843,SUMATERA BARAT
2021-06-09,213,4,136,73,37324,33565,843,2916,SUMATERA BARAT
2021-06-10,279,6,165,108,37603,33730,849,3024,SUMATERA BARAT
2021-06-11,223,9,286,-72,37826,34016,858,2952,SUMATERA BARAT
2021-06-12,187,2,182,3,38013,34198,860,2955,SUMATERA BARAT
2021-06-13,209,7,360,-158,38222,34558,867,2797,SUMATERA BARAT
2021-06-14,89,4,135,-50,38311,34693,871,2747,SUMATERA BARAT
2021-06-15,126,8,291,-173,38437,34984,879,2574,SUMATERA BARAT
2021-06-16,175,4,193,-22,38612,35177,883,2552,SUMATERA BARAT
2021-06-17,151,6,203,-58,38763,35380,889,2494,SUMATERA BARAT
2021-06-18,201,6,221,-26,38964,35601,895,2468,SUMATERA BARAT
2021-06-19,107,5,271,-169,39071,35872,900,2299,SUMATERA BARAT
2021-06-20,107,4,166,-63,39178,36038,904,2236,SUMATERA BARAT
2021-06-21,59,3,145,-89,39237,36183,907,2147,SUMATERA BARAT
2021-06-22,155,6,134,15,39392,36317,913,2162,SUMATERA BARAT
2021-06-23,219,6,143,70,39611,36460,919,2232,SUMATERA BARAT
2021-06-24,165,3,101,61,39776,36561,922,2293,SUMATERA BARAT
2021-06-25,251,3,143,105,40027,36704,925,2398,SUMATERA BARAT
2021-06-26,207,4,287,-84,40234,36991,929,2314,SUMATERA BARAT
2021-06-27,142,8,63,71,40376,37054,937,2385,SUMATERA BARAT
2021-06-28,71,6,81,-16,40447,37135,943,2369,SUMATERA BARAT
2021-06-29,148,6,130,12,40595,37265,949,2381,SUMATERA BARAT
2021-06-30,362,5,173,184,40957,37438,954,2565,SUMATERA BARAT
2021-07-01,431,6,70,355,41388,37508,960,2920,SUMATERA BARAT
2021-07-02,356,3,291,62,41744,37799,963,2982,SUMATERA BARAT
2021-07-03,409,7,336,66,42153,38135,970,3048,SUMATERA BARAT
2021-07-04,356,5,96,255,42509,38231,975,3303,SUMATERA BARAT
2021-07-05,63,7,102,-46,42572,38333,982,3257,SUMATERA BARAT
2021-07-06,257,8,154,95,42829,38487,990,3352,SUMATERA BARAT
2021-07-07,537,3,83,451,43366,38570,993,3803,SUMATERA BARAT
2021-07-08,593,10,262,321,43959,38832,1003,4124,SUMATERA BARAT
2021-07-09,578,10,214,354,44537,39046,1013,4478,SUMATERA BARAT
2021-07-10,665,4,193,468,45202,39239,1017,4946,SUMATERA BARAT
2021-07-11,280,13,240,27,45482,39479,1030,4973,SUMATERA BARAT
2021-07-12,297,6,198,93,45779,39677,1036,5066,SUMATERA BARAT
2021-07-13,373,9,216,148,46152,39893,1045,5214,SUMATERA BARAT
2021-07-14,554,2,253,299,46706,40146,1047,5513,SUMATERA BARAT
2021-07-15,541,5,282,254,47247,40428,1052,5767,SUMATERA BARAT
2021-07-16,810,4,277,529,48057,40705,1056,6296,SUMATERA BARAT
2021-07-17,519,10,235,274,48576,40940,1066,6570,SUMATERA BARAT
2021-07-18,513,4,247,262,49089,41187,1070,6832,SUMATERA BARAT
2021-07-19,587,10,302,275,49676,41489,1080,7107,SUMATERA BARAT
2021-07-20,414,6,213,195,50090,41702,1086,7302,SUMATERA BARAT
2021-07-21,437,8,247,182,50527,41949,1094,7484,SUMATERA BARAT
2021-07-22,521,2,278,241,51048,42227,1096,7725,SUMATERA BARAT
2021-07-23,602,11,123,468,51650,42350,1107,8193,SUMATERA BARAT
2021-07-24,338,8,260,70,51988,42610,1115,8263,SUMATERA BARAT
2021-07-25,590,3,224,363,52578,42834,1118,8626,SUMATERA BARAT
2021-07-26,467,11,351,105,53045,43185,1129,8731,SUMATERA BARAT
2021-07-27,723,15,390,318,53768,43575,1144,9049,SUMATERA BARAT
2021-07-28,683,19,491,173,54451,44066,1163,9222,SUMATERA BARAT
2021-07-29,848,19,564,265,55299,44630,1182,9487,SUMATERA BARAT
2021-07-30,714,8,423,283,56013,45053,1190,9770,SUMATERA BARAT
2021-07-31,716,16,342,358,56729,45395,1206,10128,SUMATERA BARAT
2021-08-01,573,13,374,186,57302,45769,1219,10314,SUMATERA BARAT
2021-08-02,779,11,320,448,58081,46089,1230,10762,SUMATERA BARAT
2021-08-03,941,12,525,404,59022,46614,1242,11166,SUMATERA BARAT
2021-08-04,741,9,532,200,59763,47146,1251,11366,SUMATERA BARAT
2021-08-05,673,26,402,245,60436,47548,1277,11611,SUMATERA BARAT
2021-08-06,747,19,548,180,61183,48096,1296,11791,SUMATERA BARAT
2021-08-07,677,11,632,34,61860,48728,1307,11825,SUMATERA BARAT
2021-08-08,621,22,529,70,62481,49257,1329,11895,SUMATERA BARAT
2021-08-09,329,12,631,-314,62810,49888,1341,11581,SUMATERA BARAT
2021-08-10,402,21,878,-497,63212,50766,1362,11084,SUMATERA BARAT
2021-08-11,503,19,688,-204,63715,51454,1381,10880,SUMATERA BARAT
2021-08-12,423,14,736,-327,64138,52190,1395,10553,SUMATERA BARAT
2021-08-13,465,10,757,-302,64603,52947,1405,10251,SUMATERA BARAT
2021-08-14,503,22,1039,-558,65106,53986,1427,9693,SUMATERA BARAT
2021-08-15,461,13,951,-503,65567,54937,1440,9190,SUMATERA BARAT
2021-08-16,130,20,837,-727,65697,55774,1460,8463,SUMATERA BARAT
2021-08-17,219,7,587,-375,65916,56361,1467,8088,SUMATERA BARAT
2021-08-18,340,9,530,-199,66256,56891,1476,7889,SUMATERA BARAT
2021-08-19,238,13,543,-318,66494,57434,1489,7571,SUMATERA BARAT
2021-08-20,302,12,524,-234,66796,57958,1501,7337,SUMATERA BARAT
2021-08-21,426,11,580,-165,67222,58538,1512,7172,SUMATERA BARAT
2021-08-22,267,3,1273,-1009,67489,59811,1515,6163,SUMATERA BARAT
2021-08-23,67,16,529,-478,67556,60340,1531,5685,SUMATERA BARAT
2021-08-24,313,10,352,-49,67869,60692,1541,5636,SUMATERA BARAT
2021-08-25,297,13,392,-108,68166,61084,1554,5528,SUMATERA BARAT
2021-08-26,401,10,647,-256,68567,61731,1564,5272,SUMATERA BARAT
2021-08-27,251,6,456,-211,68818,62187,1570,5061,SUMATERA BARAT
2021-08-28,228,12,338,-122,69046,62525,1582,4939,SUMATERA BARAT
2021-08-29,165,6,460,-301,69211,62985,1588,4638,SUMATERA BARAT
2021-08-30,30,8,270,-248,69241,63255,1596,4390,SUMATERA BARAT
2021-08-31,191,5,246,-60,69432,63501,1601,4330,SUMATERA BARAT
2021-09-01,156,7,284,-135,69588,63785,1608,4195,SUMATERA BARAT
2021-09-02,121,7,197,-83,69709,63982,1615,4112,SUMATERA BARAT
2021-09-03,149,7,459,-317,69858,64441,1622,3795,SUMATERA BARAT
2021-09-04,98,4,295,-201,69956,64736,1626,3594,SUMATERA BARAT
2021-09-05,93,1,169,-77,70049,64905,1627,3517,SUMATERA BARAT
2021-09-06,35,9,162,-136,70084,65067,1636,3381,SUMATERA BARAT
2021-09-07,105,4,281,-180,70189,65348,1640,3201,SUMATERA BARAT
2021-09-08,102,6,372,-276,70291,65720,1646,2925,SUMATERA BARAT
2021-09-09,97,3,203,-109,70388,65923,1649,2816,SUMATERA BARAT
2021-09-10,102,9,186,-93,70490,66109,1658,2723,SUMATERA BARAT
2021-09-11,102,5,225,-128,70592,66334,1663,2595,SUMATERA BARAT
2021-09-12,77,0,167,-90,70669,66501,1663,2505,SUMATERA BARAT
2021-09-13,13,9,257,-253,70682,66758,1672,2252,SUMATERA BARAT
2021-09-14,80,2,308,-230,70762,67066,1674,2022,SUMATERA BARAT
2021-09-15,66,3,196,-133,70828,67262,1677,1889,SUMATERA BARAT
2021-09-16,69,2,245,-178,70897,67507,1679,1711,SUMATERA BARAT
2021-09-17,90,3,71,16,70987,67578,1682,1727,SUMATERA BARAT
2021-09-18,53,4,97,-48,71040,67675,1686,1679,SUMATERA BARAT
2021-09-19,28,0,104,-76,71068,67779,1686,1603,SUMATERA BARAT
2021-09-20,8,3,97,-92,71076,67876,1689,1511,SUMATERA BARAT
2021-09-21,64,3,80,-19,71140,67956,1692,1492,SUMATERA BARAT
2021-09-22,28,2,169,-143,71168,68125,1694,1349,SUMATERA BARAT
2021-09-23,67,5,109,-47,71235,68234,1699,1302,SUMATERA BARAT
2021-09-24,58,4,86,-32,71293,68320,1703,1270,SUMATERA BARAT
2021-09-25,33,2,125,-94,71326,68445,1705,1176,SUMATERA BARAT
2021-09-26,24,6,90,-72,71350,68535,1711,1104,SUMATERA BARAT
2021-09-27,15,1,121,-107,71365,68656,1712,997,SUMATERA BARAT
2021-09-28,31,2,240,-211,71396,68896,1714,786,SUMATERA BARAT
2021-09-29,17,0,72,-55,71413,68968,1714,731,SUMATERA BARAT
2021-09-30,38,0,57,-19,71451,69025,1714,712,SUMATERA BARAT
2021-10-01,53,3,67,-17,71504,69092,1717,695,SUMATERA BARAT
2021-10-02,27,2,74,-49,71531,69166,1719,646,SUMATERA BARAT
2021-10-03,14,1,27,-14,71545,69193,1720,632,SUMATERA BARAT
2021-10-04,5,0,93,-88,71550,69286,1720,544,SUMATERA BARAT
2021-10-05,31,1,53,-23,71581,69339,1721,521,SUMATERA BARAT
2021-10-06,30,1,31,-2,71611,69370,1722,519,SUMATERA BARAT
2021-10-07,51,1,32,18,71662,69402,1723,537,SUMATERA BARAT
2021-10-08,14,1,26,-13,71676,69428,1724,524,SUMATERA BARAT
2021-10-09,11,0,47,-36,71687,69475,1724,488,SUMATERA BARAT
2021-10-10,4,1,11,-8,71691,69486,1725,480,SUMATERA BARAT
2021-10-11,1,3,49,-51,71692,69535,1728,429,SUMATERA BARAT
2021-10-12,19,2,42,-25,71711,69577,1730,404,SUMATERA BARAT
2021-10-13,16,0,24,-8,71727,69601,1730,396,SUMATERA BARAT
2021-10-14,6,0,11,-5,71733,69612,1730,391,SUMATERA BARAT
2021-10-15,5,0,17,-12,71738,69629,1730,379,SUMATERA BARAT
2021-10-16,8,0,39,-31,71746,69668,1730,348,SUMATERA BARAT
2021-10-17,12,0,24,-12,71758,69692,1730,336,SUMATERA BARAT
2021-10-18,10,1,69,-60,71768,69761,1731,276,SUMATERA BARAT
2021-10-19,13,0,20,-7,71781,69781,1731,269,SUMATERA BARAT
2021-10-20,7,1,17,-11,71788,69798,1732,258,SUMATERA BARAT
2021-10-21,4,0,15,-11,71792,69813,1732,247,SUMATERA BARAT
2021-10-22,14,0,13,1,71806,69826,1732,248,SUMATERA BARAT
2021-10-23,6,0,4,2,71812,69830,1732,250,SUMATERA BARAT
2021-10-24,9,1,6,2,71821,69836,1733,252,SUMATERA BARAT
2021-10-25,13,0,55,-42,71834,69891,1733,210,SUMATERA BARAT
2021-10-26,8,0,9,-1,71842,69900,1733,209,SUMATERA BARAT
2021-10-27,4,0,6,-2,71846,69906,1733,207,SUMATERA BARAT
2021-10-28,2,1,14,-13,71848,69920,1734,194,SUMATERA BARAT
2021-10-29,7,0,8,-1,71855,69928,1734,193,SUMATERA BARAT
2021-10-30,7,0,6,1,71862,69934,1734,194,SUMATERA BARAT
2021-10-31,2,0,6,-4,71864,69940,1734,190,SUMATERA BARAT
2021-11-01,2,0,15,-13,71866,69955,1734,177,SUMATERA BARAT
2021-11-02,4,1,12,-9,71870,69967,1735,168,SUMATERA BARAT
2021-11-03,5,1,5,-1,71875,69972,1736,167,SUMATERA BARAT
2021-11-04,1,0,21,-20,71876,69993,1736,147,SUMATERA BARAT
2021-11-05,1,0,6,-5,71877,69999,1736,142,SUMATERA BARAT
2021-11-06,6,1,12,-7,71883,70011,1737,135,SUMATERA BARAT
2021-11-07,1,1,4,-4,71884,70015,1738,131,SUMATERA BARAT
2021-11-08,5,0,3,2,71889,70018,1738,133,SUMATERA BARAT
2021-11-09,1,1,4,-4,71890,70022,1739,129,SUMATERA BARAT
2021-11-10,3,0,3,0,71893,70025,1739,129,SUMATERA BARAT
2021-11-11,2,0,4,-2,71895,70029,1739,127,SUMATERA BARAT
2021-11-12,2,0,26,-24,71897,70055,1739,103,SUMATERA BARAT
2021-11-13,6,0,3,3,71903,70058,1739,106,SUMATERA BARAT
2021-11-14,2,1,5,-4,71905,70063,1740,102,SUMATERA BARAT
2021-11-15,0,0,4,-4,71905,70067,1740,98,SUMATERA BARAT
2021-11-16,2,0,2,0,71907,70069,1740,98,SUMATERA BARAT
2021-11-17,6,0,0,6,71913,70069,1740,104,SUMATERA BARAT
2021-11-18,2,0,3,-1,71915,70072,1740,103,SUMATERA BARAT
2021-11-19,0,1,1,-2,71915,70073,1741,101,SUMATERA BARAT
2021-11-20,1,0,2,-1,71916,70075,1741,100,SUMATERA BARAT
2021-11-21,0,0,6,-6,71916,70081,1741,94,SUMATERA BARAT
2021-11-22,0,0,4,-4,71916,70085,1741,90,SUMATERA BARAT
2021-11-23,1,0,4,-3,71917,70089,1741,87,SUMATERA BARAT
2021-11-24,1,0,0,1,71918,70089,1741,88,SUMATERA BARAT
2021-11-25,2,0,3,-1,71920,70092,1741,87,SUMATERA BARAT
2021-11-26,5,0,5,0,71925,70097,1741,87,SUMATERA BARAT
2021-11-27,0,0,2,-2,71925,70099,1741,85,SUMATERA BARAT
2021-11-28,0,0,0,0,71925,70099,1741,85,SUMATERA BARAT
2021-11-29,0,0,18,-18,71925,70117,1741,67,SUMATERA BARAT
2021-11-30,1,0,0,1,71926,70117,1741,68,SUMATERA BARAT
2021-12-01,1,0,2,-1,71927,70119,1741,67,SUMATERA BARAT
2021-12-02,4,0,0,4,71931,70119,1741,71,SUMATERA BARAT
2021-12-03,1,0,1,0,71932,70120,1741,71,SUMATERA BARAT
2021-12-04,4,0,1,3,71936,70121,1741,74,SUMATERA BARAT
2021-12-05,2,0,0,2,71938,70121,1741,76,SUMATERA BARAT
2021-12-06,0,0,34,-34,71938,70155,1741,42,SUMATERA BARAT
2021-12-07,0,0,1,-1,71938,70156,1741,41,SUMATERA BARAT
2021-12-08,1,0,1,0,71939,70157,1741,41,SUMATERA BARAT
2021-12-09,0,0,6,-6,71939,70163,1741,35,SUMATERA BARAT
2021-12-10,2,0,1,1,71941,70164,1741,36,SUMATERA BARAT
2021-12-11,2,0,3,-1,71943,70167,1741,35,SUMATERA BARAT
2021-12-12,1,0,1,0,71944,70168,1741,35,SUMATERA BARAT
2021-12-13,1,0,0,1,71945,70168,1741,36,SUMATERA BARAT
2021-12-14,1,0,1,0,71946,70169,1741,36,SUMATERA BARAT
2021-12-15,0,0,4,-4,71946,70173,1741,32,SUMATERA BARAT
2021-12-16,0,0,6,-6,71946,70179,1741,26,SUMATERA BARAT
2021-12-17,0,0,0,0,71946,70179,1741,26,SUMATERA BARAT
2021-12-18,1,0,0,1,71947,70179,1741,27,SUMATERA BARAT
2021-12-19,0,0,2,-2,71947,70181,1741,25,SUMATERA BARAT
2021-12-20,0,0,1,-1,71947,70182,1741,24,SUMATERA BARAT
2021-12-21,1,0,1,0,71948,70183,1741,24,SUMATERA BARAT
2021-12-22,0,0,0,0,71948,70183,1741,24,SUMATERA BARAT
2021-12-23,0,0,1,-1,71948,70184,1741,23,SUMATERA BARAT
2021-12-24,0,0,0,0,71948,70184,1741,23,SUMATERA BARAT
2021-12-25,1,0,1,0,71949,70185,1741,23,SUMATERA BARAT
2021-12-26,0,0,0,0,71949,70185,1741,23,SUMATERA BARAT
2021-12-27,0,0,0,0,71949,70185,1741,23,SUMATERA BARAT
2021-12-28,0,0,0,0,71949,70185,1741,23,SUMATERA BARAT
2021-12-29,0,0,0,0,71949,70185,1741,23,SUMATERA BARAT
2021-12-30,1,1,0,0,71950,70185,1742,23,SUMATERA BARAT
2021-12-31,1,0,10,-9,71951,70195,1742,14,SUMATERA BARAT
2022-01-01,0,1,8,-9,71951,70203,1743,5,SUMATERA BARAT
2022-01-02,0,0,0,0,71951,70203,1743,5,SUMATERA BARAT
2022-01-03,0,0,0,0,71951,70203,1743,5,SUMATERA BARAT
2022-01-04,0,0,0,0,71951,70203,1743,5,SUMATERA BARAT
2022-01-05,1,0,0,1,71952,70203,1743,6,SUMATERA BARAT
2022-01-06,0,0,0,0,71952,70203,1743,6,SUMATERA BARAT
2022-01-07,0,0,0,0,71952,70203,1743,6,SUMATERA BARAT
2022-01-08,0,0,0,0,71952,70203,1743,6,SUMATERA BARAT
2022-01-09,1,0,1,0,71953,70204,1743,6,SUMATERA BARAT
2022-01-10,0,0,0,0,71953,70204,1743,6,SUMATERA BARAT
2022-01-11,1,0,0,1,71954,70204,1743,7,SUMATERA BARAT
2022-01-12,0,0,0,0,71954,70204,1743,7,SUMATERA BARAT
2022-01-13,3,0,0,3,71957,70204,1743,10,SUMATERA BARAT
2022-01-14,0,0,0,0,71957,70204,1743,10,SUMATERA BARAT
2022-01-15,0,0,0,0,71957,70204,1743,10,SUMATERA BARAT
2022-01-16,1,0,0,1,71958,70204,1743,11,SUMATERA BARAT
2022-01-17,0,1,1,-2,71958,70205,1744,9,SUMATERA BARAT
2022-01-18,2,0,0,2,71960,70205,1744,11,SUMATERA BARAT
2022-01-19,1,0,1,0,71961,70206,1744,11,SUMATERA BARAT
2022-01-20,2,0,1,1,71963,70207,1744,12,SUMATERA BARAT
2022-01-21,1,0,0,1,71964,70207,1744,13,SUMATERA BARAT
2022-01-22,4,0,2,2,71968,70209,1744,15,SUMATERA BARAT
2022-01-23,0,0,0,0,71968,70209,1744,15,SUMATERA BARAT
2022-01-24,1,0,1,0,71969,70210,1744,15,SUMATERA BARAT
2022-01-25,5,0,1,4,71974,70211,1744,19,SUMATERA BARAT
2022-01-26,4,0,0,4,71978,70211,1744,23,SUMATERA BARAT
2022-01-27,8,0,3,5,71986,70214,1744,28,SUMATERA BARAT
2022-01-28,8,0,0,8,71994,70214,1744,36,SUMATERA BARAT
2022-01-29,13,0,1,12,72007,70215,1744,48,SUMATERA BARAT
2022-01-30,13,0,6,7,72020,70221,1744,55,SUMATERA BARAT
2022-01-31,3,0,0,3,72023,70221,1744,58,SUMATERA BARAT
2022-02-01,27,0,4,23,72050,70225,1744,81,SUMATERA BARAT
2022-02-02,6,0,1,5,72056,70226,1744,86,SUMATERA BARAT
2022-02-03,43,0,1,42,72099,70227,1744,128,SUMATERA BARAT
2022-02-04,51,0,7,44,72150,70234,1744,172,SUMATERA BARAT
2022-02-05,72,0,11,61,72222,70245,1744,233,SUMATERA BARAT
2022-02-06,84,0,12,72,72306,70257,1744,305,SUMATERA BARAT
2022-02-07,14,0,0,14,72320,70257,1744,319,SUMATERA BARAT
2022-02-08,115,0,21,94,72435,70278,1744,413,SUMATERA BARAT
2022-02-09,172,0,6,166,72607,70284,1744,579,SUMATERA BARAT
2022-02-10,150,1,28,121,72757,70312,1745,700,SUMATERA BARAT
2022-02-11,136,0,16,120,72893,70328,1745,820,SUMATERA BARAT
2022-02-12,339,0,23,316,73232,70351,1745,1136,SUMATERA BARAT
2022-02-13,249,0,48,201,73481,70399,1745,1337,SUMATERA BARAT
2022-02-14,47,2,14,31,73528,70413,1747,1368,SUMATERA BARAT
2022-02-15,438,1,81,356,73966,70494,1748,1724,SUMATERA BARAT
2022-02-16,426,0,82,344,74392,70576,1748,2068,SUMATERA BARAT
2022-02-17,416,1,98,317,74808,70674,1749,2385,SUMATERA BARAT
2022-02-18,524,0,92,432,75332,70766,1749,2817,SUMATERA BARAT
2022-02-19,472,2,42,428,75804,70808,1751,3245,SUMATERA BARAT
2022-02-20,437,1,20,416,76241,70828,1752,3661,SUMATERA BARAT
2022-02-21,72,2,234,-164,76313,71062,1754,3497,SUMATERA BARAT
2022-02-22,609,2,251,356,76922,71313,1756,3853,SUMATERA BARAT
2022-02-23,586,2,82,502,77508,71395,1758,4355,SUMATERA BARAT
2022-02-24,542,6,255,281,78050,71650,1764,4636,SUMATERA BARAT
2022-02-25,435,2,151,282,78485,71801,1766,4918,SUMATERA BARAT
2022-02-26,409,2,274,133,78894,72075,1768,5051,SUMATERA BARAT
2022-02-27,306,3,157,146,79200,72232,1771,5197,SUMATERA BARAT
2022-02-28,105,4,112,-11,79305,72344,1775,5186,SUMATERA BARAT
2022-03-01,99,2,152,-55,79404,72496,1777,5131,SUMATERA BARAT
2022-03-02,417,6,364,47,79821,72860,1783,5178,SUMATERA BARAT
2022-03-03,319,1,174,144,80140,73034,1784,5322,SUMATERA BARAT
2022-03-04,121,1,317,-197,80261,73351,1785,5125,SUMATERA BARAT
2022-03-05,277,3,209,65,80538,73560,1788,5190,SUMATERA BARAT
2022-03-06,224,2,192,30,80762,73752,1790,5220,SUMATERA BARAT
2022-03-07,74,4,289,-219,80836,74041,1794,5001,SUMATERA BARAT
2022-03-08,254,6,464,-216,81090,74505,1800,4785,SUMATERA BARAT
2022-03-09,228,7,311,-90,81318,74816,1807,4695,SUMATERA BARAT
2022-03-10,147,5,132,10,81465,74948,1812,4705,SUMATERA BARAT
2022-03-11,159,5,177,-23,81624,75125,1817,4682,SUMATERA BARAT
2022-03-12,172,3,268,-99,81796,75393,1820,4583,SUMATERA BARAT
2022-03-13,103,1,58,44,81899,75451,1821,4627,SUMATERA BARAT
2022-03-14,49,3,255,-209,81948,75706,1824,4418,SUMATERA BARAT
2022-03-15,123,12,139,-28,82071,75845,1836,4390,SUMATERA BARAT
2022-03-16,110,5,231,-126,82181,76076,1841,4264,SUMATERA BARAT
2022-03-17,76,7,254,-185,82257,76330,1848,4079,SUMATERA BARAT
2022-03-18,72,1,264,-193,82329,76594,1849,3886,SUMATERA BARAT
2022-03-19,77,3,103,-29,82406,76697,1852,3857,SUMATERA BARAT
2022-03-20,29,1,80,-52,82435,76777,1853,3805,SUMATERA BARAT
2022-03-21,20,0,221,-201,82455,76998,1853,3604,SUMATERA BARAT
2022-03-22,66,2,250,-186,82521,77248,1855,3418,SUMATERA BARAT
2022-03-23,55,6,623,-574,82576,77871,1861,2844,SUMATERA BARAT
2022-03-24,49,1,30,18,82625,77901,1862,2862,SUMATERA BARAT
2022-03-25,53,0,161,-108,82678,78062,1862,2754,SUMATERA BARAT
2022-03-26,32,0,117,-85,82710,78179,1862,2669,SUMATERA BARAT
2022-03-27,16,1,42,-27,82726,78221,1863,2642,SUMATERA BARAT
2022-03-28,12,1,54,-43,82738,78275,1864,2599,SUMATERA BARAT
2022-03-29,20,1,86,-67,82758,78361,1865,2532,SUMATERA BARAT
2022-03-30,16,3,57,-44,82774,78418,1868,2488,SUMATERA BARAT
2022-03-31,25,1,78,-54,82799,78496,1869,2434,SUMATERA BARAT
2022-04-01,26,0,46,-20,82825,78542,1869,2414,SUMATERA BARAT
2022-04-02,20,1,26,-7,82845,78568,1870,2407,SUMATERA BARAT
2022-04-03,10,1,2,7,82855,78570,1871,2414,SUMATERA BARAT
2022-04-04,6,2,68,-64,82861,78638,1873,2350,SUMATERA BARAT
2022-04-05,13,4,134,-125,82874,78772,1877,2225,SUMATERA BARAT
2022-04-06,15,0,115,-100,82889,78887,1877,2125,SUMATERA BARAT
2022-04-07,15,0,28,-13,82904,78915,1877,2112,SUMATERA BARAT
2022-04-08,7,0,21,-14,82911,78936,1877,2098,SUMATERA BARAT
2022-04-09,17,0,34,-17,82928,78970,1877,2081,SUMATERA BARAT
2022-04-10,7,0,3,4,82935,78973,1877,2085,SUMATERA BARAT
2022-04-11,10,0,11,-1,82945,78984,1877,2084,SUMATERA BARAT
2022-04-12,12,1,30,-19,82957,79014,1878,2065,SUMATERA BARAT
2022-04-13,16,0,9,7,82973,79023,1878,2072,SUMATERA BARAT
2022-04-14,11,0,21,-10,82984,79044,1878,2062,SUMATERA BARAT
2022-04-15,4,1,20,-17,82988,79064,1879,2045,SUMATERA BARAT
2022-04-16,2,0,39,-37,82990,79103,1879,2008,SUMATERA BARAT
2022-04-17,9,1,117,-109,82999,79220,1880,1899,SUMATERA BARAT
2022-04-18,7,1,293,-287,83006,79513,1881,1612,SUMATERA BARAT
2022-04-19,7,0,74,-67,83013,79587,1881,1545,SUMATERA BARAT
2022-04-20,3,0,750,-747,83016,80337,1881,798,SUMATERA BARAT
2022-04-21,5,5,384,-384,83021,80721,1886,414,SUMATERA BARAT
2022-04-22,3,0,3,0,83024,80724,1886,414,SUMATERA BARAT
2022-04-23,5,1,110,-106,83029,80834,1887,308,SUMATERA BARAT
2022-04-24,5,2,10,-7,83034,80844,1889,301,SUMATERA BARAT
2022-04-25,6,3,193,-190,83040,81037,1892,111,SUMATERA BARAT
2022-04-26,4,1,19,-16,83044,81056,1893,95,SUMATERA BARAT
2022-04-27,6,0,7,-1,83050,81063,1893,94,SUMATERA BARAT
2022-04-28,1,1,16,-16,83051,81079,1894,78,SUMATERA BARAT
2022-04-29,6,0,2,4,83057,81081,1894,82,SUMATERA BARAT
2022-04-30,1,0,2,-1,83058,81083,1894,81,SUMATERA BARAT
2022-05-01,1,1,1,-1,83059,81084,1895,80,SUMATERA BARAT
2022-05-02,0,0,0,0,83059,81084,1895,80,SUMATERA BARAT
2022-05-03,0,0,1,-1,83059,81085,1895,79,SUMATERA BARAT
2022-05-04,0,0,2,-2,83059,81087,1895,77,SUMATERA BARAT
2022-05-05,0,0,6,-6,83059,81093,1895,71,SUMATERA BARAT
2022-05-06,1,0,0,1,83060,81093,1895,72,SUMATERA BARAT
2022-05-07,1,0,1,0,83061,81094,1895,72,SUMATERA BARAT
2022-05-08,2,0,1,1,83063,81095,1895,73,SUMATERA BARAT
2022-05-09,2,0,15,-13,83065,81110,1895,60,SUMATERA BARAT
2022-05-10,2,0,8,-6,83067,81118,1895,54,SUMATERA BARAT
2022-05-11,1,0,0,1,83068,81118,1895,55,SUMATERA BARAT
2022-05-12,4,0,3,1,83072,81121,1895,56,SUMATERA BARAT
2022-05-13,2,1,14,-13,83074,81135,1896,43,SUMATERA BARAT
2022-05-14,1,0,0,1,83075,81135,1896,44,SUMATERA BARAT
2022-05-15,2,0,0,2,83077,81135,1896,46,SUMATERA BARAT
2022-05-16,2,0,0,2,83079,81135,1896,48,SUMATERA BARAT
2022-05-17,0,0,0,0,83079,81135,1896,48,SUMATERA BARAT
2022-05-18,0,0,3,-3,83079,81138,1896,45,SUMATERA BARAT
2022-05-19,1,0,0,1,83080,81138,1896,46,SUMATERA BARAT
2022-05-20,2,0,1,1,83082,81139,1896,47,SUMATERA BARAT
2022-05-21,1,0,0,1,83083,81139,1896,48,SUMATERA BARAT
2022-05-22,0,0,0,0,83083,81139,1896,48,SUMATERA BARAT
2022-05-23,1,0,5,-4,83084,81144,1896,44,SUMATERA BARAT
2022-05-24,2,0,1,1,83086,81145,1896,45,SUMATERA BARAT
2022-05-25,0,0,1,-1,83086,81146,1896,44,SUMATERA BARAT
2022-05-26,0,0,0,0,83086,81146,1896,44,SUMATERA BARAT
2022-05-27,0,0,1,-1,83086,81147,1896,43,SUMATERA BARAT
2022-05-28,1,0,1,0,83087,81148,1896,43,SUMATERA BARAT
2022-05-29,0,0,2,-2,83087,81150,1896,41,SUMATERA BARAT
2022-05-30,0,0,3,-3,83087,81153,1896,38,SUMATERA BARAT
2022-05-31,2,0,5,-3,83089,81158,1896,35,SUMATERA BARAT
2022-06-01,2,0,0,2,83091,81158,1896,37,SUMATERA BARAT
2022-06-02,2,0,0,2,83093,81158,1896,39,SUMATERA BARAT
2022-06-03,1,0,0,1,83094,81158,1896,40,SUMATERA BARAT
2022-06-04,1,0,1,0,83095,81159,1896,40,SUMATERA BARAT
2022-06-05,2,0,0,2,83097,81159,1896,42,SUMATERA BARAT
2022-06-06,0,0,1,-1,83097,81160,1896,41,SUMATERA BARAT
2022-06-07,0,0,0,0,83097,81160,1896,41,SUMATERA BARAT
2022-06-08,0,1,2,-3,83097,81162,1897,38,SUMATERA BARAT
2022-06-09,0,0,14,-14,83097,81176,1897,24,SUMATERA BARAT
2022-06-10,0,0,1,-1,83097,81177,1897,23,SUMATERA BARAT
2022-06-11,3,0,0,3,83100,81177,1897,26,SUMATERA BARAT
2022-06-12,0,0,1,-1,83100,81178,1897,25,SUMATERA BARAT
2022-06-13,1,0,1,0,83101,81179,1897,25,SUMATERA BARAT
2022-06-14,0,0,1,-1,83101,81180,1897,24,SUMATERA BARAT
2022-06-15,0,0,0,0,83101,81180,1897,24,SUMATERA BARAT
2022-06-16,1,0,9,-8,83102,81189,1897,16,SUMATERA BARAT
2022-06-17,0,0,0,0,83102,81189,1897,16,SUMATERA BARAT
2022-06-18,0,0,0,0,83102,81189,1897,16,SUMATERA BARAT
2022-06-19,0,0,0,0,83102,81189,1897,16,SUMATERA BARAT
2022-06-20,0,0,0,0,83102,81189,1897,16,SUMATERA BARAT
2022-06-21,1,0,0,1,83103,81189,1897,17,SUMATERA BARAT
2022-06-22,1,0,0,1,83104,81189,1897,18,SUMATERA BARAT
2022-06-23,1,0,0,1,83105,81189,1897,19,SUMATERA BARAT
2022-06-24,1,0,0,1,83106,81189,1897,20,SUMATERA BARAT
2022-06-25,1,0,2,-1,83107,81191,1897,19,SUMATERA BARAT
2022-06-26,0,0,0,0,83107,81191,1897,19,SUMATERA BARAT
2022-06-27,1,0,2,-1,83108,81193,1897,18,SUMATERA BARAT
2022-06-28,2,0,0,2,83110,81193,1897,20,SUMATERA BARAT
2022-06-29,0,0,1,-1,83110,81194,1897,19,SUMATERA BARAT
2022-06-30,3,0,4,-1,83113,81198,1897,18,SUMATERA BARAT
2022-07-01,1,0,0,1,83114,81198,1897,19,SUMATERA BARAT
2022-07-02,1,0,2,-1,83115,81200,1897,18,SUMATERA BARAT
2022-07-03,1,0,0,1,83116,81200,1897,19,SUMATERA BARAT
2022-07-04,2,0,0,2,83118,81200,1897,21,SUMATERA BARAT
2022-07-05,2,0,2,0,83120,81202,1897,21,SUMATERA BARAT
2022-07-06,0,0,0,0,83120,81202,1897,21,SUMATERA BARAT
2022-07-07,2,1,3,-2,83122,81205,1898,19,SUMATERA BARAT
2022-07-08,6,0,1,5,83128,81206,1898,24,SUMATERA BARAT
2022-07-09,2,0,0,2,83130,81206,1898,26,SUMATERA BARAT
2022-07-10,0,0,0,0,83130,81206,1898,26,SUMATERA BARAT
2022-07-11,0,0,0,0,83130,81206,1898,26,SUMATERA BARAT
2022-07-12,2,0,0,2,83132,81206,1898,28,SUMATERA BARAT
2022-07-13,1,0,1,0,83133,81207,1898,28,SUMATERA BARAT
2022-07-14,3,0,0,3,83136,81207,1898,31,SUMATERA BARAT
2022-07-15,1,0,3,-2,83137,81210,1898,29,SUMATERA BARAT
2022-07-16,0,0,0,0,83137,81210,1898,29,SUMATERA BARAT
2022-07-17,2,0,0,2,83139,81210,1898,31,SUMATERA BARAT
2022-07-18,3,0,15,-12,83142,81225,1898,19,SUMATERA BARAT
2022-07-19,3,0,0,3,83145,81225,1898,22,SUMATERA BARAT
2022-07-20,1,0,0,1,83146,81225,1898,23,SUMATERA BARAT
2022-07-21,2,0,0,2,83148,81225,1898,25,SUMATERA BARAT
2022-07-22,4,0,1,3,83152,81226,1898,28,SUMATERA BARAT
2022-07-23,6,0,4,2,83158,81230,1898,30,SUMATERA BARAT
2022-07-24,1,0,0,1,83159,81230,1898,31,SUMATERA BARAT
2022-07-25,2,0,4,-2,83161,81234,1898,29,SUMATERA BARAT
2022-07-26,1,0,1,0,83162,81235,1898,29,SUMATERA BARAT
2022-07-27,10,0,0,10,83172,81235,1898,39,SUMATERA BARAT
2022-07-28,11,0,0,11,83183,81235,1898,50,SUMATERA BARAT
2022-07-29,13,0,0,13,83196,81235,1898,63,SUMATERA BARAT
2022-07-30,8,0,2,6,83204,81237,1898,69,SUMATERA BARAT
2022-07-31,4,0,1,3,83208,81238,1898,72,SUMATERA BARAT
2022-08-01,3,0,3,0,83211,81241,1898,72,SUMATERA BARAT
2022-08-02,8,0,5,3,83219,81246,1898,75,SUMATERA BARAT
2022-08-03,9,0,2,7,83228,81248,1898,82,SUMATERA BARAT
2022-08-04,10,0,2,8,83238,81250,1898,90,SUMATERA BARAT
2022-08-05,10,0,8,2,83248,81258,1898,92,SUMATERA BARAT
2022-08-06,4,0,0,4,83252,81258,1898,96,SUMATERA BARAT
2022-08-07,4,0,4,0,83256,81262,1898,96,SUMATERA BARAT
2022-08-08,5,0,9,-4,83261,81271,1898,92,SUMATERA BARAT
2022-08-09,17,0,9,8,83278,81280,1898,100,SUMATERA BARAT
2022-08-10,16,0,2,14,83294,81282,1898,114,SUMATERA BARAT
2022-08-11,23,0,3,20,83317,81285,1898,134,SUMATERA BARAT
2022-08-12,20,0,10,10,83337,81295,1898,144,SUMATERA BARAT
2022-08-13,10,0,1,9,83347,81296,1898,153,SUMATERA BARAT
2022-08-14,8,1,3,4,83355,81299,1899,157,SUMATERA BARAT
2022-08-15,4,1,21,-18,83359,81320,1900,139,SUMATERA BARAT
2022-08-16,13,1,7,5,83372,81327,1901,144,SUMATERA BARAT
2022-08-17,18,0,2,16,83390,81329,1901,160,SUMATERA BARAT
2022-08-18,4,0,16,-12,83394,81345,1901,148,SUMATERA BARAT
2022-08-19,32,0,11,21,83426,81356,1901,169,SUMATERA BARAT
2022-08-20,18,0,3,15,83444,81359,1901,184,SUMATERA BARAT
2022-08-21,14,0,2,12,83458,81361,1901,196,SUMATERA BARAT
2022-08-22,11,1,15,-5,83469,81376,1902,191,SUMATERA BARAT
2022-08-23,24,0,14,10,83493,81390,1902,201,SUMATERA BARAT
2022-08-24,18,1,11,6,83511,81401,1903,207,SUMATERA BARAT
2022-08-25,8,0,15,-7,83519,81416,1903,200,SUMATERA BARAT
2022-08-26,18,0,2,16,83537,81418,1903,216,SUMATERA BARAT
2022-08-27,16,0,3,13,83553,81421,1903,229,SUMATERA BARAT
2022-08-28,14,0,0,14,83567,81421,1903,243,SUMATERA BARAT
2022-08-29,9,0,42,-33,83576,81463,1903,210,SUMATERA BARAT
2022-08-30,7,0,30,-23,83583,81493,1903,187,SUMATERA BARAT
2022-08-31,22,3,12,7,83605,81505,1906,194,SUMATERA BARAT
2022-09-01,14,0,14,0,83619,81519,1906,194,SUMATERA BARAT
2022-09-02,6,1,15,-10,83625,81534,1907,184,SUMATERA BARAT
2022-09-03,15,0,3,12,83640,81537,1907,196,SUMATERA BARAT
2022-09-04,9,0,2,7,83649,81539,1907,203,SUMATERA BARAT
2022-09-05,6,1,14,-9,83655,81553,1908,194,SUMATERA BARAT
2022-09-06,15,2,10,3,83670,81563,1910,197,SUMATERA BARAT
2022-09-07,6,0,20,-14,83676,81583,1910,183,SUMATERA BARAT
2022-09-08,10,1,17,-8,83686,81600,1911,175,SUMATERA BARAT
2022-09-09,12,0,7,5,83698,81607,1911,180,SUMATERA BARAT
2022-09-10,3,0,2,1,83701,81609,1911,181,SUMATERA BARAT
2022-09-11,9,0,1,8,83710,81610,1911,189,SUMATERA BARAT
2022-09-12,6,0,47,-41,83716,81657,1911,148,SUMATERA BARAT
2022-09-13,30,1,11,18,83746,81668,1912,166,SUMATERA BARAT
2022-09-14,6,1,11,-6,83752,81679,1913,160,SUMATERA BARAT
2022-09-15,10,0,12,-2,83762,81691,1913,158,SUMATERA BARAT
2022-09-16,13,2,8,3,83775,81699,1915,161,SUMATERA BARAT
2022-09-17,11,0,1,10,83786,81700,1915,171,SUMATERA BARAT
2022-09-18,3,0,0,3,83789,81700,1915,174,SUMATERA BARAT
2022-09-19,8,0,29,-21,83797,81729,1915,153,SUMATERA BARAT
2022-09-20,10,1,2,7,83807,81731,1916,160,SUMATERA BARAT
2022-09-21,3,1,10,-8,83810,81741,1917,152,SUMATERA BARAT
2022-09-22,6,0,4,2,83816,81745,1917,154,SUMATERA BARAT
2022-09-23,3,0,15,-12,83819,81760,1917,142,SUMATERA BARAT
2022-09-24,7,0,1,6,83826,81761,1917,148,SUMATERA BARAT
2022-09-25,6,0,0,6,83832,81761,1917,154,SUMATERA BARAT
2022-09-26,2,1,5,-4,83834,81766,1918,150,SUMATERA BARAT
2022-09-27,13,0,13,0,83847,81779,1918,150,SUMATERA BARAT
2022-09-28,7,0,0,7,83854,81779,1918,157,SUMATERA BARAT
2022-09-29,2,0,2,0,83856,81781,1918,157,SUMATERA BARAT
2022-09-30,10,0,1,9,83866,81782,1918,166,SUMATERA BARAT
2020-03-26,2,0,0,2,2,0,0,2,LAMPUNG
2020-03-27,1,0,0,1,3,0,0,3,LAMPUNG
2020-03-28,0,0,0,0,3,0,0,3,LAMPUNG
2020-03-29,0,0,0,0,3,0,0,3,LAMPUNG
2020-03-30,3,1,0,2,6,0,1,5,LAMPUNG
2020-03-31,0,1,0,-1,6,0,2,4,LAMPUNG
2020-04-01,0,0,0,0,6,0,2,4,LAMPUNG
2020-04-02,0,0,0,0,6,0,2,4,LAMPUNG
2020-04-03,2,1,0,1,8,0,3,5,LAMPUNG
2020-04-04,0,0,0,0,8,0,3,5,LAMPUNG
2020-04-05,0,0,0,0,8,0,3,5,LAMPUNG
2020-04-06,1,0,0,1,9,0,3,6,LAMPUNG
2020-04-07,0,0,0,0,9,0,3,6,LAMPUNG
2020-04-08,3,2,0,1,12,0,5,7,LAMPUNG
2020-04-09,1,0,2,-1,13,2,5,6,LAMPUNG
2020-04-10,5,0,0,5,18,2,5,11,LAMPUNG
2020-04-11,0,0,1,-1,18,3,5,10,LAMPUNG
2020-04-12,0,0,0,0,18,3,5,10,LAMPUNG
2020-04-13,1,0,0,1,19,3,5,11,LAMPUNG
2020-04-14,0,0,0,0,19,3,5,11,LAMPUNG
2020-04-15,0,0,0,0,19,3,5,11,LAMPUNG
2020-04-16,3,0,0,3,22,3,5,14,LAMPUNG
2020-04-17,0,0,0,0,22,3,5,14,LAMPUNG
2020-04-18,0,0,0,0,22,3,5,14,LAMPUNG
2020-04-19,0,0,0,0,22,3,5,14,LAMPUNG
2020-04-20,0,0,0,0,22,3,5,14,LAMPUNG
2020-04-21,0,0,0,0,22,3,5,14,LAMPUNG
2020-04-22,0,0,0,0,22,3,5,14,LAMPUNG
2020-04-23,6,0,0,6,28,3,5,20,LAMPUNG
2020-04-24,0,0,0,0,28,3,5,20,LAMPUNG
2020-04-25,0,0,1,-1,28,4,5,19,LAMPUNG
2020-04-26,4,0,0,4,32,4,5,23,LAMPUNG
2020-04-27,0,0,1,-1,32,5,5,22,LAMPUNG
2020-04-28,2,0,2,0,34,7,5,22,LAMPUNG
2020-04-29,2,0,2,0,36,9,5,22,LAMPUNG
2020-04-30,0,0,6,-6,36,15,5,16,LAMPUNG
2020-05-01,3,0,0,3,39,15,5,19,LAMPUNG
2020-05-02,0,0,0,0,39,15,5,19,LAMPUNG
2020-05-03,0,0,0,0,39,15,5,19,LAMPUNG
2020-05-04,2,0,0,2,41,15,5,21,LAMPUNG
2020-05-05,1,0,1,0,42,16,5,21,LAMPUNG
2020-05-06,5,0,3,2,47,19,5,23,LAMPUNG
2020-05-07,0,0,0,0,47,19,5,23,LAMPUNG
2020-05-08,3,0,0,3,50,19,5,26,LAMPUNG
2020-05-09,0,0,0,0,50,19,5,26,LAMPUNG
2020-05-10,0,1,0,-1,50,19,6,25,LAMPUNG
2020-05-11,0,1,0,-1,50,19,7,24,LAMPUNG
2020-05-12,0,0,0,0,50,19,7,24,LAMPUNG
2020-05-13,0,0,0,0,50,19,7,24,LAMPUNG
2020-05-14,0,0,0,0,50,19,7,24,LAMPUNG
2020-05-15,0,0,2,-2,50,21,7,22,LAMPUNG
2020-05-16,0,0,2,-2,50,23,7,20,LAMPUNG
2020-05-17,1,0,0,1,51,23,7,21,LAMPUNG
2020-05-18,13,0,1,12,64,24,7,33,LAMPUNG
2020-05-19,1,0,4,-3,65,28,7,30,LAMPUNG
2020-05-20,2,0,0,2,67,28,7,32,LAMPUNG
2020-05-21,12,0,1,11,79,29,7,43,LAMPUNG
2020-05-22,2,0,3,-1,81,32,7,42,LAMPUNG
2020-05-23,0,0,3,-3,81,35,7,39,LAMPUNG
2020-05-24,4,2,3,-1,85,38,9,38,LAMPUNG
2020-05-25,7,1,0,6,92,38,10,44,LAMPUNG
2020-05-26,0,0,1,-1,92,39,10,43,LAMPUNG
2020-05-27,2,0,0,2,94,39,10,45,LAMPUNG
2020-05-28,0,0,0,0,94,39,10,45,LAMPUNG
2020-05-29,8,0,0,8,102,39,10,53,LAMPUNG
2020-05-30,0,0,7,-7,102,46,10,46,LAMPUNG
2020-05-31,1,0,4,-3,103,50,10,43,LAMPUNG
2020-06-01,1,0,3,-2,104,53,10,41,LAMPUNG
2020-06-02,0,0,5,-5,104,58,10,36,LAMPUNG
2020-06-03,0,0,3,-3,104,61,10,33,LAMPUNG
2020-06-04,1,0,3,-2,105,64,10,31,LAMPUNG
2020-06-05,1,0,10,-9,106,74,10,22,LAMPUNG
2020-06-06,1,0,2,-1,107,76,10,21,LAMPUNG
2020-06-07,1,0,1,0,108,77,10,21,LAMPUNG
2020-06-08,1,0,1,0,109,78,10,21,LAMPUNG
2020-06-09,2,0,2,0,111,80,10,21,LAMPUNG
2020-06-10,0,0,1,-1,111,81,10,20,LAMPUNG
2020-06-11,2,0,0,2,113,81,10,22,LAMPUNG
2020-06-12,1,0,2,-1,114,83,10,21,LAMPUNG
2020-06-13,11,1,1,9,125,84,11,30,LAMPUNG
2020-06-14,1,0,1,0,126,85,11,30,LAMPUNG
2020-06-15,0,0,0,0,126,85,11,30,LAMPUNG
2020-06-16,0,0,2,-2,126,87,11,28,LAMPUNG
2020-06-17,3,0,1,2,129,88,11,30,LAMPUNG
2020-06-18,2,0,1,1,131,89,11,31,LAMPUNG
2020-06-19,1,0,1,0,132,90,11,31,LAMPUNG
2020-06-20,5,0,4,1,137,94,11,32,LAMPUNG
2020-06-21,1,0,0,1,138,94,11,33,LAMPUNG
2020-06-22,0,0,0,0,138,94,11,33,LAMPUNG
2020-06-23,0,0,0,0,138,94,11,33,LAMPUNG
2020-06-24,2,0,7,-5,140,101,11,28,LAMPUNG
2020-06-25,4,0,0,4,144,101,11,32,LAMPUNG
2020-06-26,0,0,1,-1,144,102,11,31,LAMPUNG
2020-06-27,0,0,3,-3,144,105,11,28,LAMPUNG
2020-06-28,0,0,7,-7,144,112,11,21,LAMPUNG
2020-06-29,0,0,1,-1,144,113,11,20,LAMPUNG
2020-06-30,0,0,2,-2,144,115,11,18,LAMPUNG
2020-07-01,0,0,2,-2,144,117,11,16,LAMPUNG
2020-07-02,1,0,0,1,145,117,11,17,LAMPUNG
2020-07-03,0,0,0,0,145,117,11,17,LAMPUNG
2020-07-04,0,0,0,0,145,117,11,17,LAMPUNG
2020-07-05,2,0,1,1,147,118,11,18,LAMPUNG
2020-07-06,5,0,2,3,152,120,11,21,LAMPUNG
2020-07-07,0,0,0,0,152,120,11,21,LAMPUNG
2020-07-08,1,0,0,1,153,120,11,22,LAMPUNG
2020-07-09,0,0,1,-1,153,121,11,21,LAMPUNG
2020-07-10,2,0,3,-1,155,124,11,20,LAMPUNG
2020-07-11,0,0,0,0,155,124,11,20,LAMPUNG
2020-07-12,1,0,2,-1,156,126,11,19,LAMPUNG
2020-07-13,0,0,1,-1,156,127,11,18,LAMPUNG
2020-07-14,0,0,0,0,156,127,11,18,LAMPUNG
2020-07-15,4,0,1,3,160,128,11,21,LAMPUNG
2020-07-16,4,0,0,4,164,128,11,25,LAMPUNG
2020-07-17,1,0,0,1,165,128,11,26,LAMPUNG
2020-07-18,8,0,0,8,173,128,11,34,LAMPUNG
2020-07-19,2,0,1,1,175,129,11,35,LAMPUNG
2020-07-20,0,0,3,-3,175,132,11,32,LAMPUNG
2020-07-21,1,0,0,1,176,132,11,33,LAMPUNG
2020-07-22,3,0,1,2,179,133,11,35,LAMPUNG
2020-07-23,8,0,1,7,187,134,11,42,LAMPUNG
2020-07-24,0,0,3,-3,187,137,11,39,LAMPUNG
2020-07-25,1,0,2,-1,188,139,11,38,LAMPUNG
2020-07-26,2,0,1,1,190,140,11,39,LAMPUNG
2020-07-27,2,0,2,0,192,142,11,39,LAMPUNG
2020-07-28,0,0,2,-2,192,144,11,37,LAMPUNG
2020-07-29,0,0,0,0,192,144,11,37,LAMPUNG
2020-07-30,3,0,0,3,195,144,11,40,LAMPUNG
2020-07-31,0,0,0,0,195,144,11,40,LAMPUNG
2020-08-01,0,0,0,0,195,144,11,40,LAMPUNG
2020-08-02,14,1,0,13,209,144,12,53,LAMPUNG
2020-08-03,18,0,13,5,227,157,12,58,LAMPUNG
2020-08-04,0,0,1,-1,227,158,12,57,LAMPUNG
2020-08-05,1,0,2,-1,228,160,12,56,LAMPUNG
2020-08-06,1,0,3,-2,229,163,12,54,LAMPUNG
2020-08-07,3,0,1,2,232,164,12,56,LAMPUNG
2020-08-08,3,0,4,-1,235,168,12,55,LAMPUNG
2020-08-09,0,0,0,0,235,168,12,55,LAMPUNG
2020-08-10,7,0,1,6,242,169,12,61,LAMPUNG
2020-08-11,1,0,1,0,243,170,12,61,LAMPUNG
2020-08-12,2,0,2,0,245,172,12,61,LAMPUNG
2020-08-13,5,0,3,2,250,175,12,63,LAMPUNG
2020-08-14,4,0,0,4,254,175,12,67,LAMPUNG
2020-08-15,0,0,12,-12,254,187,12,55,LAMPUNG
2020-08-16,7,0,0,7,261,187,12,62,LAMPUNG
2020-08-17,1,0,21,-20,262,208,12,42,LAMPUNG
2020-08-18,0,0,0,0,262,208,12,42,LAMPUNG
2020-08-19,3,0,2,1,265,210,12,43,LAMPUNG
2020-08-20,6,0,1,5,271,211,12,48,LAMPUNG
2020-08-21,1,0,1,0,272,212,12,48,LAMPUNG
2020-08-22,2,0,1,1,274,213,12,49,LAMPUNG
2020-08-23,4,0,0,4,278,213,12,53,LAMPUNG
2020-08-24,3,0,9,-6,281,222,12,47,LAMPUNG
2020-08-25,4,0,0,4,285,222,12,51,LAMPUNG
2020-08-26,2,0,13,-11,287,235,12,40,LAMPUNG
2020-08-27,4,0,8,-4,291,243,12,36,LAMPUNG
2020-08-28,2,0,0,2,293,243,12,38,LAMPUNG
2020-08-29,4,0,0,4,297,243,12,42,LAMPUNG
2020-08-30,5,0,3,2,302,246,12,44,LAMPUNG
2020-08-31,5,0,5,0,307,251,12,44,LAMPUNG
2020-09-01,4,2,0,2,311,251,14,46,LAMPUNG
2020-09-02,10,0,5,5,321,256,14,51,LAMPUNG
2020-09-03,13,1,2,10,334,258,15,61,LAMPUNG
2020-09-04,4,0,1,3,338,259,15,64,LAMPUNG
2020-09-05,10,1,1,8,348,260,16,72,LAMPUNG
2020-09-06,9,1,6,2,357,266,17,74,LAMPUNG
2020-09-07,3,2,0,1,360,266,19,75,LAMPUNG
2020-09-08,7,0,3,4,367,269,19,79,LAMPUNG
2020-09-09,17,1,9,7,384,278,20,86,LAMPUNG
2020-09-10,18,0,2,16,402,280,20,102,LAMPUNG
2020-09-11,2,0,2,0,404,282,20,102,LAMPUNG
2020-09-12,36,0,0,36,440,282,20,138,LAMPUNG
2020-09-13,0,0,4,-4,440,286,20,134,LAMPUNG
2020-09-14,51,0,7,44,491,293,20,178,LAMPUNG
2020-09-15,20,0,5,15,511,298,20,193,LAMPUNG
2020-09-16,18,1,21,-4,529,319,21,189,LAMPUNG
2020-09-17,18,1,15,2,547,334,22,191,LAMPUNG
2020-09-18,7,1,2,4,554,336,23,195,LAMPUNG
2020-09-19,17,1,6,10,571,342,24,205,LAMPUNG
2020-09-20,12,1,0,11,583,342,25,216,LAMPUNG
2020-09-21,8,0,0,8,591,342,25,224,LAMPUNG
2020-09-22,20,1,20,-1,611,362,26,223,LAMPUNG
2020-09-23,12,0,30,-18,623,392,26,205,LAMPUNG
2020-09-24,20,0,0,20,643,392,26,225,LAMPUNG
2020-09-25,11,0,21,-10,654,413,26,215,LAMPUNG
2020-09-26,10,0,52,-42,664,465,26,173,LAMPUNG
2020-09-27,12,0,12,0,676,477,26,173,LAMPUNG
2020-09-28,7,0,15,-8,683,492,26,165,LAMPUNG
2020-09-29,20,0,10,10,703,502,26,175,LAMPUNG
2020-09-30,16,3,9,4,719,511,29,179,LAMPUNG
2020-10-01,10,0,13,-3,729,524,29,176,LAMPUNG
2020-10-02,21,3,14,4,750,538,32,180,LAMPUNG
2020-10-03,9,0,7,2,759,545,32,182,LAMPUNG
2020-10-04,7,0,9,-2,766,554,32,180,LAMPUNG
2020-10-05,29,0,14,15,795,568,32,195,LAMPUNG
2020-10-06,23,0,19,4,818,587,32,199,LAMPUNG
2020-10-07,13,1,0,12,831,587,33,211,LAMPUNG
2020-10-08,49,0,14,35,880,601,33,246,LAMPUNG
2020-10-09,0,1,13,-14,880,614,34,232,LAMPUNG
2020-10-10,23,1,2,20,903,616,35,252,LAMPUNG
2020-10-11,10,0,1,9,913,617,35,261,LAMPUNG
2020-10-12,14,0,0,14,927,617,35,275,LAMPUNG
2020-10-13,13,0,0,13,940,617,35,288,LAMPUNG
2020-10-14,33,3,16,14,973,633,38,302,LAMPUNG
2020-10-15,14,1,0,13,987,633,39,315,LAMPUNG
2020-10-16,23,0,52,-29,1010,685,39,286,LAMPUNG
2020-10-17,25,1,14,10,1035,699,40,296,LAMPUNG
2020-10-18,12,3,17,-8,1047,716,43,288,LAMPUNG
2020-10-19,35,2,20,13,1082,736,45,301,LAMPUNG
2020-10-20,29,1,0,28,1111,736,46,329,LAMPUNG
2020-10-21,38,1,0,37,1149,736,47,366,LAMPUNG
2020-10-22,36,2,17,17,1185,753,49,383,LAMPUNG
2020-10-23,52,2,4,46,1237,757,51,429,LAMPUNG
2020-10-24,25,3,0,22,1262,757,54,451,LAMPUNG
2020-10-25,43,0,1,42,1305,758,54,493,LAMPUNG
2020-10-26,36,3,4,29,1341,762,57,522,LAMPUNG
2020-10-27,28,3,0,25,1369,762,60,547,LAMPUNG
2020-10-28,30,0,33,-3,1399,795,60,544,LAMPUNG
2020-10-29,23,3,39,-19,1422,834,63,525,LAMPUNG
2020-10-30,24,1,24,-1,1446,858,64,524,LAMPUNG
2020-10-31,23,2,0,21,1469,858,66,545,LAMPUNG
2020-11-01,21,1,58,-38,1490,916,67,507,LAMPUNG
2020-11-02,25,0,1,24,1515,917,67,531,LAMPUNG
2020-11-03,41,3,2,36,1556,919,70,567,LAMPUNG
2020-11-04,42,3,39,0,1598,958,73,567,LAMPUNG
2020-11-05,28,2,1,25,1626,959,75,592,LAMPUNG
2020-11-06,38,2,0,36,1664,959,77,628,LAMPUNG
2020-11-07,32,1,65,-34,1696,1024,78,594,LAMPUNG
2020-11-08,48,3,5,40,1744,1029,81,634,LAMPUNG
2020-11-09,70,5,14,51,1814,1043,86,685,LAMPUNG
2020-11-10,0,0,3,-3,1814,1046,86,682,LAMPUNG
2020-11-11,74,0,17,57,1888,1063,86,739,LAMPUNG
2020-11-12,71,1,25,45,1959,1088,87,784,LAMPUNG
2020-11-13,113,3,11,99,2072,1099,90,883,LAMPUNG
2020-11-14,62,0,20,42,2134,1119,90,925,LAMPUNG
2020-11-15,12,3,46,-37,2146,1165,93,888,LAMPUNG
2020-11-16,47,1,10,36,2193,1175,94,924,LAMPUNG
2020-11-17,15,2,94,-81,2208,1269,96,843,LAMPUNG
2020-11-18,0,0,3,-3,2208,1272,96,840,LAMPUNG
2020-11-19,106,3,35,68,2314,1307,99,908,LAMPUNG
2020-11-20,41,1,3,37,2355,1310,100,945,LAMPUNG
2020-11-21,35,0,41,-6,2390,1351,100,939,LAMPUNG
2020-11-22,34,2,7,25,2424,1358,102,964,LAMPUNG
2020-11-23,46,8,39,-1,2470,1397,110,963,LAMPUNG
2020-11-24,55,0,7,48,2525,1404,110,1011,LAMPUNG
2020-11-25,67,8,37,22,2592,1441,118,1033,LAMPUNG
2020-11-26,71,8,22,41,2663,1463,126,1074,LAMPUNG
2020-11-27,121,8,66,47,2784,1529,134,1121,LAMPUNG
2020-11-28,98,4,62,32,2882,1591,138,1153,LAMPUNG
2020-11-29,46,1,22,23,2928,1613,139,1176,LAMPUNG
2020-11-30,124,1,26,97,3052,1639,140,1273,LAMPUNG
2020-12-01,89,0,43,46,3141,1682,140,1319,LAMPUNG
2020-12-02,44,0,43,1,3185,1725,140,1320,LAMPUNG
2020-12-03,46,1,38,7,3231,1763,141,1327,LAMPUNG
2020-12-04,69,2,44,23,3300,1807,143,1350,LAMPUNG
2020-12-05,54,2,30,22,3354,1837,145,1372,LAMPUNG
2020-12-06,44,1,69,-26,3398,1906,146,1346,LAMPUNG
2020-12-07,28,1,138,-111,3426,2044,147,1235,LAMPUNG
2020-12-08,53,3,32,18,3479,2076,150,1253,LAMPUNG
2020-12-09,63,3,44,16,3542,2120,153,1269,LAMPUNG
2020-12-10,48,5,52,-9,3590,2172,158,1260,LAMPUNG
2020-12-11,51,3,54,-6,3641,2226,161,1254,LAMPUNG
2020-12-12,50,4,3,43,3691,2229,165,1297,LAMPUNG
2020-12-13,66,3,72,-9,3757,2301,168,1288,LAMPUNG
2020-12-14,61,9,8,44,3818,2309,177,1332,LAMPUNG
2020-12-15,62,3,132,-73,3880,2441,180,1259,LAMPUNG
2020-12-16,66,8,95,-37,3946,2536,188,1222,LAMPUNG
2020-12-17,78,3,121,-46,4024,2657,191,1176,LAMPUNG
2020-12-18,83,1,66,16,4107,2723,192,1192,LAMPUNG
2020-12-19,75,3,37,35,4182,2760,195,1227,LAMPUNG
2020-12-20,84,1,37,46,4266,2797,196,1273,LAMPUNG
2020-12-21,106,0,11,95,4372,2808,196,1368,LAMPUNG
2020-12-22,57,1,40,16,4429,2848,197,1384,LAMPUNG
2020-12-23,91,0,22,69,4520,2870,197,1453,LAMPUNG
2020-12-24,62,1,75,-14,4582,2945,198,1439,LAMPUNG
2020-12-25,49,4,45,0,4631,2990,202,1439,LAMPUNG
2020-12-26,56,3,79,-26,4687,3069,205,1413,LAMPUNG
2020-12-27,74,3,78,-7,4761,3147,208,1406,LAMPUNG
2020-12-28,60,5,58,-3,4821,3205,213,1403,LAMPUNG
2020-12-29,77,3,72,2,4898,3277,216,1405,LAMPUNG
2020-12-30,54,4,69,-19,4952,3346,220,1386,LAMPUNG
2020-12-31,69,3,110,-44,5021,3456,223,1342,LAMPUNG
2021-01-01,63,3,149,-89,5084,3605,226,1253,LAMPUNG
2021-01-02,95,0,5,90,5179,3610,226,1343,LAMPUNG
2021-01-03,64,3,30,31,5243,3640,229,1374,LAMPUNG
2021-01-04,52,4,85,-37,5295,3725,233,1337,LAMPUNG
2021-01-05,68,4,54,10,5363,3779,237,1347,LAMPUNG
2021-01-06,71,26,73,-28,5434,3852,263,1319,LAMPUNG
2021-01-07,67,10,50,7,5501,3902,273,1326,LAMPUNG
2021-01-08,96,2,37,57,5597,3939,275,1383,LAMPUNG
2021-01-09,95,4,18,73,5692,3957,279,1456,LAMPUNG
2021-01-10,77,2,40,35,5769,3997,281,1491,LAMPUNG
2021-01-11,107,3,77,27,5876,4074,284,1518,LAMPUNG
2021-01-12,150,8,42,100,6026,4116,292,1618,LAMPUNG
2021-01-13,89,13,81,-5,6115,4197,305,1613,LAMPUNG
2021-01-14,74,10,85,-21,6189,4282,315,1592,LAMPUNG
2021-01-15,137,5,67,65,6326,4349,320,1657,LAMPUNG
2021-01-16,94,8,39,47,6420,4388,328,1704,LAMPUNG
2021-01-17,93,8,45,40,6513,4433,336,1744,LAMPUNG
2021-01-18,59,4,28,27,6572,4461,340,1771,LAMPUNG
2021-01-19,101,4,115,-18,6673,4576,344,1753,LAMPUNG
2021-01-20,145,2,72,71,6818,4648,346,1824,LAMPUNG
2021-01-21,115,3,164,-52,6933,4812,349,1772,LAMPUNG
2021-01-22,94,4,76,14,7027,4888,353,1786,LAMPUNG
2021-01-23,122,21,129,-28,7149,5017,374,1758,LAMPUNG
2021-01-24,131,5,37,89,7280,5054,379,1847,LAMPUNG
2021-01-25,92,1,135,-44,7372,5189,380,1803,LAMPUNG
2021-01-26,94,6,28,60,7466,5217,386,1863,LAMPUNG
2021-01-27,116,3,86,27,7582,5303,389,1890,LAMPUNG
2021-01-28,98,1,91,6,7680,5394,390,1896,LAMPUNG
2021-01-29,113,4,61,48,7793,5455,394,1944,LAMPUNG
2021-01-30,118,7,63,48,7911,5518,401,1992,LAMPUNG
2021-01-31,110,5,105,0,8021,5623,406,1992,LAMPUNG
2021-02-01,124,9,160,-45,8145,5783,415,1947,LAMPUNG
2021-02-02,133,7,102,24,8278,5885,422,1971,LAMPUNG
2021-02-03,101,7,132,-38,8379,6017,429,1933,LAMPUNG
2021-02-04,72,5,127,-60,8451,6144,434,1873,LAMPUNG
2021-02-05,97,9,99,-11,8548,6243,443,1862,LAMPUNG
2021-02-06,95,3,131,-39,8643,6374,446,1823,LAMPUNG
2021-02-07,89,1,107,-19,8732,6481,447,1804,LAMPUNG
2021-02-08,48,8,76,-36,8780,6557,455,1768,LAMPUNG
2021-02-09,73,4,149,-80,8853,6706,459,1688,LAMPUNG
2021-02-10,81,7,151,-77,8934,6857,466,1611,LAMPUNG
2021-02-11,56,4,97,-45,8990,6954,470,1566,LAMPUNG
2021-02-12,62,6,125,-69,9052,7079,476,1497,LAMPUNG
2021-02-13,54,4,174,-124,9106,7253,480,1373,LAMPUNG
2021-02-14,72,1,84,-13,9178,7337,481,1360,LAMPUNG
2021-02-15,54,1,74,-21,9232,7411,482,1339,LAMPUNG
2021-02-16,65,0,24,41,9297,7435,482,1380,LAMPUNG
2021-02-17,58,0,31,27,9355,7466,482,1407,LAMPUNG
2021-02-18,49,1,285,-237,9404,7751,483,1170,LAMPUNG
2021-02-19,63,6,211,-154,9467,7962,489,1016,LAMPUNG
2021-02-20,77,0,49,28,9544,8011,489,1044,LAMPUNG
2021-02-21,63,2,107,-46,9607,8118,491,998,LAMPUNG
2021-02-22,78,5,149,-76,9685,8267,496,922,LAMPUNG
2021-02-23,77,2,99,-24,9762,8366,498,898,LAMPUNG
2021-02-24,53,2,75,-24,9815,8441,500,874,LAMPUNG
2021-02-25,52,2,105,-55,9867,8546,502,819,LAMPUNG
2021-02-26,53,4,95,-46,9920,8641,506,773,LAMPUNG
2021-02-27,72,1,29,42,9992,8670,507,815,LAMPUNG
2021-02-28,51,6,73,-28,10043,8743,513,787,LAMPUNG
2021-03-01,63,5,56,2,10106,8799,518,789,LAMPUNG
2021-03-02,36,7,57,-28,10142,8856,525,761,LAMPUNG
2021-03-03,42,4,58,-20,10184,8914,529,741,LAMPUNG
2021-03-04,46,2,50,-6,10230,8964,531,735,LAMPUNG
2021-03-05,34,3,70,-39,10264,9034,534,696,LAMPUNG
2021-03-06,34,0,53,-19,10298,9087,534,677,LAMPUNG
2021-03-07,40,0,40,0,10338,9127,534,677,LAMPUNG
2021-03-08,43,2,64,-23,10381,9191,536,654,LAMPUNG
2021-03-09,48,0,55,-7,10429,9246,536,647,LAMPUNG
2021-03-10,47,2,121,-76,10476,9367,538,571,LAMPUNG
2021-03-11,42,4,17,21,10518,9384,542,592,LAMPUNG
2021-03-12,35,8,74,-47,10553,9458,550,545,LAMPUNG
2021-03-13,38,2,31,5,10591,9489,552,550,LAMPUNG
2021-03-14,39,2,24,13,10630,9513,554,563,LAMPUNG
2021-03-15,37,6,30,1,10667,9543,560,564,LAMPUNG
2021-03-16,28,2,40,-14,10695,9583,562,550,LAMPUNG
2021-03-17,31,1,52,-22,10726,9635,563,528,LAMPUNG
2021-03-18,31,5,52,-26,10757,9687,568,502,LAMPUNG
2021-03-19,29,2,46,-19,10786,9733,570,483,LAMPUNG
2021-03-20,43,4,26,13,10829,9759,574,496,LAMPUNG
2021-03-21,46,3,24,19,10875,9783,577,515,LAMPUNG
2021-03-22,25,6,33,-14,10900,9816,583,501,LAMPUNG
2021-03-23,29,1,49,-21,10929,9865,584,480,LAMPUNG
2021-03-24,40,2,29,9,10969,9894,586,489,LAMPUNG
2021-03-25,37,1,51,-15,11006,9945,587,474,LAMPUNG
2021-03-26,39,1,41,-3,11045,9986,588,471,LAMPUNG
2021-03-27,41,4,39,-2,11086,10025,592,469,LAMPUNG
2021-03-28,31,4,37,-10,11117,10062,596,459,LAMPUNG
2021-03-29,51,1,44,6,11168,10106,597,465,LAMPUNG
2021-03-30,39,5,55,-21,11207,10161,602,444,LAMPUNG
2021-03-31,26,2,39,-15,11233,10200,604,429,LAMPUNG
2021-04-01,38,2,24,12,11271,10224,606,441,LAMPUNG
2021-04-02,55,4,26,25,11326,10250,610,466,LAMPUNG
2021-04-03,37,5,59,-27,11363,10309,615,439,LAMPUNG
2021-04-04,22,2,21,-1,11385,10330,617,438,LAMPUNG
2021-04-05,23,2,32,-11,11408,10362,619,427,LAMPUNG
2021-04-06,32,0,23,9,11440,10385,619,436,LAMPUNG
2021-04-07,35,1,23,11,11475,10408,620,447,LAMPUNG
2021-04-08,30,2,26,2,11505,10434,622,449,LAMPUNG
2021-04-09,38,0,9,29,11543,10443,622,478,LAMPUNG
2021-04-10,45,2,18,25,11588,10461,624,503,LAMPUNG
2021-04-11,47,0,34,13,11635,10495,624,516,LAMPUNG
2021-04-12,62,0,16,46,11697,10511,624,562,LAMPUNG
2021-04-13,62,0,4,58,11759,10515,624,620,LAMPUNG
2021-04-14,47,3,49,-5,11806,10564,627,615,LAMPUNG
2021-04-15,37,1,13,23,11843,10577,628,638,LAMPUNG
2021-04-16,50,0,5,45,11893,10582,628,683,LAMPUNG
2021-04-17,54,0,4,50,11947,10586,628,733,LAMPUNG
2021-04-18,71,4,5,62,12018,10591,632,795,LAMPUNG
2021-04-19,76,6,30,40,12094,10621,638,835,LAMPUNG
2021-04-20,90,3,28,59,12184,10649,641,894,LAMPUNG
2021-04-21,75,1,29,45,12259,10678,642,939,LAMPUNG
2021-04-22,51,0,23,28,12310,10701,642,967,LAMPUNG
2021-04-23,63,2,52,9,12373,10753,644,976,LAMPUNG
2021-04-24,50,1,25,24,12423,10778,645,1000,LAMPUNG
2021-04-25,70,0,19,51,12493,10797,645,1051,LAMPUNG
2021-04-26,56,6,64,-14,12549,10861,651,1037,LAMPUNG
2021-04-27,56,4,73,-21,12605,10934,655,1016,LAMPUNG
2021-04-28,87,2,121,-36,12692,11055,657,980,LAMPUNG
2021-04-29,77,0,44,33,12769,11099,657,1013,LAMPUNG
2021-04-30,52,1,41,10,12821,11140,658,1023,LAMPUNG
2021-05-01,56,0,26,30,12877,11166,658,1053,LAMPUNG
2021-05-02,61,0,19,42,12938,11185,658,1095,LAMPUNG
2021-05-03,67,1,53,13,13005,11238,659,1108,LAMPUNG
2021-05-04,35,3,31,1,13040,11269,662,1109,LAMPUNG
2021-05-05,66,1,54,11,13106,11323,663,1120,LAMPUNG
2021-05-06,62,3,30,29,13168,11353,666,1149,LAMPUNG
2021-05-07,33,3,24,6,13201,11377,669,1155,LAMPUNG
2021-05-08,61,1,51,9,13262,11428,670,1164,LAMPUNG
2021-05-09,49,6,41,2,13311,11469,676,1166,LAMPUNG
2021-05-10,38,0,33,5,13349,11502,676,1171,LAMPUNG
2021-05-11,74,13,182,-121,13423,11684,689,1050,LAMPUNG
2021-05-12,70,5,54,11,13493,11738,694,1061,LAMPUNG
2021-05-13,36,3,16,17,13529,11754,697,1078,LAMPUNG
2021-05-14,23,2,31,-10,13552,11785,699,1068,LAMPUNG
2021-05-15,48,0,12,36,13600,11797,699,1104,LAMPUNG
2021-05-16,43,2,20,21,13643,11817,701,1125,LAMPUNG
2021-05-17,48,3,77,-32,13691,11894,704,1093,LAMPUNG
2021-05-18,40,5,131,-96,13731,12025,709,997,LAMPUNG
2021-05-19,53,1,13,39,13784,12038,710,1036,LAMPUNG
2021-05-20,55,18,110,-73,13839,12148,728,963,LAMPUNG
2021-05-21,67,0,85,-18,13906,12233,728,945,LAMPUNG
2021-05-22,57,5,46,6,13963,12279,733,951,LAMPUNG
2021-05-23,76,0,23,53,14039,12302,733,1004,LAMPUNG
2021-05-24,70,0,30,40,14109,12332,733,1044,LAMPUNG
2021-05-25,65,3,33,29,14174,12365,736,1073,LAMPUNG
2021-05-26,59,2,45,12,14233,12410,738,1085,LAMPUNG
2021-05-27,45,5,70,-30,14278,12480,743,1055,LAMPUNG
2021-05-28,69,3,52,14,14347,12532,746,1069,LAMPUNG
2021-05-29,82,1,60,21,14429,12592,747,1090,LAMPUNG
2021-05-30,71,1,29,41,14500,12621,748,1131,LAMPUNG
2021-05-31,84,1,64,19,14584,12685,749,1150,LAMPUNG
2021-06-01,79,3,25,51,14663,12710,752,1201,LAMPUNG
2021-06-02,77,3,31,43,14740,12741,755,1244,LAMPUNG
2021-06-03,80,9,25,46,14820,12766,764,1290,LAMPUNG
2021-06-04,64,1,26,37,14884,12792,765,1327,LAMPUNG
2021-06-05,71,1,26,44,14955,12818,766,1371,LAMPUNG
2021-06-06,78,0,18,60,15033,12836,766,1431,LAMPUNG
2021-06-07,95,4,58,33,15128,12894,770,1464,LAMPUNG
2021-06-08,79,5,75,-1,15207,12969,775,1463,LAMPUNG
2021-06-09,88,1,20,67,15295,12989,776,1530,LAMPUNG
2021-06-10,76,6,60,10,15371,13049,782,1540,LAMPUNG
2021-06-11,71,2,25,44,15442,13074,784,1584,LAMPUNG
2021-06-12,74,0,52,22,15516,13126,784,1606,LAMPUNG
2021-06-13,82,4,44,34,15598,13170,788,1640,LAMPUNG
2021-06-14,102,4,82,16,15700,13252,792,1656,LAMPUNG
2021-06-15,84,2,53,29,15784,13305,794,1685,LAMPUNG
2021-06-16,50,11,71,-32,15834,13376,805,1653,LAMPUNG
2021-06-17,75,40,565,-530,15909,13941,845,1123,LAMPUNG
2021-06-18,72,8,170,-106,15981,14111,853,1017,LAMPUNG
2021-06-19,95,7,157,-69,16076,14268,860,948,LAMPUNG
2021-06-20,109,5,85,19,16185,14353,865,967,LAMPUNG
2021-06-21,97,1,20,76,16282,14373,866,1043,LAMPUNG
2021-06-22,55,3,93,-41,16337,14466,869,1002,LAMPUNG
2021-06-23,113,3,31,79,16450,14497,872,1081,LAMPUNG
2021-06-24,97,3,28,66,16547,14525,875,1147,LAMPUNG
2021-06-25,130,1,40,89,16677,14565,876,1236,LAMPUNG
2021-06-26,118,0,42,76,16795,14607,876,1312,LAMPUNG
2021-06-27,186,2,95,89,16981,14702,878,1401,LAMPUNG
2021-06-28,132,9,40,83,17113,14742,887,1484,LAMPUNG
2021-06-29,105,1,28,76,17218,14770,888,1560,LAMPUNG
2021-06-30,169,8,75,86,17387,14845,896,1646,LAMPUNG
2021-07-01,155,2,72,81,17542,14917,898,1727,LAMPUNG
2021-07-02,232,3,93,136,17774,15010,901,1863,LAMPUNG
2021-07-03,232,0,59,173,18006,15069,901,2036,LAMPUNG
2021-07-04,215,3,112,100,18221,15181,904,2136,LAMPUNG
2021-07-05,227,4,42,181,18448,15223,908,2317,LAMPUNG
2021-07-06,209,6,35,168,18657,15258,914,2485,LAMPUNG
2021-07-07,255,1,14,240,18912,15272,915,2725,LAMPUNG
2021-07-08,302,1,39,262,19214,15311,916,2987,LAMPUNG
2021-07-09,306,6,64,236,19520,15375,922,3223,LAMPUNG
2021-07-10,260,14,88,158,19780,15463,936,3381,LAMPUNG
2021-07-11,256,4,41,211,20036,15504,940,3592,LAMPUNG
2021-07-12,344,5,157,182,20380,15661,945,3774,LAMPUNG
2021-07-13,264,37,403,-176,20644,16064,982,3598,LAMPUNG
2021-07-14,263,0,14,249,20907,16078,982,3847,LAMPUNG
2021-07-15,290,0,34,256,21197,16112,982,4103,LAMPUNG
2021-07-16,323,18,323,-18,21520,16435,1000,4085,LAMPUNG
2021-07-17,345,2,61,282,21865,16496,1002,4367,LAMPUNG
2021-07-18,543,11,137,395,22408,16633,1013,4762,LAMPUNG
2021-07-19,522,11,101,410,22930,16734,1024,5172,LAMPUNG
2021-07-20,333,1,85,247,23263,16819,1025,5419,LAMPUNG
2021-07-21,345,11,115,219,23608,16934,1036,5638,LAMPUNG
2021-07-22,343,24,163,156,23951,17097,1060,5794,LAMPUNG
2021-07-23,351,6,90,255,24302,17187,1066,6049,LAMPUNG
2021-07-24,398,5,77,316,24700,17264,1071,6365,LAMPUNG
2021-07-25,313,6,58,249,25013,17322,1077,6614,LAMPUNG
2021-07-26,353,9,111,233,25366,17433,1086,6847,LAMPUNG
2021-07-27,458,200,403,-145,25824,17836,1286,6702,LAMPUNG
2021-07-28,415,150,1154,-889,26239,18990,1436,5813,LAMPUNG
2021-07-29,549,75,503,-29,26788,19493,1511,5784,LAMPUNG
2021-07-30,447,77,240,130,27235,19733,1588,5914,LAMPUNG
2021-07-31,546,36,216,294,27781,19949,1624,6208,LAMPUNG
2021-08-01,492,63,498,-69,28273,20447,1687,6139,LAMPUNG
2021-08-02,383,55,534,-206,28656,20981,1742,5933,LAMPUNG
2021-08-03,464,42,520,-98,29120,21501,1784,5835,LAMPUNG
2021-08-04,587,65,274,248,29707,21775,1849,6083,LAMPUNG
2021-08-05,536,53,196,287,30243,21971,1902,6370,LAMPUNG
2021-08-06,558,38,485,35,30801,22456,1940,6405,LAMPUNG
2021-08-07,346,73,500,-227,31147,22956,2013,6178,LAMPUNG
2021-08-08,396,89,805,-498,31543,23761,2102,5680,LAMPUNG
2021-08-09,289,49,453,-213,31832,24214,2151,5467,LAMPUNG
2021-08-10,402,9,521,-128,32234,24735,2160,5339,LAMPUNG
2021-08-11,346,40,438,-132,32580,25173,2200,5207,LAMPUNG
2021-08-12,298,78,287,-67,32878,25460,2278,5140,LAMPUNG
2021-08-13,370,39,746,-415,33248,26206,2317,4725,LAMPUNG
2021-08-14,374,21,338,15,33622,26544,2338,4740,LAMPUNG
2021-08-15,297,38,329,-70,33919,26873,2376,4670,LAMPUNG
2021-08-16,304,20,163,121,34223,27036,2396,4791,LAMPUNG
2021-08-17,300,28,300,-28,34523,27336,2424,4763,LAMPUNG
2021-08-18,195,31,254,-90,34718,27590,2455,4673,LAMPUNG
2021-08-19,295,70,216,9,35013,27806,2525,4682,LAMPUNG
2021-08-20,291,24,344,-77,35304,28150,2549,4605,LAMPUNG
2021-08-21,257,16,342,-101,35561,28492,2565,4504,LAMPUNG
2021-08-22,201,41,335,-175,35762,28827,2606,4329,LAMPUNG
2021-08-23,192,48,280,-136,35954,29107,2654,4193,LAMPUNG
2021-08-24,181,26,328,-173,36135,29435,2680,4020,LAMPUNG
2021-08-25,232,16,264,-48,36367,29699,2696,3972,LAMPUNG
2021-08-26,166,28,261,-123,36533,29960,2724,3849,LAMPUNG
2021-08-27,193,6,208,-21,36726,30168,2730,3828,LAMPUNG
2021-08-28,194,4,206,-16,36920,30374,2734,3812,LAMPUNG
2021-08-29,135,25,215,-105,37055,30589,2759,3707,LAMPUNG
2021-08-30,88,33,680,-625,37143,31269,2792,3082,LAMPUNG
2021-08-31,183,16,151,16,37326,31420,2808,3098,LAMPUNG
2021-09-01,144,20,377,-253,37470,31797,2828,2845,LAMPUNG
2021-09-02,118,11,192,-85,37588,31989,2839,2760,LAMPUNG
2021-09-03,89,18,280,-209,37677,32269,2857,2551,LAMPUNG
2021-09-04,93,6,106,-19,37770,32375,2863,2532,LAMPUNG
2021-09-05,102,6,76,20,37872,32451,2869,2552,LAMPUNG
2021-09-06,108,25,316,-233,37980,32767,2894,2319,LAMPUNG
2021-09-07,80,1,87,-8,38060,32854,2895,2311,LAMPUNG
2021-09-08,95,1,117,-23,38155,32971,2896,2288,LAMPUNG
2021-09-09,104,16,365,-277,38259,33336,2912,2011,LAMPUNG
2021-09-10,79,13,74,-8,38338,33410,2925,2003,LAMPUNG
2021-09-11,79,7,112,-40,38417,33522,2932,1963,LAMPUNG
2021-09-12,51,1,97,-47,38468,33619,2933,1916,LAMPUNG
2021-09-13,53,10,135,-92,38521,33754,2943,1824,LAMPUNG
2021-09-14,59,3,131,-75,38580,33885,2946,1749,LAMPUNG
2021-09-15,56,4,37,15,38636,33922,2950,1764,LAMPUNG
2021-09-16,61,5,107,-51,38697,34029,2955,1713,LAMPUNG
2021-09-17,54,17,87,-50,38751,34116,2972,1663,LAMPUNG
2021-09-18,57,3,34,20,38808,34150,2975,1683,LAMPUNG
2021-09-19,42,3,62,-23,38850,34212,2978,1660,LAMPUNG
2021-09-20,34,7,128,-101,38884,34340,2985,1559,LAMPUNG
2021-09-21,49,10,236,-197,38933,34576,2995,1362,LAMPUNG
2021-09-22,36,7,80,-51,38969,34656,3002,1311,LAMPUNG
2021-09-23,37,1,82,-46,39006,34738,3003,1265,LAMPUNG
2021-09-24,37,3,87,-53,39043,34825,3006,1212,LAMPUNG
2021-09-25,32,4,35,-7,39075,34860,3010,1205,LAMPUNG
2021-09-26,40,2,30,8,39115,34890,3012,1213,LAMPUNG
2021-09-27,23,8,149,-134,39138,35039,3020,1079,LAMPUNG
2021-09-28,28,4,62,-38,39166,35101,3024,1041,LAMPUNG
2021-09-29,28,2,38,-12,39194,35139,3026,1029,LAMPUNG
2021-09-30,26,2,17,7,39220,35156,3028,1036,LAMPUNG
2021-10-01,32,2,82,-52,39252,35238,3030,984,LAMPUNG
2021-10-02,29,1,19,9,39281,35257,3031,993,LAMPUNG
2021-10-03,20,1,4,15,39301,35261,3032,1008,LAMPUNG
2021-10-04,18,5,33,-20,39319,35294,3037,988,LAMPUNG
2021-10-05,30,0,30,0,39349,35324,3037,988,LAMPUNG
2021-10-06,16,3,62,-49,39365,35386,3040,939,LAMPUNG
2021-10-07,27,0,12,15,39392,35398,3040,954,LAMPUNG
2021-10-08,22,4,38,-20,39414,35436,3044,934,LAMPUNG
2021-10-09,17,0,22,-5,39431,35458,3044,929,LAMPUNG
2021-10-10,14,0,0,14,39445,35458,3044,943,LAMPUNG
2021-10-11,13,1,14,-2,39458,35472,3045,941,LAMPUNG
2021-10-12,21,1,29,-9,39479,35501,3046,932,LAMPUNG
2021-10-13,21,3,6,12,39500,35507,3049,944,LAMPUNG
2021-10-14,15,1,37,-23,39515,35544,3050,921,LAMPUNG
2021-10-15,12,2,7,3,39527,35551,3052,924,LAMPUNG
2021-10-16,10,4,27,-21,39537,35578,3056,903,LAMPUNG
2021-10-17,9,0,0,9,39546,35578,3056,912,LAMPUNG
2021-10-18,9,2,32,-25,39555,35610,3058,887,LAMPUNG
2021-10-19,8,1,18,-11,39563,35628,3059,876,LAMPUNG
2021-10-20,9,1,23,-15,39572,35651,3060,861,LAMPUNG
2021-10-21,1,1,11,-11,39573,35662,3061,850,LAMPUNG
2021-10-22,5,0,27,-22,39578,35689,3061,828,LAMPUNG
2021-10-23,7,1,2,4,39585,35691,3062,832,LAMPUNG
2021-10-24,0,1,7,-8,39585,35698,3063,824,LAMPUNG
2021-10-25,2,1,24,-23,39587,35722,3064,801,LAMPUNG
2021-10-26,9,1,46,-38,39596,35768,3065,763,LAMPUNG
2021-10-27,11,1,29,-19,39607,35797,3066,744,LAMPUNG
2021-10-28,13,2,113,-102,39620,35910,3068,642,LAMPUNG
2021-10-29,8,1,13,-6,39628,35923,3069,636,LAMPUNG
2021-10-30,5,1,7,-3,39633,35930,3070,633,LAMPUNG
2021-10-31,3,0,5,-2,39636,35935,3070,631,LAMPUNG
2021-11-01,1,2,20,-21,39637,35955,3072,610,LAMPUNG
2021-11-02,10,0,12,-2,39647,35967,3072,608,LAMPUNG
2021-11-03,2,1,5,-4,39649,35972,3073,604,LAMPUNG
2021-11-04,1,1,40,-40,39650,36012,3074,564,LAMPUNG
2021-11-05,3,0,1,2,39653,36013,3074,566,LAMPUNG
2021-11-06,1,0,2,-1,39654,36015,3074,565,LAMPUNG
2021-11-07,2,0,10,-8,39656,36025,3074,557,LAMPUNG
2021-11-08,2,0,26,-24,39658,36051,3074,533,LAMPUNG
2021-11-09,6,1,6,-1,39664,36057,3075,532,LAMPUNG
2021-11-10,2,1,10,-9,39666,36067,3076,523,LAMPUNG
2021-11-11,4,0,14,-10,39670,36081,3076,513,LAMPUNG
2021-11-12,2,0,1,1,39672,36082,3076,514,LAMPUNG
2021-11-13,4,0,28,-24,39676,36110,3076,490,LAMPUNG
2021-11-14,7,0,5,2,39683,36115,3076,492,LAMPUNG
2021-11-15,3,0,20,-17,39686,36135,3076,475,LAMPUNG
2021-11-16,3,2,5,-4,39689,36140,3078,471,LAMPUNG
2021-11-17,1,0,1,0,39690,36141,3078,471,LAMPUNG
2021-11-18,5,0,1,4,39695,36142,3078,475,LAMPUNG
2021-11-19,1,0,0,1,39696,36142,3078,476,LAMPUNG
2021-11-20,5,1,6,-2,39701,36148,3079,474,LAMPUNG
2021-11-21,5,1,23,-19,39706,36171,3080,455,LAMPUNG
2021-11-22,0,0,1,-1,39706,36172,3080,454,LAMPUNG
2021-11-23,3,1,1,1,39709,36173,3081,455,LAMPUNG
2021-11-24,0,2,2,-4,39709,36175,3083,451,LAMPUNG
2021-11-25,3,0,4,-1,39712,36179,3083,450,LAMPUNG
2021-11-26,1,0,8,-7,39713,36187,3083,443,LAMPUNG
2021-11-27,1,0,1,0,39714,36188,3083,443,LAMPUNG
2021-11-28,3,0,1,2,39717,36189,3083,445,LAMPUNG
2021-11-29,1,0,3,-2,39718,36192,3083,443,LAMPUNG
2021-11-30,6,1,5,0,39724,36197,3084,443,LAMPUNG
2021-12-01,6,0,5,1,39730,36202,3084,444,LAMPUNG
2021-12-02,11,0,10,1,39741,36212,3084,445,LAMPUNG
2021-12-03,16,1,13,2,39757,36225,3085,447,LAMPUNG
2021-12-04,2,0,1,1,39759,36226,3085,448,LAMPUNG
2021-12-05,1,0,0,1,39760,36226,3085,449,LAMPUNG
2021-12-06,0,2,2,-4,39760,36228,3087,445,LAMPUNG
2021-12-07,1,2,1,-2,39761,36229,3089,443,LAMPUNG
2021-12-08,1,2,0,-1,39762,36229,3091,442,LAMPUNG
2021-12-09,1,0,1,0,39763,36230,3091,442,LAMPUNG
2021-12-10,0,0,7,-7,39763,36237,3091,435,LAMPUNG
2021-12-11,1,0,0,1,39764,36237,3091,436,LAMPUNG
2021-12-12,6,0,2,4,39770,36239,3091,440,LAMPUNG
2021-12-13,0,3,1,-4,39770,36240,3094,436,LAMPUNG
2021-12-14,0,0,0,0,39770,36240,3094,436,LAMPUNG
2021-12-15,3,0,5,-2,39773,36245,3094,434,LAMPUNG
2021-12-16,1,1,0,0,39774,36245,3095,434,LAMPUNG
2021-12-17,0,0,1,-1,39774,36246,3095,433,LAMPUNG
2021-12-18,1,1,5,-5,39775,36251,3096,428,LAMPUNG
2021-12-19,2,1,0,1,39777,36251,3097,429,LAMPUNG
2021-12-20,2,0,0,2,39779,36251,3097,431,LAMPUNG
2021-12-21,1,0,2,-1,39780,36253,3097,430,LAMPUNG
2021-12-22,1,1,1,-1,39781,36254,3098,429,LAMPUNG
2021-12-23,1,0,1,0,39782,36255,3098,429,LAMPUNG
2021-12-24,0,1,2,-3,39782,36257,3099,426,LAMPUNG
2021-12-25,2,0,1,1,39784,36258,3099,427,LAMPUNG
2021-12-26,0,0,0,0,39784,36258,3099,427,LAMPUNG
2021-12-27,0,0,0,0,39784,36258,3099,427,LAMPUNG
2021-12-28,0,0,0,0,39784,36258,3099,427,LAMPUNG
2021-12-29,0,0,1,-1,39784,36259,3099,426,LAMPUNG
2021-12-30,0,0,0,0,39784,36259,3099,426,LAMPUNG
2021-12-31,0,0,0,0,39784,36259,3099,426,LAMPUNG
2022-01-01,1,0,4,-3,39785,36263,3099,423,LAMPUNG
2022-01-02,0,0,0,0,39785,36263,3099,423,LAMPUNG
2022-01-03,0,0,2,-2,39785,36265,3099,421,LAMPUNG
2022-01-04,1,0,3,-2,39786,36268,3099,419,LAMPUNG
2022-01-05,1,0,0,1,39787,36268,3099,420,LAMPUNG
2022-01-06,1,0,0,1,39788,36268,3099,421,LAMPUNG
2022-01-07,0,0,1,-1,39788,36269,3099,420,LAMPUNG
2022-01-08,1,0,1,0,39789,36270,3099,420,LAMPUNG
2022-01-09,0,0,0,0,39789,36270,3099,420,LAMPUNG
2022-01-10,0,2,2,-4,39789,36272,3101,416,LAMPUNG
2022-01-11,0,1,2,-3,39789,36274,3102,413,LAMPUNG
2022-01-12,0,0,0,0,39789,36274,3102,413,LAMPUNG
2022-01-13,0,0,6,-6,39789,36280,3102,407,LAMPUNG
2022-01-14,5,0,0,5,39794,36280,3102,412,LAMPUNG
2022-01-15,2,0,0,2,39796,36280,3102,414,LAMPUNG
2022-01-16,1,0,1,0,39797,36281,3102,414,LAMPUNG
2022-01-17,0,0,0,0,39797,36281,3102,414,LAMPUNG
2022-01-18,1,0,0,1,39798,36281,3102,415,LAMPUNG
2022-01-19,2,0,0,2,39800,36281,3102,417,LAMPUNG
2022-01-20,1,0,1,0,39801,36282,3102,417,LAMPUNG
2022-01-21,3,0,0,3,39804,36282,3102,420,LAMPUNG
2022-01-22,6,2,1,3,39810,36283,3104,423,LAMPUNG
2022-01-23,2,0,1,1,39812,36284,3104,424,LAMPUNG
2022-01-24,2,0,1,1,39814,36285,3104,425,LAMPUNG
2022-01-25,1,0,0,1,39815,36285,3104,426,LAMPUNG
2022-01-26,8,0,0,8,39823,36285,3104,434,LAMPUNG
2022-01-27,10,0,0,10,39833,36285,3104,444,LAMPUNG
2022-01-28,25,0,5,20,39858,36290,3104,464,LAMPUNG
2022-01-29,13,0,2,11,39871,36292,3104,475,LAMPUNG
2022-01-30,18,0,65,-47,39889,36357,3104,428,LAMPUNG
2022-01-31,22,0,1,21,39911,36358,3104,449,LAMPUNG
2022-02-01,60,0,0,60,39971,36358,3104,509,LAMPUNG
2022-02-02,38,0,0,38,40009,36358,3104,547,LAMPUNG
2022-02-03,99,0,0,99,40108,36358,3104,646,LAMPUNG
2022-02-04,134,0,3,131,40242,36361,3104,777,LAMPUNG
2022-02-05,106,0,0,106,40348,36361,3104,883,LAMPUNG
2022-02-06,158,0,6,152,40506,36367,3104,1035,LAMPUNG
2022-02-07,78,1,6,71,40584,36373,3105,1106,LAMPUNG
2022-02-08,246,1,24,221,40830,36397,3106,1327,LAMPUNG
2022-02-09,325,0,14,311,41155,36411,3106,1638,LAMPUNG
2022-02-10,314,0,20,294,41469,36431,3106,1932,LAMPUNG
2022-02-11,256,1,12,243,41725,36443,3107,2175,LAMPUNG
2022-02-12,374,0,19,355,42099,36462,3107,2530,LAMPUNG
2022-02-13,359,0,16,343,42458,36478,3107,2873,LAMPUNG
2022-02-14,262,0,38,224,42720,36516,3107,3097,LAMPUNG
2022-02-15,556,0,13,543,43276,36529,3107,3640,LAMPUNG
2022-02-16,625,6,61,558,43901,36590,3113,4198,LAMPUNG
2022-02-17,833,3,36,794,44734,36626,3116,4992,LAMPUNG
2022-02-18,704,2,114,588,45438,36740,3118,5580,LAMPUNG
2022-02-19,784,3,106,675,46222,36846,3121,6255,LAMPUNG
2022-02-20,718,5,89,624,46940,36935,3126,6879,LAMPUNG
2022-02-21,452,1,67,384,47392,37002,3127,7263,LAMPUNG
2022-02-22,843,3,105,735,48235,37107,3130,7998,LAMPUNG
2022-02-23,834,5,84,745,49069,37191,3135,8743,LAMPUNG
2022-02-24,826,5,165,656,49895,37356,3140,9399,LAMPUNG
2022-02-25,717,3,172,542,50612,37528,3143,9941,LAMPUNG
2022-02-26,690,4,174,512,51302,37702,3147,10453,LAMPUNG
2022-02-27,524,1,212,311,51826,37914,3148,10764,LAMPUNG
2022-02-28,344,0,300,44,52170,38214,3148,10808,LAMPUNG
2022-03-01,464,19,253,192,52634,38467,3167,11000,LAMPUNG
2022-03-02,538,7,639,-108,53172,39106,3174,10892,LAMPUNG
2022-03-03,598,2,338,258,53770,39444,3176,11150,LAMPUNG
2022-03-04,455,1,241,213,54225,39685,3177,11363,LAMPUNG
2022-03-05,495,3,451,41,54720,40136,3180,11404,LAMPUNG
2022-03-06,351,7,360,-16,55071,40496,3187,11388,LAMPUNG
2022-03-07,329,6,388,-65,55400,40884,3193,11323,LAMPUNG
2022-03-08,486,3,320,163,55886,41204,3196,11486,LAMPUNG
2022-03-09,379,9,391,-21,56265,41595,3205,11465,LAMPUNG
2022-03-10,308,3,402,-97,56573,41997,3208,11368,LAMPUNG
2022-03-11,217,2,386,-171,56790,42383,3210,11197,LAMPUNG
2022-03-12,287,6,356,-75,57077,42739,3216,11122,LAMPUNG
2022-03-13,238,2,413,-177,57315,43152,3218,10945,LAMPUNG
2022-03-14,157,1,389,-233,57472,43541,3219,10712,LAMPUNG
2022-03-15,241,5,279,-43,57713,43820,3224,10669,LAMPUNG
2022-03-16,175,3,353,-181,57888,44173,3227,10488,LAMPUNG
2022-03-17,163,2,447,-286,58051,44620,3229,10202,LAMPUNG
2022-03-18,153,5,347,-199,58204,44967,3234,10003,LAMPUNG
2022-03-19,139,7,194,-62,58343,45161,3241,9941,LAMPUNG
2022-03-20,110,3,119,-12,58453,45280,3244,9929,LAMPUNG
2022-03-21,76,13,552,-489,58529,45832,3257,9440,LAMPUNG
2022-03-22,117,16,395,-294,58646,46227,3273,9146,LAMPUNG
2022-03-23,88,2,436,-350,58734,46663,3275,8796,LAMPUNG
2022-03-24,82,2,438,-358,58816,47101,3277,8438,LAMPUNG
2022-03-25,93,2,255,-164,58909,47356,3279,8274,LAMPUNG
2022-03-26,50,2,103,-55,58959,47459,3281,8219,LAMPUNG
2022-03-27,42,3,400,-361,59001,47859,3284,7858,LAMPUNG
2022-03-28,28,0,185,-157,59029,48044,3284,7701,LAMPUNG
2022-03-29,51,0,273,-222,59080,48317,3284,7479,LAMPUNG
2022-03-30,45,1,112,-68,59125,48429,3285,7411,LAMPUNG
2022-03-31,53,3,128,-78,59178,48557,3288,7333,LAMPUNG
2022-04-01,26,1,116,-91,59204,48673,3289,7242,LAMPUNG
2022-04-02,36,2,69,-35,59240,48742,3291,7207,LAMPUNG
2022-04-03,31,0,52,-21,59271,48794,3291,7186,LAMPUNG
2022-04-04,22,1,137,-116,59293,48931,3292,7070,LAMPUNG
2022-04-05,23,0,81,-58,59316,49012,3292,7012,LAMPUNG
2022-04-06,21,0,115,-94,59337,49127,3292,6918,LAMPUNG
2022-04-07,24,1,51,-28,59361,49178,3293,6890,LAMPUNG
2022-04-08,14,0,62,-48,59375,49240,3293,6842,LAMPUNG
2022-04-09,14,1,23,-10,59389,49263,3294,6832,LAMPUNG
2022-04-10,15,0,42,-27,59404,49305,3294,6805,LAMPUNG
2022-04-11,10,0,229,-219,59414,49534,3294,6586,LAMPUNG
2022-04-12,26,1,236,-211,59440,49770,3295,6375,LAMPUNG
2022-04-13,7,0,134,-127,59447,49904,3295,6248,LAMPUNG
2022-04-14,10,1,173,-164,59457,50077,3296,6084,LAMPUNG
2022-04-15,9,0,123,-114,59466,50200,3296,5970,LAMPUNG
2022-04-16,5,1,18,-14,59471,50218,3297,5956,LAMPUNG
2022-04-17,10,0,33,-23,59481,50251,3297,5933,LAMPUNG
2022-04-18,5,1,4181,-4177,59486,54432,3298,1756,LAMPUNG
2022-04-19,9,11,780,-782,59495,55212,3309,974,LAMPUNG
2022-04-20,6,0,12,-6,59501,55224,3309,968,LAMPUNG
2022-04-21,3,16,109,-122,59504,55333,3325,846,LAMPUNG
2022-04-22,2,1,43,-42,59506,55376,3326,804,LAMPUNG
2022-04-23,3,0,12,-9,59509,55388,3326,795,LAMPUNG
2022-04-24,4,1,18,-15,59513,55406,3327,780,LAMPUNG
2022-04-25,1,0,8,-7,59514,55414,3327,773,LAMPUNG
2022-04-26,3,0,46,-43,59517,55460,3327,730,LAMPUNG
2022-04-27,2,0,16,-14,59519,55476,3327,716,LAMPUNG
2022-04-28,1,1,5,-5,59520,55481,3328,711,LAMPUNG
2022-04-29,1,0,30,-29,59521,55511,3328,682,LAMPUNG
2022-04-30,3,0,8,-5,59524,55519,3328,677,LAMPUNG
2022-05-01,1,0,2,-1,59525,55521,3328,676,LAMPUNG
2022-05-02,1,0,0,1,59526,55521,3328,677,LAMPUNG
2022-05-03,0,0,0,0,59526,55521,3328,677,LAMPUNG
2022-05-04,2,0,1,1,59528,55522,3328,678,LAMPUNG
2022-05-05,2,0,0,2,59530,55522,3328,680,LAMPUNG
2022-05-06,0,0,0,0,59530,55522,3328,680,LAMPUNG
2022-05-07,1,0,6,-5,59531,55528,3328,675,LAMPUNG
2022-05-08,2,0,2,0,59533,55530,3328,675,LAMPUNG
2022-05-09,1,1,17,-17,59534,55547,3329,658,LAMPUNG
2022-05-10,3,0,1,2,59537,55548,3329,660,LAMPUNG
2022-05-11,1,0,205,-204,59538,55753,3329,456,LAMPUNG
2022-05-12,1,0,378,-377,59539,56131,3329,79,LAMPUNG
2022-05-13,5,0,10,-5,59544,56141,3329,74,LAMPUNG
2022-05-14,3,0,0,3,59547,56141,3329,77,LAMPUNG
2022-05-15,2,1,0,1,59549,56141,3330,78,LAMPUNG
2022-05-16,7,1,6,0,59556,56147,3331,78,LAMPUNG
2022-05-17,0,0,4,-4,59556,56151,3331,74,LAMPUNG
2022-05-18,5,0,0,5,59561,56151,3331,79,LAMPUNG
2022-05-19,9,0,2,7,59570,56153,3331,86,LAMPUNG
2022-05-20,2,0,0,2,59572,56153,3331,88,LAMPUNG
2022-05-21,3,0,0,3,59575,56153,3331,91,LAMPUNG
2022-05-22,4,0,0,4,59579,56153,3331,95,LAMPUNG
2022-05-23,1,0,0,1,59580,56153,3331,96,LAMPUNG
2022-05-24,5,0,0,5,59585,56153,3331,101,LAMPUNG
2022-05-25,4,0,0,4,59589,56153,3331,105,LAMPUNG
2022-05-26,1,0,2,-1,59590,56155,3331,104,LAMPUNG
2022-05-27,2,0,4,-2,59592,56159,3331,102,LAMPUNG
2022-05-28,3,1,4,-2,59595,56163,3332,100,LAMPUNG
2022-05-29,4,0,1,3,59599,56164,3332,103,LAMPUNG
2022-05-30,0,0,2,-2,59599,56166,3332,101,LAMPUNG
2022-05-31,0,0,0,0,59599,56166,3332,101,LAMPUNG
2022-06-01,1,0,3,-2,59600,56169,3332,99,LAMPUNG
2022-06-02,1,0,3,-2,59601,56172,3332,97,LAMPUNG
2022-06-03,0,0,1,-1,59601,56173,3332,96,LAMPUNG
2022-06-04,1,0,0,1,59602,56173,3332,97,LAMPUNG
2022-06-05,0,0,1,-1,59602,56174,3332,96,LAMPUNG
2022-06-06,0,0,2,-2,59602,56176,3332,94,LAMPUNG
2022-06-07,2,0,3,-1,59604,56179,3332,93,LAMPUNG
2022-06-08,0,0,0,0,59604,56179,3332,93,LAMPUNG
2022-06-09,1,0,31,-30,59605,56210,3332,63,LAMPUNG
2022-06-10,2,0,0,2,59607,56210,3332,65,LAMPUNG
2022-06-11,0,0,0,0,59607,56210,3332,65,LAMPUNG
2022-06-12,1,0,0,1,59608,56210,3332,66,LAMPUNG
2022-06-13,3,0,2,1,59611,56212,3332,67,LAMPUNG
2022-06-14,2,3,35,-36,59613,56247,3335,31,LAMPUNG
2022-06-15,1,0,0,1,59614,56247,3335,32,LAMPUNG
2022-06-16,2,0,0,2,59616,56247,3335,34,LAMPUNG
2022-06-17,1,0,0,1,59617,56247,3335,35,LAMPUNG
2022-06-18,1,0,2,-1,59618,56249,3335,34,LAMPUNG
2022-06-19,1,0,0,1,59619,56249,3335,35,LAMPUNG
2022-06-20,0,0,11,-11,59619,56260,3335,24,LAMPUNG
2022-06-21,0,0,0,0,59619,56260,3335,24,LAMPUNG
2022-06-22,3,0,3,0,59622,56263,3335,24,LAMPUNG
2022-06-23,0,0,0,0,59622,56263,3335,24,LAMPUNG
2022-06-24,1,0,0,1,59623,56263,3335,25,LAMPUNG
2022-06-25,0,0,0,0,59623,56263,3335,25,LAMPUNG
2022-06-26,0,0,0,0,59623,56263,3335,25,LAMPUNG
2022-06-27,2,0,0,2,59625,56263,3335,27,LAMPUNG
2022-06-28,1,0,0,1,59626,56263,3335,28,LAMPUNG
2022-06-29,2,0,1,1,59628,56264,3335,29,LAMPUNG
2022-06-30,0,0,0,0,59628,56264,3335,29,LAMPUNG
2022-07-01,2,0,0,2,59630,56264,3335,31,LAMPUNG
2022-07-02,2,0,0,2,59632,56264,3335,33,LAMPUNG
2022-07-03,0,0,0,0,59632,56264,3335,33,LAMPUNG
2022-07-04,5,0,0,5,59637,56264,3335,38,LAMPUNG
2022-07-05,1,0,2,-1,59638,56266,3335,37,LAMPUNG
2022-07-06,2,0,0,2,59640,56266,3335,39,LAMPUNG
2022-07-07,2,0,0,2,59642,56266,3335,41,LAMPUNG
2022-07-08,6,0,0,6,59648,56266,3335,47,LAMPUNG
2022-07-09,4,0,7,-3,59652,56273,3335,44,LAMPUNG
2022-07-10,0,0,4,-4,59652,56277,3335,40,LAMPUNG
2022-07-11,1,0,0,1,59653,56277,3335,41,LAMPUNG
2022-07-12,8,0,3,5,59661,56280,3335,46,LAMPUNG
2022-07-13,3,0,2,1,59664,56282,3335,47,LAMPUNG
2022-07-14,8,0,6,2,59672,56288,3335,49,LAMPUNG
2022-07-15,8,0,0,8,59680,56288,3335,57,LAMPUNG
2022-07-16,5,0,1,4,59685,56289,3335,61,LAMPUNG
2022-07-17,5,0,0,5,59690,56289,3335,66,LAMPUNG
2022-07-18,1,0,1,0,59691,56290,3335,66,LAMPUNG
2022-07-19,5,0,14,-9,59696,56304,3335,57,LAMPUNG
2022-07-20,15,0,0,15,59711,56304,3335,72,LAMPUNG
2022-07-21,7,0,1,6,59718,56305,3335,78,LAMPUNG
2022-07-22,3,0,2,1,59721,56307,3335,79,LAMPUNG
2022-07-23,7,0,2,5,59728,56309,3335,84,LAMPUNG
2022-07-24,4,0,0,4,59732,56309,3335,88,LAMPUNG
2022-07-25,5,0,20,-15,59737,56329,3335,73,LAMPUNG
2022-07-26,10,0,6,4,59747,56335,3335,77,LAMPUNG
2022-07-27,8,1,1,6,59755,56336,3336,83,LAMPUNG
2022-07-28,0,0,1,-1,59755,56337,3336,82,LAMPUNG
2022-07-29,1,0,4,-3,59756,56341,3336,79,LAMPUNG
2022-07-30,10,0,1,9,59766,56342,3336,88,LAMPUNG
2022-07-31,12,1,4,7,59778,56346,3337,95,LAMPUNG
2022-08-01,5,0,30,-25,59783,56376,3337,70,LAMPUNG
2022-08-02,10,0,10,0,59793,56386,3337,70,LAMPUNG
2022-08-03,21,0,0,21,59814,56386,3337,91,LAMPUNG
2022-08-04,15,0,11,4,59829,56397,3337,95,LAMPUNG
2022-08-05,9,0,1,8,59838,56398,3337,103,LAMPUNG
2022-08-06,10,0,0,10,59848,56398,3337,113,LAMPUNG
2022-08-07,10,0,1,9,59858,56399,3337,122,LAMPUNG
2022-08-08,5,1,15,-11,59863,56414,3338,111,LAMPUNG
2022-08-09,15,0,12,3,59878,56426,3338,114,LAMPUNG
2022-08-10,18,0,4,14,59896,56430,3338,128,LAMPUNG
2022-08-11,13,0,1,12,59909,56431,3338,140,LAMPUNG
2022-08-12,18,0,1,17,59927,56432,3338,157,LAMPUNG
2022-08-13,28,0,9,19,59955,56441,3338,176,LAMPUNG
2022-08-14,5,0,2,3,59960,56443,3338,179,LAMPUNG
2022-08-15,9,0,1,8,59969,56444,3338,187,LAMPUNG
2022-08-16,14,0,49,-35,59983,56493,3338,152,LAMPUNG
2022-08-17,16,0,0,16,59999,56493,3338,168,LAMPUNG
2022-08-18,11,0,10,1,60010,56503,3338,169,LAMPUNG
2022-08-19,28,0,1,27,60038,56504,3338,196,LAMPUNG
2022-08-20,13,0,0,13,60051,56504,3338,209,LAMPUNG
2022-08-21,12,1,10,1,60063,56514,3339,210,LAMPUNG
2022-08-22,9,0,45,-36,60072,56559,3339,174,LAMPUNG
2022-08-23,19,2,24,-7,60091,56583,3341,167,LAMPUNG
2022-08-24,17,0,12,5,60108,56595,3341,172,LAMPUNG
2022-08-25,17,0,7,10,60125,56602,3341,182,LAMPUNG
2022-08-26,13,0,8,5,60138,56610,3341,187,LAMPUNG
2022-08-27,15,0,4,11,60153,56614,3341,198,LAMPUNG
2022-08-28,13,1,3,9,60166,56617,3342,207,LAMPUNG
2022-08-29,3,0,58,-55,60169,56675,3342,152,LAMPUNG
2022-08-30,21,0,12,9,60190,56687,3342,161,LAMPUNG
2022-08-31,22,0,7,15,60212,56694,3342,176,LAMPUNG
2022-09-01,13,0,6,7,60225,56700,3342,183,LAMPUNG
2022-09-02,22,0,25,-3,60247,56725,3342,180,LAMPUNG
2022-09-03,15,1,4,10,60262,56729,3343,190,LAMPUNG
2022-09-04,15,0,11,4,60277,56740,3343,194,LAMPUNG
2022-09-05,7,1,14,-8,60284,56754,3344,186,LAMPUNG
2022-09-06,12,1,0,11,60296,56754,3345,197,LAMPUNG
2022-09-07,26,0,4,22,60322,56758,3345,219,LAMPUNG
2022-09-08,27,0,5,22,60349,56763,3345,241,LAMPUNG
2022-09-09,14,0,6,8,60363,56769,3345,249,LAMPUNG
2022-09-10,20,0,5,15,60383,56774,3345,264,LAMPUNG
2022-09-11,14,0,14,0,60397,56788,3345,264,LAMPUNG
2022-09-12,10,0,101,-91,60407,56889,3345,173,LAMPUNG
2022-09-13,28,0,5,23,60435,56894,3345,196,LAMPUNG
2022-09-14,15,0,7,8,60450,56901,3345,204,LAMPUNG
2022-09-15,16,2,35,-21,60466,56936,3347,183,LAMPUNG
2022-09-16,12,1,5,6,60478,56941,3348,189,LAMPUNG
2022-09-17,15,0,6,9,60493,56947,3348,198,LAMPUNG
2022-09-18,10,0,15,-5,60503,56962,3348,193,LAMPUNG
2022-09-19,5,0,15,-10,60508,56977,3348,183,LAMPUNG
2022-09-20,14,0,8,6,60522,56985,3348,189,LAMPUNG
2022-09-21,21,1,10,10,60543,56995,3349,199,LAMPUNG
2022-09-22,19,0,3,16,60562,56998,3349,215,LAMPUNG
2022-09-23,9,2,7,0,60571,57005,3351,215,LAMPUNG
2022-09-24,13,0,11,2,60584,57016,3351,217,LAMPUNG
2022-09-25,9,0,1,8,60593,57017,3351,225,LAMPUNG
2022-09-26,4,1,95,-92,60597,57112,3352,133,LAMPUNG
2022-09-27,3,1,0,2,60600,57112,3353,135,LAMPUNG
2022-09-28,12,0,0,12,60612,57112,3353,147,LAMPUNG
2022-09-29,2,0,1,1,60614,57113,3353,148,LAMPUNG
2022-09-30,17,2,0,15,60631,57113,3355,163,LAMPUNG
2020-03-01,1,0,0,1,1,0,0,1,DKI JAKARTA
2020-03-02,0,0,0,0,1,0,0,1,DKI JAKARTA
2020-03-03,2,0,0,2,3,0,0,3,DKI JAKARTA
2020-03-04,2,0,0,2,5,0,0,5,DKI JAKARTA
2020-03-05,0,1,0,-1,5,0,1,4,DKI JAKARTA
2020-03-06,0,0,0,0,5,0,1,4,DKI JAKARTA
2020-03-07,0,2,0,-2,5,0,3,2,DKI JAKARTA
2020-03-08,0,0,0,0,5,0,3,2,DKI JAKARTA
2020-03-09,0,1,0,-1,5,0,4,1,DKI JAKARTA
2020-03-10,0,0,0,0,5,0,4,1,DKI JAKARTA
2020-03-11,0,0,0,0,5,0,4,1,DKI JAKARTA
2020-03-12,2,1,3,-2,7,3,5,-1,DKI JAKARTA
2020-03-13,4,1,3,0,11,6,6,-1,DKI JAKARTA
2020-03-14,1,0,1,0,12,7,6,-1,DKI JAKARTA
2020-03-15,4,1,0,3,16,7,7,2,DKI JAKARTA
2020-03-16,2,3,0,-1,18,7,10,1,DKI JAKARTA
2020-03-17,2,1,0,1,20,7,11,2,DKI JAKARTA
2020-03-18,1,1,0,0,21,7,12,2,DKI JAKARTA
2020-03-19,1,0,0,1,22,7,12,3,DKI JAKARTA
2020-03-20,4,3,0,1,26,7,15,4,DKI JAKARTA
2020-03-21,8,3,5,0,34,12,18,4,DKI JAKARTA
2020-03-22,2,0,3,-1,36,15,18,3,DKI JAKARTA
2020-03-23,0,0,0,0,36,15,18,3,DKI JAKARTA
2020-03-24,12,15,3,-6,48,18,33,-3,DKI JAKARTA
2020-03-25,1,1,0,0,49,18,34,-3,DKI JAKARTA
2020-03-26,41,1,0,40,90,18,35,37,DKI JAKARTA
2020-03-27,60,7,5,48,150,23,42,85,DKI JAKARTA
2020-03-28,38,6,6,26,188,29,48,111,DKI JAKARTA
2020-03-29,36,4,0,32,224,29,52,143,DKI JAKARTA
2020-03-30,21,6,0,15,245,29,58,158,DKI JAKARTA
2020-03-31,38,9,0,29,283,29,67,187,DKI JAKARTA
2020-04-01,44,0,0,44,327,29,67,231,DKI JAKARTA
2020-04-02,57,5,2,50,384,31,72,281,DKI JAKARTA
2020-04-03,61,4,2,55,445,33,76,336,DKI JAKARTA
2020-04-04,45,7,5,33,490,38,83,369,DKI JAKARTA
2020-04-05,69,8,1,60,559,39,91,429,DKI JAKARTA
2020-04-06,79,6,5,68,638,44,97,497,DKI JAKARTA
2020-04-07,92,11,2,79,730,46,108,576,DKI JAKARTA
2020-04-08,63,7,3,53,793,49,115,629,DKI JAKARTA
2020-04-09,179,23,3,153,972,52,138,782,DKI JAKARTA
2020-04-10,45,9,4,32,1017,56,147,814,DKI JAKARTA
2020-04-11,152,7,5,140,1169,61,154,954,DKI JAKARTA
2020-04-12,127,29,34,64,1296,95,183,1018,DKI JAKARTA
2020-04-13,111,3,1,107,1407,96,186,1125,DKI JAKARTA
2020-04-14,101,8,0,93,1508,96,194,1218,DKI JAKARTA
2020-04-15,118,8,16,94,1626,112,202,1312,DKI JAKARTA
2020-04-16,142,1,0,141,1768,112,203,1453,DKI JAKARTA
2020-04-17,131,5,29,97,1899,141,208,1550,DKI JAKARTA
2020-04-18,79,3,1,75,1978,142,211,1625,DKI JAKARTA
2020-04-19,86,2,18,66,2064,160,213,1691,DKI JAKARTA
2020-04-20,65,5,5,55,2129,165,218,1746,DKI JAKARTA
2020-04-21,153,2,46,105,2282,211,220,1851,DKI JAKARTA
2020-04-22,89,1,7,81,2371,218,221,1932,DKI JAKARTA
2020-04-23,97,0,1,96,2468,219,221,2028,DKI JAKARTA
2020-04-24,60,0,0,60,2528,219,221,2088,DKI JAKARTA
2020-04-25,58,17,7,34,2586,226,238,2122,DKI JAKARTA
2020-04-26,78,6,0,72,2664,226,244,2194,DKI JAKARTA
2020-04-27,59,9,1,49,2723,227,253,2243,DKI JAKARTA
2020-04-28,92,3,15,74,2815,242,256,2317,DKI JAKARTA
2020-04-29,82,0,57,25,2897,299,256,2342,DKI JAKARTA
2020-04-30,87,0,37,50,2984,336,256,2392,DKI JAKARTA
2020-05-01,117,3,1,113,3101,337,259,2505,DKI JAKARTA
2020-05-02,68,15,19,34,3169,356,274,2539,DKI JAKARTA
2020-05-03,103,4,90,9,3272,446,278,2548,DKI JAKARTA
2020-05-04,65,5,3,57,3337,449,283,2605,DKI JAKARTA
2020-05-05,110,1,51,58,3447,500,284,2663,DKI JAKARTA
2020-05-06,89,4,29,56,3536,529,288,2719,DKI JAKARTA
2020-05-07,64,7,3,54,3600,532,295,2773,DKI JAKARTA
2020-05-08,80,1,0,79,3680,532,296,2852,DKI JAKARTA
2020-05-09,76,2,4,70,3756,536,298,2922,DKI JAKARTA
2020-05-10,98,5,38,55,3854,574,303,2977,DKI JAKARTA
2020-05-11,63,6,8,49,3917,582,309,3026,DKI JAKARTA
2020-05-12,81,1,94,-14,3998,676,310,3012,DKI JAKARTA
2020-05-13,144,6,74,64,4142,750,316,3076,DKI JAKARTA
2020-05-14,109,2,107,0,4251,857,318,3076,DKI JAKARTA
2020-05-15,67,5,85,-23,4318,942,323,3053,DKI JAKARTA
2020-05-16,83,0,13,70,4401,955,323,3123,DKI JAKARTA
2020-05-17,100,3,9,88,4501,964,326,3211,DKI JAKARTA
2020-05-18,61,0,0,61,4562,964,326,3272,DKI JAKARTA
2020-05-19,74,7,19,48,4636,983,333,3320,DKI JAKARTA
2020-05-20,65,1,3,61,4701,986,334,3381,DKI JAKARTA
2020-05-21,52,6,103,-57,4753,1089,340,3324,DKI JAKARTA
2020-05-22,83,22,42,19,4836,1131,362,3343,DKI JAKARTA
2020-05-23,94,1,44,49,4930,1175,363,3392,DKI JAKARTA
2020-05-24,86,0,17,69,5016,1192,363,3461,DKI JAKARTA
2020-05-25,61,0,46,15,5077,1238,363,3476,DKI JAKARTA
2020-05-26,72,0,11,61,5149,1249,363,3537,DKI JAKARTA
2020-05-27,94,7,12,75,5243,1261,370,3612,DKI JAKARTA
2020-05-28,74,0,18,56,5317,1279,370,3668,DKI JAKARTA
2020-05-29,103,0,29,74,5420,1308,370,3742,DKI JAKARTA
2020-05-30,87,6,215,-134,5507,1523,376,3608,DKI JAKARTA
2020-05-31,90,0,62,28,5597,1585,376,3636,DKI JAKARTA
2020-06-01,124,2,150,-28,5721,1735,378,3608,DKI JAKARTA
2020-06-02,47,0,93,-46,5768,1828,378,3562,DKI JAKARTA
2020-06-03,65,2,139,-76,5833,1967,380,3486,DKI JAKARTA
2020-06-04,81,0,18,63,5914,1985,380,3549,DKI JAKARTA
2020-06-05,58,1,115,-58,5972,2100,381,3491,DKI JAKARTA
2020-06-06,101,0,72,29,6073,2172,381,3520,DKI JAKARTA
2020-06-07,127,3,218,-94,6200,2390,384,3426,DKI JAKARTA
2020-06-08,76,0,61,15,6276,2451,384,3441,DKI JAKARTA
2020-06-09,193,3,129,61,6469,2580,387,3502,DKI JAKARTA
2020-06-10,133,1,110,22,6602,2690,388,3524,DKI JAKARTA
2020-06-11,104,1,122,-19,6706,2812,389,3505,DKI JAKARTA
2020-06-12,77,4,88,-15,6783,2900,393,3490,DKI JAKARTA
2020-06-13,101,4,49,48,6884,2949,397,3538,DKI JAKARTA
2020-06-14,101,8,199,-106,6985,3148,405,3432,DKI JAKARTA
2020-06-15,117,1,86,30,7102,3234,406,3462,DKI JAKARTA
2020-06-16,76,0,106,-30,7178,3340,406,3432,DKI JAKARTA
2020-06-17,100,5,93,2,7278,3433,411,3434,DKI JAKARTA
2020-06-18,136,25,98,13,7414,3531,436,3447,DKI JAKARTA
2020-06-19,98,1,106,-9,7512,3637,437,3438,DKI JAKARTA
2020-06-20,153,8,102,43,7665,3739,445,3481,DKI JAKARTA
2020-06-21,115,0,183,-68,7780,3922,445,3413,DKI JAKARTA
2020-06-22,96,0,58,38,7876,3980,445,3451,DKI JAKARTA
2020-06-23,136,7,87,42,8012,4067,452,3493,DKI JAKARTA
2020-06-24,127,7,77,43,8139,4144,459,3536,DKI JAKARTA
2020-06-25,143,8,172,-37,8282,4316,467,3499,DKI JAKARTA
2020-06-26,163,3,0,160,8445,4316,470,3659,DKI JAKARTA
2020-06-27,155,7,54,94,8600,4370,477,3753,DKI JAKARTA
2020-06-28,105,0,207,-102,8705,4577,477,3651,DKI JAKARTA
2020-06-29,94,0,210,-116,8799,4787,477,3535,DKI JAKARTA
2020-06-30,146,6,312,-172,8945,5099,483,3363,DKI JAKARTA
2020-07-01,173,0,133,40,9118,5232,483,3403,DKI JAKARTA
2020-07-02,163,5,144,14,9281,5376,488,3417,DKI JAKARTA
2020-07-03,113,4,198,-89,9394,5574,492,3328,DKI JAKARTA
2020-07-04,179,0,212,-33,9573,5786,492,3295,DKI JAKARTA
2020-07-05,205,4,231,-30,9778,6017,496,3265,DKI JAKARTA
2020-07-06,178,0,300,-122,9956,6317,496,3143,DKI JAKARTA
2020-07-07,148,10,205,-67,10104,6522,506,3076,DKI JAKARTA
2020-07-08,282,6,116,160,10386,6638,512,3236,DKI JAKARTA
2020-07-09,225,5,181,39,10611,6819,517,3275,DKI JAKARTA
2020-07-10,199,0,131,68,10810,6950,517,3343,DKI JAKARTA
2020-07-11,315,8,175,132,11125,7125,525,3475,DKI JAKARTA
2020-07-12,324,7,130,187,11449,7255,532,3662,DKI JAKARTA
2020-07-13,233,5,173,55,11682,7428,537,3717,DKI JAKARTA
2020-07-14,221,4,98,119,11903,7526,541,3836,DKI JAKARTA
2020-07-15,193,4,164,25,12096,7690,545,3861,DKI JAKARTA
2020-07-16,247,7,102,138,12343,7792,552,3999,DKI JAKARTA
2020-07-17,197,5,117,75,12540,7909,557,4074,DKI JAKARTA
2020-07-18,257,7,92,158,12797,8001,564,4232,DKI JAKARTA
2020-07-19,266,8,263,-5,13063,8264,572,4227,DKI JAKARTA
2020-07-20,308,6,128,174,13371,8392,578,4401,DKI JAKARTA
2020-07-21,357,7,208,142,13728,8600,585,4543,DKI JAKARTA
2020-07-22,310,3,297,10,14038,8897,588,4553,DKI JAKARTA
2020-07-23,375,0,138,237,14413,9035,588,4790,DKI JAKARTA
2020-07-24,235,4,219,12,14648,9254,592,4802,DKI JAKARTA
2020-07-25,303,0,140,163,14951,9394,592,4965,DKI JAKARTA
2020-07-26,302,3,123,176,15253,9517,595,5141,DKI JAKARTA
2020-07-27,393,10,84,299,15646,9601,605,5440,DKI JAKARTA
2020-07-28,326,13,311,2,15972,9912,618,5442,DKI JAKARTA
2020-07-29,491,11,199,281,16463,10111,629,5723,DKI JAKARTA
2020-07-30,320,14,154,152,16783,10265,643,5875,DKI JAKARTA
2020-07-31,347,13,333,1,17130,10598,656,5876,DKI JAKARTA
2020-08-01,303,12,557,-266,17433,11155,668,5610,DKI JAKARTA
2020-08-02,303,0,121,182,17736,11276,668,5792,DKI JAKARTA
2020-08-03,385,12,105,268,18121,11381,680,6060,DKI JAKARTA
2020-08-04,328,9,175,144,18449,11556,689,6204,DKI JAKARTA
2020-08-05,276,12,298,-34,18725,11854,701,6170,DKI JAKARTA
2020-08-06,441,11,184,246,19166,12038,712,6416,DKI JAKARTA
2020-08-07,548,10,151,387,19714,12189,722,6803,DKI JAKARTA
2020-08-08,550,9,418,123,20264,12607,731,6926,DKI JAKARTA
2020-08-09,334,6,464,-136,20598,13071,737,6790,DKI JAKARTA
2020-08-10,346,1,143,202,20944,13214,738,6992,DKI JAKARTA
2020-08-11,363,8,147,208,21307,13361,746,7200,DKI JAKARTA
2020-08-12,438,14,664,-240,21745,14025,760,6960,DKI JAKARTA
2020-08-13,503,10,329,164,22248,14354,770,7124,DKI JAKARTA
2020-08-14,429,4,542,-117,22677,14896,774,7007,DKI JAKARTA
2020-08-15,467,6,425,36,23144,15321,780,7043,DKI JAKARTA
2020-08-16,425,1,507,-83,23569,15828,781,6960,DKI JAKARTA
2020-08-17,445,12,172,261,24014,16000,793,7221,DKI JAKARTA
2020-08-18,412,16,480,-84,24426,16480,809,7137,DKI JAKARTA
2020-08-19,434,17,460,-43,24860,16940,826,7094,DKI JAKARTA
2020-08-20,488,14,595,-121,25348,17535,840,6973,DKI JAKARTA
2020-08-21,510,15,343,152,25858,17878,855,7125,DKI JAKARTA
2020-08-22,465,11,514,-60,26323,18392,866,7065,DKI JAKARTA
2020-08-23,488,11,566,-89,26811,18958,877,6976,DKI JAKARTA
2020-08-24,510,13,1501,-1004,27321,20459,890,5972,DKI JAKARTA
2020-08-25,523,13,434,76,27844,20893,903,6048,DKI JAKARTA
2020-08-26,560,6,623,-69,28404,21516,909,5979,DKI JAKARTA
2020-08-27,618,8,1240,-630,29022,22756,917,5349,DKI JAKARTA
2020-08-28,709,7,710,-8,29731,23466,924,5341,DKI JAKARTA
2020-08-29,706,14,473,219,30437,23939,938,5560,DKI JAKARTA
2020-08-30,863,6,306,551,31300,24245,944,6111,DKI JAKARTA
2020-08-31,844,13,317,514,32144,24562,957,6625,DKI JAKARTA
2020-09-01,714,14,584,116,32858,25146,971,6741,DKI JAKARTA
2020-09-02,842,15,389,438,33700,25535,986,7179,DKI JAKARTA
2020-09-03,1086,11,560,515,34786,26095,997,7694,DKI JAKARTA
2020-09-04,687,5,649,33,35473,26744,1002,7727,DKI JAKARTA
2020-09-05,707,10,577,120,36180,27321,1012,7847,DKI JAKARTA
2020-09-06,954,9,655,290,37134,27976,1021,8137,DKI JAKARTA
2020-09-07,833,16,548,269,37967,28524,1037,8406,DKI JAKARTA
2020-09-08,814,14,767,33,38781,29291,1051,8439,DKI JAKARTA
2020-09-09,801,14,667,120,39582,29958,1065,8559,DKI JAKARTA
2020-09-10,1028,13,786,229,40610,30744,1078,8788,DKI JAKARTA
2020-09-11,757,15,743,-1,41367,31487,1093,8787,DKI JAKARTA
2020-09-12,960,15,522,423,42327,32009,1108,9210,DKI JAKARTA
2020-09-13,1132,3,764,365,43459,32773,1111,9575,DKI JAKARTA
2020-09-14,716,23,1213,-520,44175,33986,1134,9055,DKI JAKARTA
2020-09-15,829,28,773,28,45004,34759,1162,9083,DKI JAKARTA
2020-09-16,1036,24,919,93,46040,35678,1186,9176,DKI JAKARTA
2020-09-17,904,12,614,278,46944,36292,1198,9454,DKI JAKARTA
2020-09-18,985,16,834,135,47929,37126,1214,9589,DKI JAKARTA
2020-09-19,809,8,817,-16,48738,37943,1222,9573,DKI JAKARTA
2020-09-20,906,11,857,38,49644,38800,1233,9611,DKI JAKARTA
2020-09-21,1087,28,1029,30,50731,39829,1261,9641,DKI JAKARTA
2020-09-22,992,22,670,300,51723,40499,1283,9941,DKI JAKARTA
2020-09-23,914,21,884,9,52637,41383,1304,9950,DKI JAKARTA
2020-09-24,844,18,948,-122,53481,42331,1322,9828,DKI JAKARTA
2020-09-25,923,6,1308,-391,54404,43639,1328,9437,DKI JAKARTA
2020-09-26,1076,6,593,477,55480,44232,1334,9914,DKI JAKARTA
2020-09-27,979,10,1049,-80,56459,45281,1344,9834,DKI JAKARTA
2020-09-28,705,7,1057,-359,57164,46338,1351,9475,DKI JAKARTA
2020-09-29,974,19,890,65,58138,47228,1370,9540,DKI JAKARTA
2020-09-30,921,13,1169,-261,59059,48397,1383,9279,DKI JAKARTA
2020-10-01,993,6,903,84,60052,49300,1389,9363,DKI JAKARTA
2020-10-02,940,3,536,401,60992,49836,1392,9764,DKI JAKARTA
2020-10-03,1053,3,967,83,62045,50803,1395,9847,DKI JAKARTA
2020-10-04,1118,9,821,288,63163,51624,1404,10135,DKI JAKARTA
2020-10-05,826,15,788,23,63989,52412,1419,10158,DKI JAKARTA
2020-10-06,886,23,802,61,64875,53214,1442,10219,DKI JAKARTA
2020-10-07,983,12,795,176,65858,54009,1454,10395,DKI JAKARTA
2020-10-08,945,15,861,69,66803,54870,1469,10464,DKI JAKARTA
2020-10-09,751,16,654,81,67554,55524,1485,10545,DKI JAKARTA
2020-10-10,1022,13,1027,-18,68576,56551,1498,10527,DKI JAKARTA
2020-10-11,1115,13,831,271,69691,57382,1511,10798,DKI JAKARTA
2020-10-12,988,18,897,73,70679,58279,1529,10871,DKI JAKARTA
2020-10-13,834,16,862,-44,71513,59141,1545,10827,DKI JAKARTA
2020-10-14,830,13,974,-157,72343,60115,1558,10670,DKI JAKARTA
2020-10-15,857,18,860,-21,73200,60975,1576,10649,DKI JAKARTA
2020-10-16,859,20,790,49,74059,61765,1596,10698,DKI JAKARTA
2020-10-17,776,17,884,-125,74835,62649,1613,10573,DKI JAKARTA
2020-10-18,761,17,863,-119,75596,63512,1630,10454,DKI JAKARTA
2020-10-19,722,14,923,-215,76318,64435,1644,10239,DKI JAKARTA
2020-10-20,787,18,663,106,77105,65098,1662,10345,DKI JAKARTA
2020-10-21,793,20,845,-72,77898,65943,1682,10273,DKI JAKARTA
2020-10-22,776,11,945,-180,78674,66888,1693,10093,DKI JAKARTA
2020-10-23,776,18,881,-123,79450,67769,1711,9970,DKI JAKARTA
2020-10-24,835,14,926,-105,80285,68695,1725,9865,DKI JAKARTA
2020-10-25,624,15,1000,-391,80909,69695,1740,9474,DKI JAKARTA
2020-10-26,724,10,954,-240,81633,70649,1750,9234,DKI JAKARTA
2020-10-27,614,11,903,-300,82247,71552,1761,8934,DKI JAKARTA
2020-10-28,668,10,858,-200,82915,72410,1771,8734,DKI JAKARTA
2020-10-29,578,14,870,-306,83493,73280,1785,8428,DKI JAKARTA
2020-10-30,491,12,848,-369,83984,74128,1797,8059,DKI JAKARTA
2020-10-31,596,14,824,-242,84580,74952,1811,7817,DKI JAKARTA
2020-11-01,503,17,1181,-695,85083,76133,1828,7122,DKI JAKARTA
2020-11-02,844,15,830,-1,85927,76963,1843,7121,DKI JAKARTA
2020-11-03,495,10,833,-348,86422,77796,1853,6773,DKI JAKARTA
2020-11-04,627,12,737,-122,87049,78533,1865,6651,DKI JAKARTA
2020-11-05,655,11,790,-146,87704,79323,1876,6505,DKI JAKARTA
2020-11-06,530,11,819,-300,88234,80142,1887,6205,DKI JAKARTA
2020-11-07,913,10,777,126,89147,80919,1897,6331,DKI JAKARTA
2020-11-08,666,7,793,-134,89813,81712,1904,6197,DKI JAKARTA
2020-11-09,575,9,901,-335,90388,82613,1913,5862,DKI JAKARTA
2020-11-10,823,10,1026,-213,91211,83639,1923,5649,DKI JAKARTA
2020-11-11,464,11,785,-332,91675,84424,1934,5317,DKI JAKARTA
2020-11-12,674,8,866,-200,92349,85290,1942,5117,DKI JAKARTA
2020-11-13,814,8,10,796,93163,85300,1950,5913,DKI JAKARTA
2020-11-14,1020,4,10,1006,94183,85310,1954,6919,DKI JAKARTA
2020-11-15,937,1,16,920,95120,85326,1955,7839,DKI JAKARTA
2020-11-16,815,2,702,111,95935,86028,1957,7950,DKI JAKARTA
2020-11-17,843,26,678,139,96778,86706,1983,8089,DKI JAKARTA
2020-11-18,935,10,1753,-828,97713,88459,1993,7261,DKI JAKARTA
2020-11-19,927,12,2165,-1250,98640,90624,2005,6011,DKI JAKARTA
2020-11-20,992,0,465,527,99632,91089,2005,6538,DKI JAKARTA
2020-11-21,1280,12,875,393,100912,91964,2017,6931,DKI JAKARTA
2020-11-22,1070,16,861,193,101982,92825,2033,7124,DKI JAKARTA
2020-11-23,809,3,838,-32,102791,93663,2036,7092,DKI JAKARTA
2020-11-24,830,16,891,-77,103621,94554,2052,7015,DKI JAKARTA
2020-11-25,1002,14,884,104,104623,95438,2066,7119,DKI JAKARTA
2020-11-26,843,12,896,-65,105466,96334,2078,7054,DKI JAKARTA
2020-11-27,1157,13,665,479,106623,96999,2091,7533,DKI JAKARTA
2020-11-28,1066,10,989,67,107689,97988,2101,7600,DKI JAKARTA
2020-11-29,1160,17,647,496,108849,98635,2118,8096,DKI JAKARTA
2020-11-30,882,20,724,138,109731,99359,2138,8234,DKI JAKARTA
2020-12-01,858,21,839,-2,110589,100198,2159,8232,DKI JAKARTA
2020-12-02,917,17,872,28,111506,101070,2176,8260,DKI JAKARTA
2020-12-03,914,31,843,40,112420,101913,2207,8300,DKI JAKARTA
2020-12-04,822,20,749,53,113242,102662,2227,8353,DKI JAKARTA
2020-12-05,1103,18,815,270,114345,103477,2245,8623,DKI JAKARTA
2020-12-06,1046,18,834,194,115391,104311,2263,8817,DKI JAKARTA
2020-12-07,1160,20,725,415,116551,105036,2283,9232,DKI JAKARTA
2020-12-08,948,16,963,-31,117499,105999,2299,9201,DKI JAKARTA
2020-12-09,981,13,872,96,118480,106871,2312,9297,DKI JAKARTA
2020-12-10,939,15,843,81,119419,107714,2327,9378,DKI JAKARTA
2020-12-11,983,3,882,98,120402,108596,2330,9476,DKI JAKARTA
2020-12-12,748,13,715,20,121150,109311,2343,9496,DKI JAKARTA
2020-12-13,1029,14,894,121,122179,110205,2357,9617,DKI JAKARTA
2020-12-14,1226,15,1165,46,123405,111370,2372,9663,DKI JAKARTA
2020-12-15,909,16,918,-25,124314,112288,2388,9638,DKI JAKARTA
2020-12-16,967,16,895,56,125281,113183,2404,9694,DKI JAKARTA
2020-12-17,1356,17,1085,254,126637,114268,2421,9948,DKI JAKARTA
2020-12-18,1253,18,988,247,127890,115256,2439,10195,DKI JAKARTA
2020-12-19,1507,17,882,608,129397,116138,2456,10803,DKI JAKARTA
2020-12-20,1313,16,1493,-196,130710,117631,2472,10607,DKI JAKARTA
2020-12-21,1199,12,1086,101,131909,118717,2484,10708,DKI JAKARTA
2020-12-22,1052,11,1087,-46,132961,119804,2495,10662,DKI JAKARTA
2020-12-23,1587,13,1181,393,134548,120985,2508,11055,DKI JAKARTA
2020-12-24,1531,14,1080,437,136079,122065,2522,11492,DKI JAKARTA
2020-12-25,1645,19,1365,261,137724,123430,2541,11753,DKI JAKARTA
2020-12-26,1671,9,2036,-374,139395,125466,2550,11379,DKI JAKARTA
2020-12-27,1620,17,1452,151,141015,126918,2567,11530,DKI JAKARTA
2020-12-28,1358,16,1408,-66,142373,128326,2583,11464,DKI JAKARTA
2020-12-29,1627,13,823,791,144000,129149,2596,12255,DKI JAKARTA
2020-12-30,1638,16,1261,361,145638,130410,2612,12616,DKI JAKARTA
2020-12-31,1614,17,1585,12,147252,131995,2629,12628,DKI JAKARTA
2021-01-01,1555,16,1310,229,148807,133305,2645,12857,DKI JAKARTA
2021-01-02,1550,20,1795,-265,150357,135100,2665,12592,DKI JAKARTA
2021-01-03,1342,10,1367,-35,151699,136467,2675,12557,DKI JAKARTA
2021-01-04,1488,19,2059,-590,153187,138526,2694,11967,DKI JAKARTA
2021-01-05,1480,14,1082,384,154667,139608,2708,12351,DKI JAKARTA
2021-01-06,1920,13,850,1057,156587,140458,2721,13408,DKI JAKARTA
2021-01-07,1886,16,1173,697,158473,141631,2737,14105,DKI JAKARTA
2021-01-08,2373,19,2141,213,160846,143772,2756,14318,DKI JAKARTA
2021-01-09,2176,19,1682,475,163022,145454,2775,14793,DKI JAKARTA
2021-01-10,2148,24,2347,-223,165170,147801,2799,14570,DKI JAKARTA
2021-01-11,1960,22,2045,-107,167130,149846,2821,14463,DKI JAKARTA
2021-01-12,2123,31,1332,760,169253,151178,2852,15223,DKI JAKARTA
2021-01-13,2787,36,2376,375,172040,153554,2888,15598,DKI JAKARTA
2021-01-14,2549,35,1647,867,174589,155201,2923,16465,DKI JAKARTA
2021-01-15,2031,32,1974,25,176620,157175,2955,16490,DKI JAKARTA
2021-01-16,2811,23,1409,1379,179431,158584,2978,17869,DKI JAKARTA
2021-01-17,2694,25,3011,-342,182125,161595,3003,17527,DKI JAKARTA
2021-01-18,1904,32,2207,-335,184029,163802,3035,17192,DKI JAKARTA
2021-01-19,2063,32,1988,43,186092,165790,3067,17235,DKI JAKARTA
2021-01-20,3004,28,3027,-51,189096,168817,3095,17184,DKI JAKARTA
2021-01-21,2517,22,2067,428,191613,170884,3117,17612,DKI JAKARTA
2021-01-22,3039,33,1737,1269,194652,172621,3150,18881,DKI JAKARTA
2021-01-23,2637,21,2782,-166,197289,175403,3171,18715,DKI JAKARTA
2021-01-24,2807,31,1863,913,200096,177266,3202,19628,DKI JAKARTA
2021-01-25,1988,34,1974,-20,202084,179240,3236,19608,DKI JAKARTA
2021-01-26,1864,42,2380,-558,203948,181620,3278,19050,DKI JAKARTA
2021-01-27,1449,30,2367,-948,205397,183987,3308,18102,DKI JAKARTA
2021-01-28,2369,31,2158,180,207766,186145,3339,18282,DKI JAKARTA
2021-01-29,2764,35,1941,788,210530,188086,3374,19070,DKI JAKARTA
2021-01-30,2819,25,2860,-66,213349,190946,3399,19004,DKI JAKARTA
2021-01-31,2775,37,2698,40,216124,193644,3436,19044,DKI JAKARTA
2021-02-01,2882,37,1864,981,219006,195508,3473,20025,DKI JAKARTA
2021-02-02,2676,33,3702,-1059,221682,199210,3506,18966,DKI JAKARTA
2021-02-03,2858,36,1119,1703,224540,200329,3542,20669,DKI JAKARTA
2021-02-04,2853,34,3189,-370,227393,203518,3576,20299,DKI JAKARTA
2021-02-05,2712,38,2005,669,230105,205523,3614,20968,DKI JAKARTA
2021-02-06,1905,35,3556,-1686,232010,209079,3649,19282,DKI JAKARTA
2021-02-07,3401,31,3465,-95,235411,212544,3680,19187,DKI JAKARTA
2021-02-08,2496,36,2713,-253,237907,215257,3716,18934,DKI JAKARTA
2021-02-09,2734,45,2206,483,240641,217463,3761,19417,DKI JAKARTA
2021-02-10,2680,36,2599,45,243321,220062,3797,19462,DKI JAKARTA
2021-02-11,2003,41,3239,-1277,245324,223301,3838,18185,DKI JAKARTA
2021-02-12,3058,40,4556,-1538,248382,227857,3878,16647,DKI JAKARTA
2021-02-13,2444,45,4023,-1624,250826,231880,3923,15023,DKI JAKARTA
2021-02-14,1983,37,3169,-1223,252809,235049,3960,13800,DKI JAKARTA
2021-02-15,1488,35,1666,-213,254297,236715,3995,13587,DKI JAKARTA
2021-02-16,1481,52,1250,179,255778,237965,4047,13766,DKI JAKARTA
2021-02-17,1167,23,2088,-944,256945,240053,4070,12822,DKI JAKARTA
2021-02-18,287,30,2169,-1912,257232,242222,4100,10910,DKI JAKARTA
2021-02-19,1546,6,2239,-699,258778,244461,4106,10211,DKI JAKARTA
2021-02-20,2319,30,2012,277,261097,246473,4136,10488,DKI JAKARTA
2021-02-21,2189,46,2132,11,263286,248605,4182,10499,DKI JAKARTA
2021-02-22,1950,33,1815,102,265236,250420,4215,10601,DKI JAKARTA
2021-02-23,633,37,1642,-1046,265869,252062,4252,9555,DKI JAKARTA
2021-02-24,631,33,1483,-885,266500,253545,4285,8670,DKI JAKARTA
2021-02-25,1288,47,2143,-902,267788,255688,4332,7768,DKI JAKARTA
2021-02-26,1345,35,1494,-184,269133,257182,4367,7584,DKI JAKARTA
2021-02-27,1384,32,934,418,270517,258116,4399,8002,DKI JAKARTA
2021-02-28,1691,35,729,927,272208,258845,4434,8929,DKI JAKARTA
2021-03-01,1642,44,2490,-892,273850,261335,4478,8037,DKI JAKARTA
2021-03-02,464,24,1735,-1295,274314,263070,4502,6742,DKI JAKARTA
2021-03-03,1135,31,2029,-925,275449,265099,4533,5817,DKI JAKARTA
2021-03-04,1588,42,1393,153,277037,266492,4575,5970,DKI JAKARTA
2021-03-05,949,37,1038,-126,277986,267530,4612,5844,DKI JAKARTA
2021-03-06,1311,35,1265,11,279297,268795,4647,5855,DKI JAKARTA
2021-03-07,1446,40,1385,21,280743,270180,4687,5876,DKI JAKARTA
2021-03-08,1419,37,1348,34,282162,271528,4724,5910,DKI JAKARTA
2021-03-09,710,39,1291,-620,282872,272819,4763,5290,DKI JAKARTA
2021-03-10,848,33,1217,-402,283720,274036,4796,4888,DKI JAKARTA
2021-03-11,1395,20,784,591,285115,274820,4816,5479,DKI JAKARTA
2021-03-12,1497,42,987,468,286612,275807,4858,5947,DKI JAKARTA
2021-03-13,852,9,456,387,287464,276263,4867,6334,DKI JAKARTA
2021-03-14,961,25,1902,-966,288425,278165,4892,5368,DKI JAKARTA
2021-03-15,1229,32,1421,-224,289654,279586,4924,5144,DKI JAKARTA
2021-03-16,661,18,1204,-561,290315,280790,4942,4583,DKI JAKARTA
2021-03-17,1063,3,931,129,291378,281721,4945,4712,DKI JAKARTA
2021-03-18,1384,17,961,406,292762,282682,4962,5118,DKI JAKARTA
2021-03-19,1280,20,929,331,294042,283611,4982,5449,DKI JAKARTA
2021-03-20,1553,17,948,588,295595,284559,4999,6037,DKI JAKARTA
2021-03-21,1280,15,1496,-231,296875,286055,5014,5806,DKI JAKARTA
2021-03-22,1138,5,1380,-247,298013,287435,5019,5559,DKI JAKARTA
2021-03-23,658,10,1355,-707,298671,288790,5029,4852,DKI JAKARTA
2021-03-24,717,6,1593,-882,299388,290383,5035,3970,DKI JAKARTA
2021-03-25,1417,10,392,1015,300805,290775,5045,4985,DKI JAKARTA
2021-03-26,1082,9,719,354,301887,291494,5054,5339,DKI JAKARTA
2021-03-27,1099,13,448,638,302986,291942,5067,5977,DKI JAKARTA
2021-03-28,1190,17,920,253,304176,292862,5084,6230,DKI JAKARTA
2021-03-29,799,15,855,-71,304975,293717,5099,6159,DKI JAKARTA
2021-03-30,314,15,899,-600,305289,294616,5114,5559,DKI JAKARTA
2021-03-31,777,0,872,-95,306066,295488,5114,5464,DKI JAKARTA
2021-04-01,1083,16,784,283,307149,296272,5130,5747,DKI JAKARTA
2021-04-02,971,6,1021,-56,308120,297293,5136,5691,DKI JAKARTA
2021-04-03,879,2,486,391,308999,297779,5138,6082,DKI JAKARTA
2021-04-04,578,6,1300,-728,309577,299079,5144,5354,DKI JAKARTA
2021-04-05,404,3,933,-532,309981,300012,5147,4822,DKI JAKARTA
2021-04-06,387,4,484,-101,310368,300496,5151,4721,DKI JAKARTA
2021-04-07,711,6,558,147,311079,301054,5157,4868,DKI JAKARTA
2021-04-08,977,3,387,587,312056,301441,5160,5455,DKI JAKARTA
2021-04-09,790,9,513,268,312846,301954,5169,5723,DKI JAKARTA
2021-04-10,775,4,657,114,313621,302611,5173,5837,DKI JAKARTA
2021-04-11,826,6,1121,-301,314447,303732,5179,5536,DKI JAKARTA
2021-04-12,556,5,1064,-513,315003,304796,5184,5023,DKI JAKARTA
2021-04-13,662,6,727,-71,315665,305523,5190,4952,DKI JAKARTA
2021-04-14,527,6,500,21,316192,306023,5196,4973,DKI JAKARTA
2021-04-15,1056,5,551,500,317248,306574,5201,5473,DKI JAKARTA
2021-04-16,779,14,669,96,318027,307243,5215,5569,DKI JAKARTA
2021-04-17,823,12,798,13,318850,308041,5227,5582,DKI JAKARTA
2021-04-18,743,10,775,-42,319593,308816,5237,5540,DKI JAKARTA
2021-04-19,772,10,786,-24,320365,309602,5247,5516,DKI JAKARTA
2021-04-20,370,13,723,-366,320735,310325,5260,5150,DKI JAKARTA
2021-04-21,489,11,451,27,321224,310776,5271,5177,DKI JAKARTA
2021-04-22,1027,6,513,508,322251,311289,5277,5685,DKI JAKARTA
2021-04-23,708,14,595,99,322959,311884,5291,5784,DKI JAKARTA
2021-04-24,730,10,699,21,323689,312583,5301,5805,DKI JAKARTA
2021-04-25,724,12,744,-32,324413,313327,5313,5773,DKI JAKARTA
2021-04-26,582,12,1066,-496,324995,314393,5325,5277,DKI JAKARTA
2021-04-27,321,13,470,-162,325316,314863,5338,5115,DKI JAKARTA
2021-04-28,521,12,550,-41,325837,315413,5350,5074,DKI JAKARTA
2021-04-29,776,19,394,363,326613,315807,5369,5437,DKI JAKARTA
2021-04-30,657,4,424,229,327270,316231,5373,5666,DKI JAKARTA
2021-05-01,749,14,645,90,328019,316876,5387,5756,DKI JAKARTA
2021-05-02,672,7,792,-127,328691,317668,5394,5629,DKI JAKARTA
2021-05-03,610,17,547,46,329301,318215,5411,5675,DKI JAKARTA
2021-05-04,348,14,479,-145,329649,318694,5425,5530,DKI JAKARTA
2021-05-05,661,11,547,103,330310,319241,5436,5633,DKI JAKARTA
2021-05-06,714,17,461,236,331024,319702,5453,5869,DKI JAKARTA
2021-05-07,634,18,469,147,331658,320171,5471,6016,DKI JAKARTA
2021-05-08,579,18,461,100,332237,320632,5489,6116,DKI JAKARTA
2021-05-09,634,12,562,60,332871,321194,5501,6176,DKI JAKARTA
2021-05-10,546,19,501,26,333417,321695,5520,6202,DKI JAKARTA
2021-05-11,323,16,532,-225,333740,322227,5536,5977,DKI JAKARTA
2021-05-12,521,13,541,-33,334261,322768,5549,5944,DKI JAKARTA
2021-05-13,626,12,451,163,334887,323219,5561,6107,DKI JAKARTA
2021-05-14,513,14,450,49,335400,323669,5575,6156,DKI JAKARTA
2021-05-15,185,11,481,-307,335585,324150,5586,5849,DKI JAKARTA
2021-05-16,134,12,454,-332,335719,324604,5598,5517,DKI JAKARTA
2021-05-17,328,24,0,304,336047,324604,5622,5821,DKI JAKARTA
2021-05-18,173,11,145,17,336220,324749,5633,5838,DKI JAKARTA
2021-05-19,470,16,161,293,336690,324910,5649,6131,DKI JAKARTA
2021-05-20,707,20,77,610,337397,324987,5669,6741,DKI JAKARTA
2021-05-21,696,15,75,606,338093,325062,5684,7347,DKI JAKARTA
2021-05-22,740,12,316,412,338833,325378,5696,7759,DKI JAKARTA
2021-05-23,692,10,272,410,339525,325650,5706,8169,DKI JAKARTA
2021-05-24,653,9,229,415,340178,325879,5715,8584,DKI JAKARTA
2021-05-25,316,12,405,-101,340494,326284,5727,8483,DKI JAKARTA
2021-05-26,486,8,405,73,340980,326689,5735,8556,DKI JAKARTA
2021-05-27,756,12,464,280,341736,327153,5747,8836,DKI JAKARTA
2021-05-28,479,14,721,-256,342215,327874,5761,8580,DKI JAKARTA
2021-05-29,709,11,793,-95,342924,328667,5772,8485,DKI JAKARTA
2021-05-30,855,11,811,33,343779,329478,5783,8518,DKI JAKARTA
2021-05-31,574,10,475,89,344353,329953,5793,8607,DKI JAKARTA
2021-06-01,422,8,400,14,344775,330353,5801,8621,DKI JAKARTA
2021-06-02,492,16,451,25,345267,330804,5817,8646,DKI JAKARTA
2021-06-03,577,16,385,176,345844,331189,5833,8822,DKI JAKARTA
2021-06-04,705,16,650,39,346549,331839,5849,8861,DKI JAKARTA
2021-06-05,1062,17,675,370,347611,332514,5866,9231,DKI JAKARTA
2021-06-06,797,16,702,79,348408,333216,5882,9310,DKI JAKARTA
2021-06-07,955,18,693,244,349363,333909,5900,9554,DKI JAKARTA
2021-06-08,593,16,772,-195,349956,334681,5916,9359,DKI JAKARTA
2021-06-09,1109,8,891,210,351065,335572,5924,9569,DKI JAKARTA
2021-06-10,1654,17,870,767,352719,336442,5941,10336,DKI JAKARTA
2021-06-11,1815,15,955,845,354534,337397,5956,11181,DKI JAKARTA
2021-06-12,1956,17,591,1348,356490,337988,5973,12529,DKI JAKARTA
2021-06-13,2189,17,746,1426,358679,338734,5990,13955,DKI JAKARTA
2021-06-14,2160,27,848,1285,360839,339582,6017,15240,DKI JAKARTA
2021-06-15,1178,16,928,234,362017,340510,6033,15474,DKI JAKARTA
2021-06-16,1890,32,1024,834,363907,341534,6065,16308,DKI JAKARTA
2021-06-17,3273,42,1487,1744,367180,343021,6107,18052,DKI JAKARTA
2021-06-18,3823,52,1687,2084,371003,344708,6159,20136,DKI JAKARTA
2021-06-19,3899,48,1922,1929,374902,346630,6207,22065,DKI JAKARTA
2021-06-20,4479,61,1959,2459,379381,348589,6268,24524,DKI JAKARTA
2021-06-21,4040,57,2237,1746,383421,350826,6325,26270,DKI JAKARTA
2021-06-22,2594,52,2762,-220,386015,353588,6377,26050,DKI JAKARTA
2021-06-23,3760,35,946,2779,389775,354534,6412,28829,DKI JAKARTA
2021-06-24,5940,40,1911,3989,395715,356445,6452,32818,DKI JAKARTA
2021-06-25,5513,56,2047,3410,401228,358492,6508,36228,DKI JAKARTA
2021-06-26,7455,45,2143,5267,408683,360635,6553,41495,DKI JAKARTA
2021-06-27,7433,43,2818,4572,416116,363453,6596,46067,DKI JAKARTA
2021-06-28,6646,63,2739,3844,422762,366192,6659,49911,DKI JAKARTA
2021-06-29,5867,63,2802,3002,428629,368994,6722,52913,DKI JAKARTA
2021-06-30,6212,52,2830,3330,434841,371824,6774,56243,DKI JAKARTA
2021-07-01,6014,37,2828,3149,440855,374652,6811,59392,DKI JAKARTA
2021-07-02,7500,53,4034,3413,448355,378686,6864,62805,DKI JAKARTA
2021-07-03,7808,12,4557,3239,456163,383243,6876,66044,DKI JAKARTA
2021-07-04,8365,56,4623,3686,464528,387866,6932,69730,DKI JAKARTA
2021-07-05,8737,99,5233,3405,473265,393099,7031,73135,DKI JAKARTA
2021-07-06,7524,108,4878,2538,480789,397977,7139,75673,DKI JAKARTA
2021-07-07,7474,108,2925,4441,488263,400902,7247,80114,DKI JAKARTA
2021-07-08,10391,115,8600,1676,498654,409502,7362,81790,DKI JAKARTA
2021-07-09,10528,107,12020,-1599,509182,421522,7469,80191,DKI JAKARTA
2021-07-10,10397,74,13468,-3145,519579,434990,7543,77046,DKI JAKARTA
2021-07-11,10481,33,16452,-6004,530060,451442,7576,71042,DKI JAKARTA
2021-07-12,11743,117,16413,-4787,541803,467855,7693,66255,DKI JAKARTA
2021-07-13,9648,55,3648,5945,551451,471503,7748,72200,DKI JAKARTA
2021-07-14,10206,47,2427,7732,561657,473930,7795,79932,DKI JAKARTA
2021-07-15,10264,120,2409,7735,571921,476339,7915,87667,DKI JAKARTA
2021-07-16,9952,105,6766,3081,581873,483105,8020,90748,DKI JAKARTA
2021-07-17,8127,54,9355,-1282,590000,492460,8074,89466,DKI JAKARTA
2021-07-18,7251,125,9453,-2327,597251,501913,8199,87139,DKI JAKARTA
2021-07-19,3997,204,10157,-6364,601248,512070,8403,80775,DKI JAKARTA
2021-07-20,4939,197,9777,-5035,606187,521847,8600,75740,DKI JAKARTA
2021-07-21,4766,80,8366,-3680,610953,530213,8680,72060,DKI JAKARTA
2021-07-22,5640,156,8487,-3003,616593,538700,8836,69057,DKI JAKARTA
2021-07-23,6421,113,11585,-5277,623014,550285,8949,63780,DKI JAKARTA
2021-07-24,6670,124,11659,-5113,629684,561944,9073,58667,DKI JAKARTA
2021-07-25,4356,134,11468,-7246,634040,573412,9207,51421,DKI JAKARTA
2021-07-26,2148,122,11763,-9737,636188,585175,9329,41684,DKI JAKARTA
2021-07-27,2823,153,11902,-9232,639011,597077,9482,32452,DKI JAKARTA
2021-07-28,4391,59,8684,-4352,643402,605761,9541,28100,DKI JAKARTA
2021-07-29,3102,23,9163,-6084,646504,614924,9564,22016,DKI JAKARTA
2021-07-30,2772,32,8905,-6165,649276,623829,9596,15851,DKI JAKARTA
2021-07-31,2664,203,3967,-1506,651940,627796,9799,14345,DKI JAKARTA
2021-08-01,2172,63,3655,-1546,654112,631451,9862,12799,DKI JAKARTA
2021-08-02,1151,123,1716,-688,655263,633167,9985,12111,DKI JAKARTA
2021-08-03,1306,55,1993,-742,656569,635160,10040,11369,DKI JAKARTA
2021-08-04,2410,51,2034,325,658979,637194,10091,11694,DKI JAKARTA
2021-08-05,1839,106,2199,-466,660818,639393,10197,11228,DKI JAKARTA
2021-08-06,1759,41,2555,-837,662577,641948,10238,10391,DKI JAKARTA
2021-08-07,1586,54,3695,-2163,664163,645643,10292,8228,DKI JAKARTA
2021-08-08,1299,17,978,304,665462,646621,10309,8532,DKI JAKARTA
2021-08-09,575,10,831,-266,666037,647452,10319,8266,DKI JAKARTA
2021-08-10,1157,35,937,185,667194,648389,10354,8451,DKI JAKARTA
2021-08-11,1615,36,1050,529,668809,649439,10390,8980,DKI JAKARTA
2021-08-12,868,38,1991,-1161,669677,651430,10428,7819,DKI JAKARTA
2021-08-13,964,56,1246,-338,670641,652676,10484,7481,DKI JAKARTA
2021-08-14,1088,21,950,117,671729,653626,10505,7598,DKI JAKARTA
2021-08-15,945,15,845,85,672674,654471,10520,7683,DKI JAKARTA
2021-08-16,394,22,738,-366,673068,655209,10542,7317,DKI JAKARTA
2021-08-17,532,19,757,-244,673600,655966,10561,7073,DKI JAKARTA
2021-08-18,810,9,718,83,674410,656684,10570,7156,DKI JAKARTA
2021-08-19,596,28,778,-210,675006,657462,10598,6946,DKI JAKARTA
2021-08-20,758,9,779,-30,675764,658241,10607,6916,DKI JAKARTA
2021-08-21,687,12,734,-59,676451,658975,10619,6857,DKI JAKARTA
2021-08-22,554,24,710,-180,677005,659685,10643,6677,DKI JAKARTA
2021-08-23,373,16,512,-155,677378,660197,10659,6522,DKI JAKARTA
2021-08-24,379,8,424,-53,677757,660621,10667,6469,DKI JAKARTA
2021-08-25,651,6,566,79,678408,661187,10673,6548,DKI JAKARTA
2021-08-26,448,6,811,-369,678856,661998,10679,6179,DKI JAKARTA
2021-08-27,500,9,287,204,679356,662285,10688,6383,DKI JAKARTA
2021-08-28,364,10,363,-9,679720,662648,10698,6374,DKI JAKARTA
2021-08-29,382,4,551,-173,680102,663199,10702,6201,DKI JAKARTA
2021-08-30,277,4,711,-438,680379,663910,10706,5763,DKI JAKARTA
2021-08-31,331,24,425,-118,680710,664335,10730,5645,DKI JAKARTA
2021-09-01,519,7,845,-333,681229,665180,10737,5312,DKI JAKARTA
2021-09-02,328,7,657,-336,681557,665837,10744,4976,DKI JAKARTA
2021-09-03,284,10,641,-367,681841,666478,10754,4609,DKI JAKARTA
2021-09-04,283,7,380,-104,682124,666858,10761,4505,DKI JAKARTA
2021-09-05,247,9,264,-26,682371,667122,10770,4479,DKI JAKARTA
2021-09-06,173,12,595,-434,682544,667717,10782,4045,DKI JAKARTA
2021-09-07,210,11,416,-217,682754,668133,10793,3828,DKI JAKARTA
2021-09-08,351,12,522,-183,683105,668655,10805,3645,DKI JAKARTA
2021-09-09,250,9,381,-140,683355,669036,10814,3505,DKI JAKARTA
2021-09-10,206,9,376,-179,683561,669412,10823,3326,DKI JAKARTA
2021-09-11,216,15,328,-127,683777,669740,10838,3199,DKI JAKARTA
2021-09-12,242,5,246,-9,684019,669986,10843,3190,DKI JAKARTA
2021-09-13,159,6,354,-201,684178,670340,10849,2989,DKI JAKARTA
2021-09-14,154,3,378,-227,684332,670718,10852,2762,DKI JAKARTA
2021-09-15,263,7,414,-158,684595,671132,10859,2604,DKI JAKARTA
2021-09-16,146,7,161,-22,684741,671293,10866,2582,DKI JAKARTA
2021-09-17,168,3,300,-135,684909,671593,10869,2447,DKI JAKARTA
2021-09-18,165,4,195,-34,685074,671788,10873,2413,DKI JAKARTA
2021-09-19,118,4,67,47,685192,671855,10877,2460,DKI JAKARTA
2021-09-20,70,3,413,-346,685262,672268,10880,2114,DKI JAKARTA
2021-09-21,80,3,255,-178,685342,672523,10883,1936,DKI JAKARTA
2021-09-22,175,3,226,-54,685517,672749,10886,1882,DKI JAKARTA
2021-09-23,124,2,214,-92,685641,672963,10888,1790,DKI JAKARTA
2021-09-24,150,4,258,-112,685791,673221,10892,1678,DKI JAKARTA
2021-09-25,109,1,166,-58,685900,673387,10893,1620,DKI JAKARTA
2021-09-26,139,3,107,29,686039,673494,10896,1649,DKI JAKARTA
2021-09-27,86,3,216,-133,686125,673710,10899,1516,DKI JAKARTA
2021-09-28,87,3,145,-61,686212,673855,10902,1455,DKI JAKARTA
2021-09-29,142,5,156,-19,686354,674011,10907,1436,DKI JAKARTA
2021-09-30,118,3,160,-45,686472,674171,10910,1391,DKI JAKARTA
2021-10-01,116,3,105,8,686588,674276,10913,1399,DKI JAKARTA
2021-10-02,125,3,124,-2,686713,674400,10916,1397,DKI JAKARTA
2021-10-03,104,4,66,34,686817,674466,10920,1431,DKI JAKARTA
2021-10-04,118,1,131,-14,686935,674597,10921,1417,DKI JAKARTA
2021-10-05,54,3,123,-72,686989,674720,10924,1345,DKI JAKARTA
2021-10-06,160,3,127,30,687149,674847,10927,1375,DKI JAKARTA
2021-10-07,120,1,88,31,687269,674935,10928,1406,DKI JAKARTA
2021-10-08,119,0,250,-131,687388,675185,10928,1275,DKI JAKARTA
2021-10-09,86,0,2,84,687474,675187,10928,1359,DKI JAKARTA
2021-10-10,111,2,58,51,687585,675245,10930,1410,DKI JAKARTA
2021-10-11,30,2,248,-220,687615,675493,10932,1190,DKI JAKARTA
2021-10-12,109,1,266,-158,687724,675759,10933,1032,DKI JAKARTA
2021-10-13,214,0,159,55,687938,675918,10933,1087,DKI JAKARTA
2021-10-14,89,0,78,11,688027,675996,10933,1098,DKI JAKARTA
2021-10-15,86,0,51,35,688113,676047,10933,1133,DKI JAKARTA
2021-10-16,123,1,170,-48,688236,676217,10934,1085,DKI JAKARTA
2021-10-17,104,0,106,-2,688340,676323,10934,1083,DKI JAKARTA
2021-10-18,86,1,117,-32,688426,676440,10935,1051,DKI JAKARTA
2021-10-19,79,0,102,-23,688505,676542,10935,1028,DKI JAKARTA
2021-10-20,82,0,101,-19,688587,676643,10935,1009,DKI JAKARTA
2021-10-21,64,1,119,-56,688651,676762,10936,953,DKI JAKARTA
2021-10-22,70,0,62,8,688721,676824,10936,961,DKI JAKARTA
2021-10-23,92,1,130,-39,688813,676954,10937,922,DKI JAKARTA
2021-10-24,102,1,105,-4,688915,677059,10938,918,DKI JAKARTA
2021-10-25,68,1,117,-50,688983,677176,10939,868,DKI JAKARTA
2021-10-26,28,0,82,-54,689011,677258,10939,814,DKI JAKARTA
2021-10-27,87,1,111,-25,689098,677369,10940,789,DKI JAKARTA
2021-10-28,103,0,81,22,689201,677450,10940,811,DKI JAKARTA
2021-10-29,82,0,91,-9,689283,677541,10940,802,DKI JAKARTA
2021-10-30,74,1,111,-38,689357,677652,10941,764,DKI JAKARTA
2021-10-31,86,1,60,25,689443,677712,10942,789,DKI JAKARTA
2021-11-01,66,0,37,29,689509,677749,10942,818,DKI JAKARTA
2021-11-02,60,0,99,-39,689569,677848,10942,779,DKI JAKARTA
2021-11-03,111,1,80,30,689680,677928,10943,809,DKI JAKARTA
2021-11-04,88,0,38,50,689768,677966,10943,859,DKI JAKARTA
2021-11-05,86,1,27,58,689854,677993,10944,917,DKI JAKARTA
2021-11-06,54,1,208,-155,689908,678201,10945,762,DKI JAKARTA
2021-11-07,96,0,91,5,690004,678292,10945,767,DKI JAKARTA
2021-11-08,27,0,62,-35,690031,678354,10945,732,DKI JAKARTA
2021-11-09,77,0,112,-35,690108,678466,10945,697,DKI JAKARTA
2021-11-10,72,0,46,26,690180,678512,10945,723,DKI JAKARTA
2021-11-11,84,1,79,4,690264,678591,10946,727,DKI JAKARTA
2021-11-12,57,0,144,-87,690321,678735,10946,640,DKI JAKARTA
2021-11-13,46,0,71,-25,690367,678806,10946,615,DKI JAKARTA
2021-11-14,80,1,94,-15,690447,678900,10947,600,DKI JAKARTA
2021-11-15,26,1,64,-39,690473,678964,10948,561,DKI JAKARTA
2021-11-16,64,0,89,-25,690537,679053,10948,536,DKI JAKARTA
2021-11-17,109,1,137,-29,690646,679190,10949,507,DKI JAKARTA
2021-11-18,79,0,108,-29,690725,679298,10949,478,DKI JAKARTA
2021-11-19,80,2,84,-6,690805,679382,10951,472,DKI JAKARTA
2021-11-20,88,1,134,-47,690893,679516,10952,425,DKI JAKARTA
2021-11-21,91,0,96,-5,690984,679612,10952,420,DKI JAKARTA
2021-11-22,18,0,39,-21,691002,679651,10952,399,DKI JAKARTA
2021-11-23,54,0,37,17,691056,679688,10952,416,DKI JAKARTA
2021-11-24,68,1,88,-21,691124,679776,10953,395,DKI JAKARTA
2021-11-25,39,1,32,6,691163,679808,10954,401,DKI JAKARTA
2021-11-26,60,0,45,15,691223,679853,10954,416,DKI JAKARTA
2021-11-27,46,0,68,-22,691269,679921,10954,394,DKI JAKARTA
2021-11-28,45,0,41,4,691314,679962,10954,398,DKI JAKARTA
2021-11-29,34,0,58,-24,691348,680020,10954,374,DKI JAKARTA
2021-11-30,34,0,0,34,691382,680020,10954,408,DKI JAKARTA
2021-12-01,52,0,58,-6,691434,680078,10954,402,DKI JAKARTA
2021-12-02,22,0,56,-34,691456,680134,10954,368,DKI JAKARTA
2021-12-03,32,0,49,-17,691488,680183,10954,351,DKI JAKARTA
2021-12-04,38,0,51,-13,691526,680234,10954,338,DKI JAKARTA
2021-12-05,34,1,53,-20,691560,680287,10955,318,DKI JAKARTA
2021-12-06,12,2,45,-35,691572,680332,10957,283,DKI JAKARTA
2021-12-07,28,1,30,-3,691600,680362,10958,280,DKI JAKARTA
2021-12-08,36,1,34,1,691636,680396,10959,281,DKI JAKARTA
2021-12-09,30,1,57,-28,691666,680453,10960,253,DKI JAKARTA
2021-12-10,21,0,27,-6,691687,680480,10960,247,DKI JAKARTA
2021-12-11,25,0,32,-7,691712,680512,10960,240,DKI JAKARTA
2021-12-12,27,0,30,-3,691739,680542,10960,237,DKI JAKARTA
2021-12-13,14,0,35,-21,691753,680577,10960,216,DKI JAKARTA
2021-12-14,14,0,19,-5,691767,680596,10960,211,DKI JAKARTA
2021-12-15,14,0,23,-9,691781,680619,10960,202,DKI JAKARTA
2021-12-16,26,0,33,-7,691807,680652,10960,195,DKI JAKARTA
2021-12-17,34,0,26,8,691841,680678,10960,203,DKI JAKARTA
2021-12-18,62,0,25,37,691903,680703,10960,240,DKI JAKARTA
2021-12-19,37,0,37,0,691940,680740,10960,240,DKI JAKARTA
2021-12-20,25,0,19,6,691965,680759,10960,246,DKI JAKARTA
2021-12-21,45,2,18,25,692010,680777,10962,271,DKI JAKARTA
2021-12-22,34,1,13,20,692044,680790,10963,291,DKI JAKARTA
2021-12-23,13,0,32,-19,692057,680822,10963,272,DKI JAKARTA
2021-12-24,52,0,25,27,692109,680847,10963,299,DKI JAKARTA
2021-12-25,67,0,39,28,692176,680886,10963,327,DKI JAKARTA
2021-12-26,39,0,20,19,692215,680906,10963,346,DKI JAKARTA
2021-12-27,33,0,77,-44,692248,680983,10963,302,DKI JAKARTA
2021-12-28,69,3,104,-38,692317,681087,10966,264,DKI JAKARTA
2021-12-29,23,0,0,23,692340,681087,10966,287,DKI JAKARTA
2021-12-30,40,0,0,40,692380,681087,10966,327,DKI JAKARTA
2021-12-31,71,1,0,70,692451,681087,10967,397,DKI JAKARTA
2022-01-01,93,0,32,61,692544,681119,10967,458,DKI JAKARTA
2022-01-02,81,0,88,-7,692625,681207,10967,451,DKI JAKARTA
2022-01-03,135,0,20,115,692760,681227,10967,566,DKI JAKARTA
2022-01-04,90,0,34,56,692850,681261,10967,622,DKI JAKARTA
2022-01-05,202,0,51,151,693052,681312,10967,773,DKI JAKARTA
2022-01-06,216,0,37,179,693268,681349,10967,952,DKI JAKARTA
2022-01-07,240,0,63,177,693508,681412,10967,1129,DKI JAKARTA
2022-01-08,218,0,60,158,693726,681472,10967,1287,DKI JAKARTA
2022-01-09,321,0,89,232,694047,681561,10967,1519,DKI JAKARTA
2022-01-10,298,0,79,219,694345,681640,10967,1738,DKI JAKARTA
2022-01-11,445,0,143,302,694790,681783,10967,2040,DKI JAKARTA
2022-01-12,328,0,109,219,695118,681892,10967,2259,DKI JAKARTA
2022-01-13,356,0,240,116,695474,682132,10967,2375,DKI JAKARTA
2022-01-14,453,1,134,318,695927,682266,10968,2693,DKI JAKARTA
2022-01-15,584,0,219,365,696511,682485,10968,3058,DKI JAKARTA
2022-01-16,452,0,500,-48,696963,682985,10968,3010,DKI JAKARTA
2022-01-17,395,0,296,99,697358,683281,10968,3109,DKI JAKARTA
2022-01-18,532,0,258,274,697890,683539,10968,3383,DKI JAKARTA
2022-01-19,798,0,318,480,698688,683857,10968,3863,DKI JAKARTA
2022-01-20,949,0,349,600,699637,684206,10968,4463,DKI JAKARTA
2022-01-21,1203,0,498,705,700840,684704,10968,5168,DKI JAKARTA
2022-01-22,1472,0,385,1087,702312,685089,10968,6255,DKI JAKARTA
2022-01-23,1398,3,414,981,703710,685503,10971,7236,DKI JAKARTA
2022-01-24,1580,0,463,1117,705290,685966,10971,8353,DKI JAKARTA
2022-01-25,1765,12,362,1391,707055,686328,10983,9744,DKI JAKARTA
2022-01-26,2756,3,1200,1553,709811,687528,10986,11297,DKI JAKARTA
2022-01-27,3368,0,1020,2348,713179,688548,10986,13645,DKI JAKARTA
2022-01-28,3687,1,1168,2518,716866,689716,10987,16163,DKI JAKARTA
2022-01-29,4580,11,1424,3145,721446,691140,10998,19308,DKI JAKARTA
2022-01-30,5297,10,1603,3684,726743,692743,11008,22992,DKI JAKARTA
2022-01-31,4214,8,1417,2789,730957,694160,11016,25781,DKI JAKARTA
2022-02-01,5088,11,1327,3750,736045,695487,11027,29531,DKI JAKARTA
2022-02-02,7353,11,3311,4031,743398,698798,11038,33562,DKI JAKARTA
2022-02-03,8078,17,3571,4490,751476,702369,11055,38052,DKI JAKARTA
2022-02-04,10666,20,4371,6275,762142,706740,11075,44327,DKI JAKARTA
2022-02-05,10229,19,6646,3564,772371,713386,11094,47891,DKI JAKARTA
2022-02-06,12711,24,6636,6051,785082,720022,11118,53942,DKI JAKARTA
2022-02-07,10153,33,3624,6496,795235,723646,11151,60438,DKI JAKARTA
2022-02-08,8577,33,4115,4429,803812,727761,11184,64867,DKI JAKARTA
2022-02-09,11446,16,7174,4256,815258,734935,11200,69123,DKI JAKARTA
2022-02-10,8866,17,9019,-170,824124,743954,11217,68953,DKI JAKARTA
2022-02-11,8581,30,13764,-5213,832705,757718,11247,63740,DKI JAKARTA
2022-02-12,9971,30,19153,-9212,842676,776871,11277,54528,DKI JAKARTA
2022-02-13,8199,29,13049,-4879,850875,789920,11306,49649,DKI JAKARTA
2022-02-14,8251,43,68,8140,859126,789988,11349,57789,DKI JAKARTA
2022-02-15,7611,39,7182,390,866737,797170,11388,58179,DKI JAKARTA
2022-02-16,9868,42,5906,3920,876605,803076,11430,62099,DKI JAKARTA
2022-02-17,6847,52,15213,-8418,883452,818289,11482,53681,DKI JAKARTA
2022-02-18,6554,30,9442,-2918,890006,827731,11512,50763,DKI JAKARTA
2022-02-19,7583,20,9021,-1458,897589,836752,11532,49305,DKI JAKARTA
2022-02-20,6457,25,9839,-3407,904046,846591,11557,45898,DKI JAKARTA
2022-02-21,4297,17,9705,-5425,908343,856296,11574,40473,DKI JAKARTA
2022-02-22,4119,30,7543,-3454,912462,863839,11604,37019,DKI JAKARTA
2022-02-23,5927,45,6554,-672,918389,870393,11649,36347,DKI JAKARTA
2022-02-24,5472,31,9869,-4428,923861,880262,11680,31919,DKI JAKARTA
2022-02-25,3623,34,3954,-365,927484,884216,11714,31554,DKI JAKARTA
2022-02-26,3711,24,3,3684,931195,884219,11738,35238,DKI JAKARTA
2022-02-27,3126,18,3227,-119,934321,887446,11756,35119,DKI JAKARTA
2022-02-28,5825,48,9076,-3299,940146,896522,11804,31820,DKI JAKARTA
2022-03-01,2893,19,4148,-1274,943039,900670,11823,30546,DKI JAKARTA
2022-03-02,3392,12,3238,142,946431,903908,11835,30688,DKI JAKARTA
2022-03-03,3733,14,6376,-2657,950164,910284,11849,28031,DKI JAKARTA
2022-03-04,2998,20,4477,-1499,953162,914761,11869,26532,DKI JAKARTA
2022-03-05,2447,14,4189,-1756,955609,918950,11883,24776,DKI JAKARTA
2022-03-06,2984,14,3535,-565,958593,922485,11897,24211,DKI JAKARTA
2022-03-07,2143,22,3225,-1104,960736,925710,11919,23107,DKI JAKARTA
2022-03-08,2842,18,3384,-560,963578,929094,11937,22547,DKI JAKARTA
2022-03-09,3084,6,2939,139,966662,932033,11943,22686,DKI JAKARTA
2022-03-10,2893,13,2998,-118,969555,935031,11956,22568,DKI JAKARTA
2022-03-11,2020,11,4471,-2462,971575,939502,11967,20106,DKI JAKARTA
2022-03-12,1671,19,3292,-1640,973246,942794,11986,18466,DKI JAKARTA
2022-03-13,1525,28,2112,-615,974771,944906,12014,17851,DKI JAKARTA
2022-03-14,1045,25,3216,-2196,975816,948122,12039,15655,DKI JAKARTA
2022-03-15,1264,24,1837,-597,977080,949959,12063,15058,DKI JAKARTA
2022-03-16,1351,10,1923,-582,978431,951882,12073,14476,DKI JAKARTA
2022-03-17,1258,8,2912,-1662,979689,954794,12081,12814,DKI JAKARTA
2022-03-18,1204,12,2344,-1152,980893,957138,12093,11662,DKI JAKARTA
2022-03-19,1173,6,2050,-883,982066,959188,12099,10779,DKI JAKARTA
2022-03-20,957,12,1793,-848,983023,960981,12111,9931,DKI JAKARTA
2022-03-21,698,5,1467,-774,983721,962448,12116,9157,DKI JAKARTA
2022-03-22,817,9,2348,-1540,984538,964796,12125,7617,DKI JAKARTA
2022-03-23,993,3,768,222,985531,965564,12128,7839,DKI JAKARTA
2022-03-24,849,5,495,349,986380,966059,12133,8188,DKI JAKARTA
2022-03-25,694,3,1319,-628,987074,967378,12136,7560,DKI JAKARTA
2022-03-26,621,1,1135,-515,987695,968513,12137,7045,DKI JAKARTA
2022-03-27,477,3,1112,-638,988172,969625,12140,6407,DKI JAKARTA
2022-03-28,457,10,1032,-585,988629,970657,12150,5822,DKI JAKARTA
2022-03-29,602,9,743,-150,989231,971400,12159,5672,DKI JAKARTA
2022-03-30,734,10,687,37,989965,972087,12169,5709,DKI JAKARTA
2022-03-31,569,4,1058,-493,990534,973145,12173,5216,DKI JAKARTA
2022-04-01,510,7,850,-347,991044,973995,12180,4869,DKI JAKARTA
2022-04-02,510,7,818,-315,991554,974813,12187,4554,DKI JAKARTA
2022-04-03,496,5,606,-115,992050,975419,12192,4439,DKI JAKARTA
2022-04-04,381,5,577,-201,992431,975996,12197,4238,DKI JAKARTA
2022-04-05,454,4,462,-12,992885,976458,12201,4226,DKI JAKARTA
2022-04-06,601,2,439,160,993486,976897,12203,4386,DKI JAKARTA
2022-04-07,541,4,681,-144,994027,977578,12207,4242,DKI JAKARTA
2022-04-08,463,2,600,-139,994490,978178,12209,4103,DKI JAKARTA
2022-04-09,350,2,549,-201,994840,978727,12211,3902,DKI JAKARTA
2022-04-10,303,2,479,-178,995143,979206,12213,3724,DKI JAKARTA
2022-04-11,256,3,530,-277,995399,979736,12216,3447,DKI JAKARTA
2022-04-12,291,5,381,-95,995690,980117,12221,3352,DKI JAKARTA
2022-04-13,536,2,437,97,996226,980554,12223,3449,DKI JAKARTA
2022-04-14,51,2,635,-586,996277,981189,12225,2863,DKI JAKARTA
2022-04-15,252,4,482,-234,996529,981671,12229,2629,DKI JAKARTA
2022-04-16,156,2,458,-304,996685,982129,12231,2325,DKI JAKARTA
2022-04-17,149,3,370,-224,996834,982499,12234,2101,DKI JAKARTA
2022-04-18,131,5,337,-211,996965,982836,12239,1890,DKI JAKARTA
2022-04-19,142,2,248,-108,997107,983084,12241,1782,DKI JAKARTA
2022-04-20,170,2,210,-42,997277,983294,12243,1740,DKI JAKARTA
2022-04-21,119,3,342,-226,997396,983636,12246,1514,DKI JAKARTA
2022-04-22,174,2,316,-144,997570,983952,12248,1370,DKI JAKARTA
2022-04-23,139,2,277,-140,997709,984229,12250,1230,DKI JAKARTA
2022-04-24,110,0,202,-92,997819,984431,12250,1138,DKI JAKARTA
2022-04-25,75,1,113,-39,997894,984544,12251,1099,DKI JAKARTA
2022-04-26,166,1,180,-15,998060,984724,12252,1084,DKI JAKARTA
2022-04-27,99,2,113,-16,998159,984837,12254,1068,DKI JAKARTA
2022-04-28,98,1,174,-77,998257,985011,12255,991,DKI JAKARTA
2022-04-29,100,1,141,-42,998357,985152,12256,949,DKI JAKARTA
2022-04-30,120,0,202,-82,998477,985354,12256,867,DKI JAKARTA
2022-05-01,68,0,80,-12,998545,985434,12256,855,DKI JAKARTA
2022-05-02,70,1,156,-87,998615,985590,12257,768,DKI JAKARTA
2022-05-03,31,1,98,-68,998646,985688,12258,700,DKI JAKARTA
2022-05-04,49,2,84,-37,998695,985772,12260,663,DKI JAKARTA
2022-05-05,70,0,137,-67,998765,985909,12260,596,DKI JAKARTA
2022-05-06,76,1,106,-31,998841,986015,12261,565,DKI JAKARTA
2022-05-07,47,1,78,-32,998888,986093,12262,533,DKI JAKARTA
2022-05-08,61,1,132,-72,998949,986225,12263,461,DKI JAKARTA
2022-05-09,86,0,29,57,999035,986254,12263,518,DKI JAKARTA
2022-05-10,128,1,66,61,999163,986320,12264,579,DKI JAKARTA
2022-05-11,108,0,71,37,999271,986391,12264,616,DKI JAKARTA
2022-05-12,76,1,24,51,999347,986415,12265,667,DKI JAKARTA
2022-05-13,83,0,37,46,999430,986452,12265,713,DKI JAKARTA
2022-05-14,93,0,72,21,999523,986524,12265,734,DKI JAKARTA
2022-05-15,81,1,65,15,999604,986589,12266,749,DKI JAKARTA
2022-05-16,54,0,54,0,999658,986643,12266,749,DKI JAKARTA
2022-05-17,60,0,80,-20,999718,986723,12266,729,DKI JAKARTA
2022-05-18,96,0,89,7,999814,986812,12266,736,DKI JAKARTA
2022-05-19,72,0,152,-80,999886,986964,12266,656,DKI JAKARTA
2022-05-20,70,0,85,-15,999956,987049,12266,641,DKI JAKARTA
2022-05-21,74,0,64,10,1000030,987113,12266,651,DKI JAKARTA
2022-05-22,83,2,70,11,1000113,987183,12268,662,DKI JAKARTA
2022-05-23,47,1,97,-51,1000160,987280,12269,611,DKI JAKARTA
2022-05-24,121,3,76,42,1000281,987356,12272,653,DKI JAKARTA
2022-05-25,104,0,53,51,1000385,987409,12272,704,DKI JAKARTA
2022-05-26,101,0,68,33,1000486,987477,12272,737,DKI JAKARTA
2022-05-27,89,0,58,31,1000575,987535,12272,768,DKI JAKARTA
2022-05-28,81,0,73,8,1000656,987608,12272,776,DKI JAKARTA
2022-05-29,67,0,85,-18,1000723,987693,12272,758,DKI JAKARTA
2022-05-30,57,2,75,-20,1000780,987768,12274,738,DKI JAKARTA
2022-05-31,106,0,87,19,1000886,987855,12274,757,DKI JAKARTA
2022-06-01,129,0,61,68,1001015,987916,12274,825,DKI JAKARTA
2022-06-02,129,0,129,0,1001144,988045,12274,825,DKI JAKARTA
2022-06-03,136,0,115,21,1001280,988160,12274,846,DKI JAKARTA
2022-06-04,139,0,88,51,1001419,988248,12274,897,DKI JAKARTA
2022-06-05,156,0,76,80,1001575,988324,12274,977,DKI JAKARTA
2022-06-06,119,0,79,40,1001694,988403,12274,1017,DKI JAKARTA
2022-06-07,205,0,75,130,1001899,988478,12274,1147,DKI JAKARTA
2022-06-08,242,0,77,165,1002141,988555,12274,1312,DKI JAKARTA
2022-06-09,218,0,107,111,1002359,988662,12274,1423,DKI JAKARTA
2022-06-10,253,0,126,127,1002612,988788,12274,1550,DKI JAKARTA
2022-06-11,251,0,140,111,1002863,988928,12274,1661,DKI JAKARTA
2022-06-12,265,0,131,134,1003128,989059,12274,1795,DKI JAKARTA
2022-06-13,282,0,143,139,1003410,989202,12274,1934,DKI JAKARTA
2022-06-14,417,0,153,264,1003827,989355,12274,2198,DKI JAKARTA
2022-06-15,581,0,126,455,1004408,989481,12274,2653,DKI JAKARTA
2022-06-16,561,0,232,329,1004969,989713,12274,2982,DKI JAKARTA
2022-06-17,560,0,235,325,1005529,989948,12274,3307,DKI JAKARTA
2022-06-18,591,0,223,368,1006120,990171,12274,3675,DKI JAKARTA
2022-06-19,600,1,220,379,1006720,990391,12275,4054,DKI JAKARTA
2022-06-20,561,0,310,251,1007281,990701,12275,4305,DKI JAKARTA
2022-06-21,770,2,268,500,1008051,990969,12277,4805,DKI JAKARTA
2022-06-22,990,0,292,698,1009041,991261,12277,5503,DKI JAKARTA
2022-06-23,809,0,491,318,1009850,991752,12277,5821,DKI JAKARTA
2022-06-24,1029,0,530,499,1010879,992282,12277,6320,DKI JAKARTA
2022-06-25,852,0,580,272,1011731,992862,12277,6592,DKI JAKARTA
2022-06-26,838,0,557,281,1012569,993419,12277,6873,DKI JAKARTA
2022-06-27,660,0,707,-47,1013229,994126,12277,6826,DKI JAKARTA
2022-06-28,1004,1,573,430,1014233,994699,12278,7256,DKI JAKARTA
2022-06-29,917,0,567,350,1015150,995266,12278,7606,DKI JAKARTA
2022-06-30,1025,0,896,129,1016175,996162,12278,7735,DKI JAKARTA
2022-07-01,856,0,928,-72,1017031,997090,12278,7663,DKI JAKARTA
2022-07-02,787,2,1024,-239,1017818,998114,12280,7424,DKI JAKARTA
2022-07-03,740,2,877,-139,1018558,998991,12282,7285,DKI JAKARTA
2022-07-04,597,2,907,-312,1019155,999898,12284,6973,DKI JAKARTA
2022-07-05,999,1,711,287,1020154,1000609,12285,7260,DKI JAKARTA
2022-07-06,1209,2,672,535,1021363,1001281,12287,7795,DKI JAKARTA
2022-07-07,1144,1,1006,137,1022507,1002287,12288,7932,DKI JAKARTA
2022-07-08,909,2,858,49,1023416,1003145,12290,7981,DKI JAKARTA
2022-07-09,1185,0,945,240,1024601,1004090,12290,8221,DKI JAKARTA
2022-07-10,1327,3,943,381,1025928,1005033,12293,8602,DKI JAKARTA
2022-07-11,653,2,937,-286,1026581,1005970,12295,8316,DKI JAKARTA
2022-07-12,1314,3,576,735,1027895,1006546,12298,9051,DKI JAKARTA
2022-07-13,1609,0,684,925,1029504,1007230,12298,9976,DKI JAKARTA
2022-07-14,1383,2,1247,134,1030887,1008477,12300,10110,DKI JAKARTA
2022-07-15,1282,2,1283,-3,1032169,1009760,12302,10107,DKI JAKARTA
2022-07-16,1686,5,1247,434,1033855,1011007,12307,10541,DKI JAKARTA
2022-07-17,1596,0,1160,436,1035451,1012167,12307,10977,DKI JAKARTA
2022-07-18,1468,2,1086,380,1036919,1013253,12309,11357,DKI JAKARTA
2022-07-19,1968,1,1108,859,1038887,1014361,12310,12216,DKI JAKARTA
2022-07-20,2410,2,487,1921,1041297,1014848,12312,14137,DKI JAKARTA
2022-07-21,2308,3,1477,828,1043605,1016325,12315,14965,DKI JAKARTA
2022-07-22,1964,5,1406,553,1045569,1017731,12320,15518,DKI JAKARTA
2022-07-23,2146,1,1975,170,1047715,1019706,12321,15688,DKI JAKARTA
2022-07-24,1713,0,1014,699,1049428,1020720,12321,16387,DKI JAKARTA
2022-07-25,1711,3,1868,-160,1051139,1022588,12324,16227,DKI JAKARTA
2022-07-26,2329,3,1200,1126,1053468,1023788,12327,17353,DKI JAKARTA
2022-07-27,2621,0,1501,1120,1056089,1025289,12327,18473,DKI JAKARTA
2022-07-28,2544,2,2491,51,1058633,1027780,12329,18524,DKI JAKARTA
2022-07-29,2408,3,1925,480,1061041,1029705,12332,19004,DKI JAKARTA
2022-07-30,2076,2,2217,-143,1063117,1031922,12334,18861,DKI JAKARTA
2022-07-31,1752,2,2098,-348,1064869,1034020,12336,18513,DKI JAKARTA
2022-08-01,1176,1,2142,-967,1066045,1036162,12337,17546,DKI JAKARTA
2022-08-02,1606,3,1483,120,1067651,1037645,12340,17666,DKI JAKARTA
2022-08-03,2059,3,1725,331,1069710,1039370,12343,17997,DKI JAKARTA
2022-08-04,2240,1,3151,-912,1071950,1042521,12344,17085,DKI JAKARTA
2022-08-05,2078,3,2278,-203,1074028,1044799,12347,16882,DKI JAKARTA
2022-08-06,1906,3,2337,-434,1075934,1047136,12350,16448,DKI JAKARTA
2022-08-07,1444,5,2403,-964,1077378,1049539,12355,15484,DKI JAKARTA
2022-08-08,1838,2,2159,-323,1079216,1051698,12357,15161,DKI JAKARTA
2022-08-09,1813,4,1747,62,1081029,1053445,12361,15223,DKI JAKARTA
2022-08-10,1779,4,1274,501,1082808,1054719,12365,15724,DKI JAKARTA
2022-08-11,1762,3,1935,-176,1084570,1056654,12368,15548,DKI JAKARTA
2022-08-12,2296,0,2072,224,1086866,1058726,12368,15772,DKI JAKARTA
2022-08-13,1816,4,2019,-207,1088682,1060745,12372,15565,DKI JAKARTA
2022-08-14,1700,3,1904,-207,1090382,1062649,12375,15358,DKI JAKARTA
2022-08-15,1510,3,1745,-238,1091892,1064394,12378,15120,DKI JAKARTA
2022-08-16,1990,2,1430,558,1093882,1065824,12380,15678,DKI JAKARTA
2022-08-17,1936,3,1707,226,1095818,1067531,12383,15904,DKI JAKARTA
2022-08-18,1638,1,1919,-282,1097456,1069450,12384,15622,DKI JAKARTA
2022-08-19,1767,5,1823,-61,1099223,1071273,12389,15561,DKI JAKARTA
2022-08-20,1838,3,1805,30,1101061,1073078,12392,15591,DKI JAKARTA
2022-08-21,1509,3,2168,-662,1102570,1075246,12395,14929,DKI JAKARTA
2022-08-22,1236,3,1850,-617,1103806,1077096,12398,14312,DKI JAKARTA
2022-08-23,1170,2,1489,-321,1104976,1078585,12400,13991,DKI JAKARTA
2022-08-24,1786,2,1521,263,1106762,1080106,12402,14254,DKI JAKARTA
2022-08-25,1992,4,2472,-484,1108754,1082578,12406,13770,DKI JAKARTA
2022-08-26,1520,3,2480,-963,1110274,1085058,12409,12807,DKI JAKARTA
2022-08-27,1532,2,568,962,1111806,1085626,12411,13769,DKI JAKARTA
2022-08-28,1174,2,2160,-988,1112980,1087786,12413,12781,DKI JAKARTA
2022-08-29,979,3,1442,-466,1113959,1089228,12416,12315,DKI JAKARTA
2022-08-30,1384,2,1591,-209,1115343,1090819,12418,12106,DKI JAKARTA
2022-08-31,1556,2,1224,330,1116899,1092043,12420,12436,DKI JAKARTA
2022-09-01,1361,4,1413,-56,1118260,1093456,12424,12380,DKI JAKARTA
2022-09-02,1206,3,1777,-574,1119466,1095233,12427,11806,DKI JAKARTA
2022-09-03,1204,4,1775,-575,1120670,1097008,12431,11231,DKI JAKARTA
2022-09-04,1002,2,1347,-347,1121672,1098355,12433,10884,DKI JAKARTA
2022-09-05,789,3,1518,-732,1122461,1099873,12436,10152,DKI JAKARTA
2022-09-06,1116,3,1129,-16,1123577,1101002,12439,10136,DKI JAKARTA
2022-09-07,1195,4,1052,139,1124772,1102054,12443,10275,DKI JAKARTA
2022-09-08,1078,1,1439,-362,1125850,1103493,12444,9913,DKI JAKARTA
2022-09-09,936,2,1724,-790,1126786,1105217,12446,9123,DKI JAKARTA
2022-09-10,898,1,1295,-398,1127684,1106512,12447,8725,DKI JAKARTA
2022-09-11,702,0,1139,-437,1128386,1107651,12447,8288,DKI JAKARTA
2022-09-12,590,1,1083,-494,1128976,1108734,12448,7794,DKI JAKARTA
2022-09-13,848,0,849,-1,1129824,1109583,12448,7793,DKI JAKARTA
2022-09-14,993,3,797,193,1130817,1110380,12451,7986,DKI JAKARTA
2022-09-15,890,3,1307,-420,1131707,1111687,12454,7566,DKI JAKARTA
2022-09-16,827,3,1082,-258,1132534,1112769,12457,7308,DKI JAKARTA
2022-09-17,698,2,1291,-595,1133232,1114060,12459,6713,DKI JAKARTA
2022-09-18,624,2,551,71,1133856,1114611,12461,6784,DKI JAKARTA
2022-09-19,482,2,923,-443,1134338,1115534,12463,6341,DKI JAKARTA
2022-09-20,758,2,613,143,1135096,1116147,12465,6484,DKI JAKARTA
2022-09-21,766,3,625,138,1135862,1116772,12468,6622,DKI JAKARTA
2022-09-22,710,1,923,-214,1136572,1117695,12469,6408,DKI JAKARTA
2022-09-23,585,1,1019,-435,1137157,1118714,12470,5973,DKI JAKARTA
2022-09-24,558,1,816,-259,1137715,1119530,12471,5714,DKI JAKARTA
2022-09-25,466,3,1347,-884,1138181,1120877,12474,4830,DKI JAKARTA
2022-09-26,424,2,198,224,1138605,1121075,12476,5054,DKI JAKARTA
2022-09-27,613,0,13,600,1139218,1121088,12476,5654,DKI JAKARTA
2022-09-28,553,1,14,538,1139771,1121102,12477,6192,DKI JAKARTA
2022-09-29,630,2,32,596,1140401,1121134,12479,6788,DKI JAKARTA
2022-09-30,592,2,17,573,1140993,1121151,12481,7361,DKI JAKARTA
2020-03-08,1,1,0,0,1,0,1,0,JAWA TENGAH
2020-03-09,0,0,0,0,1,0,1,0,JAWA TENGAH
2020-03-10,0,0,0,0,1,0,1,0,JAWA TENGAH
2020-03-11,0,0,0,0,1,0,1,0,JAWA TENGAH
2020-03-12,0,0,0,0,1,0,1,0,JAWA TENGAH
2020-03-13,0,0,0,0,1,0,1,0,JAWA TENGAH
2020-03-14,1,0,0,1,2,0,1,1,JAWA TENGAH
2020-03-15,1,0,1,0,3,1,1,1,JAWA TENGAH
2020-03-16,1,0,0,1,4,1,1,2,JAWA TENGAH
2020-03-17,0,0,0,0,4,1,1,2,JAWA TENGAH
2020-03-18,3,1,0,2,7,1,2,4,JAWA TENGAH
2020-03-19,2,0,0,2,9,1,2,6,JAWA TENGAH
2020-03-20,3,0,1,2,12,2,2,8,JAWA TENGAH
2020-03-21,1,1,0,0,13,2,3,8,JAWA TENGAH
2020-03-22,1,0,1,0,14,3,3,8,JAWA TENGAH
2020-03-23,0,0,0,0,14,3,3,8,JAWA TENGAH
2020-03-24,2,1,1,0,16,4,4,8,JAWA TENGAH
2020-03-25,18,1,1,16,34,5,5,24,JAWA TENGAH
2020-03-26,2,0,0,2,36,5,5,26,JAWA TENGAH
2020-03-27,8,1,1,6,44,6,6,32,JAWA TENGAH
2020-03-28,14,2,2,10,58,8,8,42,JAWA TENGAH
2020-03-29,10,1,0,9,68,8,9,51,JAWA TENGAH
2020-03-30,12,1,1,10,80,9,10,61,JAWA TENGAH
2020-03-31,11,2,0,9,91,9,12,70,JAWA TENGAH
2020-04-01,15,7,13,-5,106,22,19,65,JAWA TENGAH
2020-04-02,5,1,2,2,111,24,20,67,JAWA TENGAH
2020-04-03,18,1,5,12,129,29,21,79,JAWA TENGAH
2020-04-04,13,0,3,10,142,32,21,89,JAWA TENGAH
2020-04-05,3,0,0,3,145,32,21,92,JAWA TENGAH
2020-04-06,14,5,1,8,159,33,26,100,JAWA TENGAH
2020-04-07,7,0,0,7,166,33,26,107,JAWA TENGAH
2020-04-08,12,3,2,7,178,35,29,114,JAWA TENGAH
2020-04-09,9,1,3,5,187,38,30,119,JAWA TENGAH
2020-04-10,2,0,0,2,189,38,30,121,JAWA TENGAH
2020-04-11,4,1,0,3,193,38,31,124,JAWA TENGAH
2020-04-12,45,1,0,44,238,38,32,168,JAWA TENGAH
2020-04-13,11,1,3,7,249,41,33,175,JAWA TENGAH
2020-04-14,59,0,3,56,308,44,33,231,JAWA TENGAH
2020-04-15,19,1,2,16,327,46,34,247,JAWA TENGAH
2020-04-16,11,1,1,9,338,47,35,256,JAWA TENGAH
2020-04-17,11,2,14,-5,349,61,37,251,JAWA TENGAH
2020-04-18,31,0,6,25,380,67,37,276,JAWA TENGAH
2020-04-19,20,2,0,18,400,67,39,294,JAWA TENGAH
2020-04-20,6,2,6,-2,406,73,41,292,JAWA TENGAH
2020-04-21,85,1,2,82,491,75,42,374,JAWA TENGAH
2020-04-22,35,2,9,24,526,84,44,398,JAWA TENGAH
2020-04-23,52,2,8,42,578,92,46,440,JAWA TENGAH
2020-04-24,36,3,4,29,614,96,49,469,JAWA TENGAH
2020-04-25,43,2,10,31,657,106,51,500,JAWA TENGAH
2020-04-26,33,0,3,30,690,109,51,530,JAWA TENGAH
2020-04-27,19,2,11,6,709,120,53,536,JAWA TENGAH
2020-04-28,19,1,12,6,728,132,54,542,JAWA TENGAH
2020-04-29,34,3,5,26,762,137,57,568,JAWA TENGAH
2020-04-30,17,1,12,4,779,149,58,572,JAWA TENGAH
2020-05-01,22,2,11,9,801,160,60,581,JAWA TENGAH
2020-05-02,22,1,8,13,823,168,61,594,JAWA TENGAH
2020-05-03,15,0,6,9,838,174,61,603,JAWA TENGAH
2020-05-04,23,0,7,16,861,181,61,619,JAWA TENGAH
2020-05-05,41,0,17,24,902,198,61,643,JAWA TENGAH
2020-05-06,44,1,27,16,946,225,62,659,JAWA TENGAH
2020-05-07,14,1,19,-6,960,244,63,653,JAWA TENGAH
2020-05-08,34,0,31,3,994,275,63,656,JAWA TENGAH
2020-05-09,25,1,16,8,1019,291,64,664,JAWA TENGAH
2020-05-10,19,0,4,15,1038,295,64,679,JAWA TENGAH
2020-05-11,3,0,5,-2,1041,300,64,677,JAWA TENGAH
2020-05-12,15,2,3,10,1056,303,66,687,JAWA TENGAH
2020-05-13,28,0,5,23,1084,308,66,710,JAWA TENGAH
2020-05-14,46,1,8,37,1130,316,67,747,JAWA TENGAH
2020-05-15,41,0,9,32,1171,325,67,779,JAWA TENGAH
2020-05-16,38,1,7,30,1209,332,68,809,JAWA TENGAH
2020-05-17,18,0,4,14,1227,336,68,823,JAWA TENGAH
2020-05-18,11,2,7,2,1238,343,70,825,JAWA TENGAH
2020-05-19,20,0,12,8,1258,355,70,833,JAWA TENGAH
2020-05-20,19,0,7,12,1277,362,70,845,JAWA TENGAH
2020-05-21,18,0,9,9,1295,371,70,854,JAWA TENGAH
2020-05-22,27,0,8,19,1322,379,70,873,JAWA TENGAH
2020-05-23,53,0,14,39,1375,393,70,912,JAWA TENGAH
2020-05-24,21,0,3,18,1396,396,70,930,JAWA TENGAH
2020-05-25,7,0,3,4,1403,399,70,934,JAWA TENGAH
2020-05-26,8,0,23,-15,1411,422,70,919,JAWA TENGAH
2020-05-27,11,0,1,10,1422,423,70,929,JAWA TENGAH
2020-05-28,15,1,7,7,1437,430,71,936,JAWA TENGAH
2020-05-29,16,1,51,-36,1453,481,72,900,JAWA TENGAH
2020-05-30,23,0,19,4,1476,500,72,904,JAWA TENGAH
2020-05-31,34,0,7,27,1510,507,72,931,JAWA TENGAH
2020-06-01,19,2,9,8,1529,516,74,939,JAWA TENGAH
2020-06-02,30,0,12,18,1559,528,74,957,JAWA TENGAH
2020-06-03,32,3,9,20,1591,537,77,977,JAWA TENGAH
2020-06-04,31,4,12,15,1622,549,81,992,JAWA TENGAH
2020-06-05,66,9,32,25,1688,581,90,1017,JAWA TENGAH
2020-06-06,45,2,15,28,1733,596,92,1045,JAWA TENGAH
2020-06-07,67,15,15,37,1800,611,107,1082,JAWA TENGAH
2020-06-08,82,5,41,36,1882,652,112,1118,JAWA TENGAH
2020-06-09,44,6,70,-32,1926,722,118,1086,JAWA TENGAH
2020-06-10,140,2,113,25,2066,835,120,1111,JAWA TENGAH
2020-06-11,53,3,13,37,2119,848,123,1148,JAWA TENGAH
2020-06-12,50,1,38,11,2169,886,124,1159,JAWA TENGAH
2020-06-13,89,3,33,53,2258,919,127,1212,JAWA TENGAH
2020-06-14,101,7,23,71,2359,942,134,1283,JAWA TENGAH
2020-06-15,119,18,42,59,2478,984,152,1342,JAWA TENGAH
2020-06-16,65,5,16,44,2543,1000,157,1386,JAWA TENGAH
2020-06-17,117,6,54,57,2660,1054,163,1443,JAWA TENGAH
2020-06-18,67,11,30,26,2727,1084,174,1469,JAWA TENGAH
2020-06-19,99,9,28,62,2826,1112,183,1531,JAWA TENGAH
2020-06-20,120,1,34,85,2946,1146,184,1616,JAWA TENGAH
2020-06-21,103,1,30,72,3049,1176,185,1688,JAWA TENGAH
2020-06-22,74,4,31,39,3123,1207,189,1727,JAWA TENGAH
2020-06-23,76,7,48,21,3199,1255,196,1748,JAWA TENGAH
2020-06-24,101,6,27,68,3300,1282,202,1816,JAWA TENGAH
2020-06-25,118,2,28,88,3418,1310,204,1904,JAWA TENGAH
2020-06-26,204,6,46,152,3622,1356,210,2056,JAWA TENGAH
2020-06-27,186,4,35,147,3808,1391,214,2203,JAWA TENGAH
2020-06-28,159,3,27,129,3967,1418,217,2332,JAWA TENGAH
2020-06-29,200,3,72,125,4167,1490,220,2457,JAWA TENGAH
2020-06-30,166,26,136,4,4333,1626,246,2461,JAWA TENGAH
2020-07-01,185,3,99,83,4518,1725,249,2544,JAWA TENGAH
2020-07-02,153,4,28,121,4671,1753,253,2665,JAWA TENGAH
2020-07-03,132,12,82,38,4803,1835,265,2703,JAWA TENGAH
2020-07-04,116,19,111,-14,4919,1946,284,2689,JAWA TENGAH
2020-07-05,199,16,30,153,5118,1976,300,2842,JAWA TENGAH
2020-07-06,171,24,72,75,5289,2048,324,2917,JAWA TENGAH
2020-07-07,163,3,79,81,5452,2127,327,2998,JAWA TENGAH
2020-07-08,188,16,96,76,5640,2223,343,3074,JAWA TENGAH
2020-07-09,147,5,30,112,5787,2253,348,3186,JAWA TENGAH
2020-07-10,129,20,162,-53,5916,2415,368,3133,JAWA TENGAH
2020-07-11,133,6,19,108,6049,2434,374,3241,JAWA TENGAH
2020-07-12,94,16,23,55,6143,2457,390,3296,JAWA TENGAH
2020-07-13,130,8,34,88,6273,2491,398,3384,JAWA TENGAH
2020-07-14,111,6,31,74,6384,2522,404,3458,JAWA TENGAH
2020-07-15,269,7,85,177,6653,2607,411,3635,JAWA TENGAH
2020-07-16,238,7,210,21,6891,2817,418,3656,JAWA TENGAH
2020-07-17,258,6,181,71,7149,2998,424,3727,JAWA TENGAH
2020-07-18,239,5,231,3,7388,3229,429,3730,JAWA TENGAH
2020-07-19,302,30,345,-73,7690,3574,459,3657,JAWA TENGAH
2020-07-20,329,31,253,45,8019,3827,490,3702,JAWA TENGAH
2020-07-21,159,18,179,-38,8178,4006,508,3664,JAWA TENGAH
2020-07-22,318,65,171,82,8496,4177,573,3746,JAWA TENGAH
2020-07-23,262,55,188,19,8758,4365,628,3765,JAWA TENGAH
2020-07-24,118,34,115,-31,8876,4480,662,3734,JAWA TENGAH
2020-07-25,162,11,141,10,9038,4621,673,3744,JAWA TENGAH
2020-07-26,75,12,139,-76,9113,4760,685,3668,JAWA TENGAH
2020-07-27,172,3,182,-13,9285,4942,688,3655,JAWA TENGAH
2020-07-28,147,12,290,-155,9432,5232,700,3500,JAWA TENGAH
2020-07-29,246,16,265,-35,9678,5497,716,3465,JAWA TENGAH
2020-07-30,125,18,330,-223,9803,5827,734,3242,JAWA TENGAH
2020-07-31,188,8,80,100,9991,5907,742,3342,JAWA TENGAH
2020-08-01,114,12,247,-145,10105,6154,754,3197,JAWA TENGAH
2020-08-02,55,17,119,-81,10160,6273,771,3116,JAWA TENGAH
2020-08-03,74,2,146,-74,10234,6419,773,3042,JAWA TENGAH
2020-08-04,51,1,98,-48,10285,6517,774,2994,JAWA TENGAH
2020-08-05,110,13,151,-54,10395,6668,787,2940,JAWA TENGAH
2020-08-06,95,18,170,-93,10490,6838,805,2847,JAWA TENGAH
2020-08-07,179,5,171,3,10669,7009,810,2850,JAWA TENGAH
2020-08-08,66,9,56,1,10735,7065,819,2851,JAWA TENGAH
2020-08-09,100,3,55,42,10835,7120,822,2893,JAWA TENGAH
2020-08-10,56,3,146,-93,10891,7266,825,2800,JAWA TENGAH
2020-08-11,59,2,107,-50,10950,7373,827,2750,JAWA TENGAH
2020-08-12,142,13,111,18,11092,7484,840,2768,JAWA TENGAH
2020-08-13,170,12,95,63,11262,7579,852,2831,JAWA TENGAH
2020-08-14,158,7,47,104,11420,7626,859,2935,JAWA TENGAH
2020-08-15,101,4,54,43,11521,7680,863,2978,JAWA TENGAH
2020-08-16,130,7,49,74,11651,7729,870,3052,JAWA TENGAH
2020-08-17,29,3,33,-7,11680,7762,873,3045,JAWA TENGAH
2020-08-18,99,10,77,12,11779,7839,883,3057,JAWA TENGAH
2020-08-19,116,7,119,-10,11895,7958,890,3047,JAWA TENGAH
2020-08-20,139,2,112,25,12034,8070,892,3072,JAWA TENGAH
2020-08-21,76,5,85,-14,12110,8155,897,3058,JAWA TENGAH
2020-08-22,89,13,117,-41,12199,8272,910,3017,JAWA TENGAH
2020-08-23,145,9,48,88,12344,8320,919,3105,JAWA TENGAH
2020-08-24,118,4,85,29,12462,8405,923,3134,JAWA TENGAH
2020-08-25,168,20,90,58,12630,8495,943,3192,JAWA TENGAH
2020-08-26,122,24,138,-40,12752,8633,967,3152,JAWA TENGAH
2020-08-27,202,23,173,6,12954,8806,990,3158,JAWA TENGAH
2020-08-28,205,22,99,84,13159,8905,1012,3242,JAWA TENGAH
2020-08-29,137,8,68,61,13296,8973,1020,3303,JAWA TENGAH
2020-08-30,117,11,71,35,13413,9044,1031,3338,JAWA TENGAH
2020-08-31,136,9,90,37,13549,9134,1040,3375,JAWA TENGAH
2020-09-01,156,12,100,44,13705,9234,1052,3419,JAWA TENGAH
2020-09-02,224,28,309,-113,13929,9543,1080,3306,JAWA TENGAH
2020-09-03,202,13,103,86,14131,9646,1093,3392,JAWA TENGAH
2020-09-04,151,5,99,47,14282,9745,1098,3439,JAWA TENGAH
2020-09-05,210,7,216,-13,14492,9961,1105,3426,JAWA TENGAH
2020-09-06,186,8,152,26,14678,10113,1113,3452,JAWA TENGAH
2020-09-07,220,5,126,89,14898,10239,1118,3541,JAWA TENGAH
2020-09-08,200,5,121,74,15098,10360,1123,3615,JAWA TENGAH
2020-09-09,222,11,128,83,15320,10488,1134,3698,JAWA TENGAH
2020-09-10,289,15,103,171,15609,10591,1149,3869,JAWA TENGAH
2020-09-11,455,2,148,305,16064,10739,1151,4174,JAWA TENGAH
2020-09-12,302,6,123,173,16366,10862,1157,4347,JAWA TENGAH
2020-09-13,232,6,84,142,16598,10946,1163,4489,JAWA TENGAH
2020-09-14,117,6,182,-71,16715,11128,1169,4418,JAWA TENGAH
2020-09-15,162,9,143,10,16877,11271,1178,4428,JAWA TENGAH
2020-09-16,275,12,99,164,17152,11370,1190,4592,JAWA TENGAH
2020-09-17,233,13,177,43,17385,11547,1203,4635,JAWA TENGAH
2020-09-18,154,8,322,-176,17539,11869,1211,4459,JAWA TENGAH
2020-09-19,219,30,307,-118,17758,12176,1241,4341,JAWA TENGAH
2020-09-20,248,8,225,15,18006,12401,1249,4356,JAWA TENGAH
2020-09-21,194,16,243,-65,18200,12644,1265,4291,JAWA TENGAH
2020-09-22,185,37,324,-176,18385,12968,1302,4115,JAWA TENGAH
2020-09-23,203,14,292,-103,18588,13260,1316,4012,JAWA TENGAH
2020-09-24,344,19,546,-221,18932,13806,1335,3791,JAWA TENGAH
2020-09-25,267,13,210,44,19199,14016,1348,3835,JAWA TENGAH
2020-09-26,304,12,172,120,19503,14188,1360,3955,JAWA TENGAH
2020-09-27,204,3,98,103,19707,14286,1363,4058,JAWA TENGAH
2020-09-28,236,7,163,66,19943,14449,1370,4124,JAWA TENGAH
2020-09-29,214,9,204,1,20157,14653,1379,4125,JAWA TENGAH
2020-09-30,173,3,170,0,20330,14823,1382,4125,JAWA TENGAH
2020-10-01,235,5,153,77,20565,14976,1387,4202,JAWA TENGAH
2020-10-02,274,15,152,107,20839,15128,1402,4309,JAWA TENGAH
2020-10-03,284,4,170,110,21123,15298,1406,4419,JAWA TENGAH
2020-10-04,241,2,150,89,21364,15448,1408,4508,JAWA TENGAH
2020-10-05,293,6,146,141,21657,15594,1414,4649,JAWA TENGAH
2020-10-06,320,5,252,63,21977,15846,1419,4712,JAWA TENGAH
2020-10-07,314,4,222,88,22291,16068,1423,4800,JAWA TENGAH
2020-10-08,261,8,212,41,22552,16280,1431,4841,JAWA TENGAH
2020-10-09,320,7,163,150,22872,16443,1438,4991,JAWA TENGAH
2020-10-10,324,14,220,90,23196,16663,1452,5081,JAWA TENGAH
2020-10-11,257,6,157,94,23453,16820,1458,5175,JAWA TENGAH
2020-10-12,193,5,219,-31,23646,17039,1463,5144,JAWA TENGAH
2020-10-13,357,8,235,114,24003,17274,1471,5258,JAWA TENGAH
2020-10-14,229,7,697,-475,24232,17971,1478,4783,JAWA TENGAH
2020-10-15,383,20,1759,-1396,24615,19730,1498,3387,JAWA TENGAH
2020-10-16,356,6,309,41,24971,20039,1504,3428,JAWA TENGAH
2020-10-17,326,9,264,53,25297,20303,1513,3481,JAWA TENGAH
2020-10-18,284,3,290,-9,25581,20593,1516,3472,JAWA TENGAH
2020-10-19,247,7,257,-17,25828,20850,1523,3455,JAWA TENGAH
2020-10-20,339,15,460,-136,26167,21310,1538,3319,JAWA TENGAH
2020-10-21,303,13,304,-14,26470,21614,1551,3305,JAWA TENGAH
2020-10-22,415,8,286,121,26885,21900,1559,3426,JAWA TENGAH
2020-10-23,454,12,372,70,27339,22272,1571,3496,JAWA TENGAH
2020-10-24,222,15,349,-142,27561,22621,1586,3354,JAWA TENGAH
2020-10-25,295,6,296,-7,27856,22917,1592,3347,JAWA TENGAH
2020-10-26,129,13,236,-120,27985,23153,1605,3227,JAWA TENGAH
2020-10-27,262,7,249,6,28247,23402,1612,3233,JAWA TENGAH
2020-10-28,249,9,253,-13,28496,23655,1621,3220,JAWA TENGAH
2020-10-29,294,6,190,98,28790,23845,1627,3318,JAWA TENGAH
2020-10-30,159,10,231,-82,28949,24076,1637,3236,JAWA TENGAH
2020-10-31,499,10,223,266,29448,24299,1647,3502,JAWA TENGAH
2020-11-01,377,7,275,95,29825,24574,1654,3597,JAWA TENGAH
2020-11-02,200,12,293,-105,30025,24867,1666,3492,JAWA TENGAH
2020-11-03,375,18,349,8,30400,25216,1684,3500,JAWA TENGAH
2020-11-04,437,11,280,146,30837,25496,1695,3646,JAWA TENGAH
2020-11-05,284,14,252,18,31121,25748,1709,3664,JAWA TENGAH
2020-11-06,489,10,219,260,31610,25967,1719,3924,JAWA TENGAH
2020-11-07,371,24,233,114,31981,26200,1743,4038,JAWA TENGAH
2020-11-08,525,8,217,300,32506,26417,1751,4338,JAWA TENGAH
2020-11-09,504,11,241,252,33010,26658,1762,4590,JAWA TENGAH
2020-11-10,530,13,243,274,33540,26901,1775,4864,JAWA TENGAH
2020-11-11,132,13,240,-121,33672,27141,1788,4743,JAWA TENGAH
2020-11-12,488,10,285,193,34160,27426,1798,4936,JAWA TENGAH
2020-11-13,1074,25,252,797,35234,27678,1823,5733,JAWA TENGAH
2020-11-14,987,22,194,771,36221,27872,1845,6504,JAWA TENGAH
2020-11-15,811,11,220,580,37032,28092,1856,7084,JAWA TENGAH
2020-11-16,470,9,265,196,37502,28357,1865,7280,JAWA TENGAH
2020-11-17,408,33,436,-61,37910,28793,1898,7219,JAWA TENGAH
2020-11-18,380,15,307,58,38290,29100,1913,7277,JAWA TENGAH
2020-11-19,338,8,269,61,38628,29369,1921,7338,JAWA TENGAH
2020-11-20,387,8,287,92,39015,29656,1929,7430,JAWA TENGAH
2020-11-21,526,9,172,345,39541,29828,1938,7775,JAWA TENGAH
2020-11-22,359,12,472,-125,39900,30300,1950,7650,JAWA TENGAH
2020-11-23,708,7,208,493,40608,30508,1957,8143,JAWA TENGAH
2020-11-24,643,12,219,412,41251,30727,1969,8555,JAWA TENGAH
2020-11-25,820,8,247,565,42071,30974,1977,9120,JAWA TENGAH
2020-11-26,440,30,198,212,42511,31172,2007,9332,JAWA TENGAH
2020-11-27,699,36,307,356,43210,31479,2043,9688,JAWA TENGAH
2020-11-28,806,15,344,447,44016,31823,2058,10135,JAWA TENGAH
2020-11-29,1333,63,599,671,45349,32422,2121,10806,JAWA TENGAH
2020-11-30,648,11,1018,-381,45997,33440,2132,10425,JAWA TENGAH
2020-12-01,589,7,347,235,46586,33787,2139,10660,JAWA TENGAH
2020-12-02,742,16,227,499,47328,34014,2155,11159,JAWA TENGAH
2020-12-03,632,8,256,368,47960,34270,2163,11527,JAWA TENGAH
2020-12-04,726,9,244,473,48686,34514,2172,12000,JAWA TENGAH
2020-12-05,612,5,253,354,49298,34767,2177,12354,JAWA TENGAH
2020-12-06,430,30,136,264,49728,34903,2207,12618,JAWA TENGAH
2020-12-07,478,5,237,236,50206,35140,2212,12854,JAWA TENGAH
2020-12-08,609,7,294,308,50815,35434,2219,13162,JAWA TENGAH
2020-12-09,600,27,155,418,51415,35589,2246,13580,JAWA TENGAH
2020-12-10,638,26,496,116,52053,36085,2272,13696,JAWA TENGAH
2020-12-11,617,16,236,365,52670,36321,2288,14061,JAWA TENGAH
2020-12-12,720,21,365,334,53390,36686,2309,14395,JAWA TENGAH
2020-12-13,559,35,158,366,53949,36844,2344,14761,JAWA TENGAH
2020-12-14,602,12,682,-92,54551,37526,2356,14669,JAWA TENGAH
2020-12-15,633,19,675,-61,55184,38201,2375,14608,JAWA TENGAH
2020-12-16,331,20,672,-361,55515,38873,2395,14247,JAWA TENGAH
2020-12-17,491,27,199,265,56006,39072,2422,14512,JAWA TENGAH
2020-12-18,304,14,281,9,56310,39353,2436,14521,JAWA TENGAH
2020-12-19,748,17,168,563,57058,39521,2453,15084,JAWA TENGAH
2020-12-20,697,49,122,526,57755,39643,2502,15610,JAWA TENGAH
2020-12-21,794,61,321,412,58549,39964,2563,16022,JAWA TENGAH
2020-12-22,723,30,442,251,59272,40406,2593,16273,JAWA TENGAH
2020-12-23,717,0,398,319,59989,40804,2593,16592,JAWA TENGAH
2020-12-24,709,41,323,345,60698,41127,2634,16937,JAWA TENGAH
2020-12-25,728,66,737,-75,61426,41864,2700,16862,JAWA TENGAH
2020-12-26,699,16,346,337,62125,42210,2716,17199,JAWA TENGAH
2020-12-27,654,65,437,152,62779,42647,2781,17351,JAWA TENGAH
2020-12-28,776,68,502,206,63555,43149,2849,17557,JAWA TENGAH
2020-12-29,840,7,776,57,64395,43925,2856,17614,JAWA TENGAH
2020-12-30,731,25,420,286,65126,44345,2881,17900,JAWA TENGAH
2020-12-31,744,14,652,78,65870,44997,2895,17978,JAWA TENGAH
2021-01-01,737,4,468,265,66607,45465,2899,18243,JAWA TENGAH
2021-01-02,763,74,744,-55,67370,46209,2973,18188,JAWA TENGAH
2021-01-03,744,58,304,382,68114,46513,3031,18570,JAWA TENGAH
2021-01-04,824,10,583,231,68938,47096,3041,18801,JAWA TENGAH
2021-01-05,792,18,1077,-303,69730,48173,3059,18498,JAWA TENGAH
2021-01-06,824,40,818,-34,70554,48991,3099,18464,JAWA TENGAH
2021-01-07,789,37,557,195,71343,49548,3136,18659,JAWA TENGAH
2021-01-08,853,46,639,168,72196,50187,3182,18827,JAWA TENGAH
2021-01-09,832,20,219,593,73028,50406,3202,19420,JAWA TENGAH
2021-01-10,841,15,115,711,73869,50521,3217,20131,JAWA TENGAH
2021-01-11,850,24,629,197,74719,51150,3241,20328,JAWA TENGAH
2021-01-12,1039,78,1045,-84,75758,52195,3319,20244,JAWA TENGAH
2021-01-13,1180,73,586,521,76938,52781,3392,20765,JAWA TENGAH
2021-01-14,1182,69,809,304,78120,53590,3461,21069,JAWA TENGAH
2021-01-15,1597,28,674,895,79717,54264,3489,21964,JAWA TENGAH
2021-01-16,1607,32,611,964,81324,54875,3521,22928,JAWA TENGAH
2021-01-17,1461,35,93,1333,82785,54968,3556,24261,JAWA TENGAH
2021-01-18,1245,73,864,308,84030,55832,3629,24569,JAWA TENGAH
2021-01-19,1308,81,519,708,85338,56351,3710,25277,JAWA TENGAH
2021-01-20,1443,24,420,999,86781,56771,3734,26276,JAWA TENGAH
2021-01-21,1607,74,903,630,88388,57674,3808,26906,JAWA TENGAH
2021-01-22,1452,27,522,903,89840,58196,3835,27809,JAWA TENGAH
2021-01-23,1523,7,382,1134,91363,58578,3842,28943,JAWA TENGAH
2021-01-24,1215,5,248,962,92578,58826,3847,29905,JAWA TENGAH
2021-01-25,1241,101,1679,-539,93819,60505,3948,29366,JAWA TENGAH
2021-01-26,1327,90,1269,-32,95146,61774,4038,29334,JAWA TENGAH
2021-01-27,1448,89,1247,112,96594,63021,4127,29446,JAWA TENGAH
2021-01-28,1217,63,721,433,97811,63742,4190,29879,JAWA TENGAH
2021-01-29,1219,20,302,897,99030,64044,4210,30776,JAWA TENGAH
2021-01-30,1009,21,247,741,100039,64291,4231,31517,JAWA TENGAH
2021-01-31,885,17,143,725,100924,64434,4248,32242,JAWA TENGAH
2021-02-01,781,104,1602,-925,101705,66036,4352,31317,JAWA TENGAH
2021-02-02,886,54,1108,-276,102591,67144,4406,31041,JAWA TENGAH
2021-02-03,1408,19,779,610,103999,67923,4425,31651,JAWA TENGAH
2021-02-04,1449,70,618,761,105448,68541,4495,32412,JAWA TENGAH
2021-02-05,1525,14,409,1102,106973,68950,4509,33514,JAWA TENGAH
2021-02-06,1298,14,89,1195,108271,69039,4523,34709,JAWA TENGAH
2021-02-07,873,13,66,794,109144,69105,4536,35503,JAWA TENGAH
2021-02-08,658,8,838,-188,109802,69943,4544,35315,JAWA TENGAH
2021-02-09,738,42,542,154,110540,70485,4586,35469,JAWA TENGAH
2021-02-10,1001,8,1054,-61,111541,71539,4594,35408,JAWA TENGAH
2021-02-11,813,20,597,196,112354,72136,4614,35604,JAWA TENGAH
2021-02-12,519,15,119,385,112873,72255,4629,35989,JAWA TENGAH
2021-02-13,609,88,429,92,113482,72684,4717,36081,JAWA TENGAH
2021-02-14,370,56,40,274,113852,72724,4773,36355,JAWA TENGAH
2021-02-15,709,30,178,501,114561,72902,4803,36856,JAWA TENGAH
2021-02-16,890,31,13,846,115451,72915,4834,37702,JAWA TENGAH
2021-02-17,686,5,52,629,116137,72967,4839,38331,JAWA TENGAH
2021-02-18,561,8,400,153,116698,73367,4847,38484,JAWA TENGAH
2021-02-19,984,28,554,402,117682,73921,4875,38886,JAWA TENGAH
2021-02-20,653,17,379,257,118335,74300,4892,39143,JAWA TENGAH
2021-02-21,391,11,194,186,118726,74494,4903,39329,JAWA TENGAH
2021-02-22,848,38,924,-114,119574,75418,4941,39215,JAWA TENGAH
2021-02-23,669,125,516,28,120243,75934,5066,39243,JAWA TENGAH
2021-02-24,1013,66,461,486,121256,76395,5132,39729,JAWA TENGAH
2021-02-25,657,51,963,-357,121913,77358,5183,39372,JAWA TENGAH
2021-02-26,536,110,876,-450,122449,78234,5293,38922,JAWA TENGAH
2021-02-27,505,56,2008,-1559,122954,80242,5349,37363,JAWA TENGAH
2021-02-28,255,16,2167,-1928,123209,82409,5365,35435,JAWA TENGAH
2021-03-01,534,16,705,-187,123743,83114,5381,35248,JAWA TENGAH
2021-03-02,795,25,668,102,124538,83782,5406,35350,JAWA TENGAH
2021-03-03,383,22,1051,-690,124921,84833,5428,34660,JAWA TENGAH
2021-03-04,475,14,571,-110,125396,85404,5442,34550,JAWA TENGAH
2021-03-05,704,15,232,457,126100,85636,5457,35007,JAWA TENGAH
2021-03-06,482,8,41,433,126582,85677,5465,35440,JAWA TENGAH
2021-03-07,317,2,454,-139,126899,86131,5467,35301,JAWA TENGAH
2021-03-08,687,67,1858,-1238,127586,87989,5534,34063,JAWA TENGAH
2021-03-09,717,44,1507,-834,128303,89496,5578,33229,JAWA TENGAH
2021-03-10,245,27,512,-294,128548,90008,5605,32935,JAWA TENGAH
2021-03-11,212,11,270,-69,128760,90278,5616,32866,JAWA TENGAH
2021-03-12,402,24,607,-229,129162,90885,5640,32637,JAWA TENGAH
2021-03-13,132,9,206,-83,129294,91091,5649,32554,JAWA TENGAH
2021-03-14,119,3,85,31,129413,91176,5652,32585,JAWA TENGAH
2021-03-15,536,15,444,77,129949,91620,5667,32662,JAWA TENGAH
2021-03-16,454,33,1111,-690,130403,92731,5700,31972,JAWA TENGAH
2021-03-17,483,34,594,-145,130886,93325,5734,31827,JAWA TENGAH
2021-03-18,539,59,746,-266,131425,94071,5793,31561,JAWA TENGAH
2021-03-19,481,37,695,-251,131906,94766,5830,31310,JAWA TENGAH
2021-03-20,182,6,236,-60,132088,95002,5836,31250,JAWA TENGAH
2021-03-21,82,3,80,-1,132170,95082,5839,31249,JAWA TENGAH
2021-03-22,569,18,1368,-817,132739,96450,5857,30432,JAWA TENGAH
2021-03-23,604,20,873,-289,133343,97323,5877,30143,JAWA TENGAH
2021-03-24,318,16,957,-655,133661,98280,5893,29488,JAWA TENGAH
2021-03-25,360,15,468,-123,134021,98748,5908,29365,JAWA TENGAH
2021-03-26,210,7,429,-226,134231,99177,5915,29139,JAWA TENGAH
2021-03-27,114,6,75,33,134345,99252,5921,29172,JAWA TENGAH
2021-03-28,76,1,1,74,134421,99253,5922,29246,JAWA TENGAH
2021-03-29,314,29,677,-392,134735,99930,5951,28854,JAWA TENGAH
2021-03-30,522,14,906,-398,135257,100836,5965,28456,JAWA TENGAH
2021-03-31,387,9,536,-158,135644,101372,5974,28298,JAWA TENGAH
2021-04-01,541,9,657,-125,136185,102029,5983,28173,JAWA TENGAH
2021-04-02,180,9,107,64,136365,102136,5992,28237,JAWA TENGAH
2021-04-03,206,3,70,133,136571,102206,5995,28370,JAWA TENGAH
2021-04-04,159,36,12,111,136730,102218,6031,28481,JAWA TENGAH
2021-04-05,396,40,1605,-1249,137126,103823,6071,27232,JAWA TENGAH
2021-04-06,472,3,635,-166,137598,104458,6074,27066,JAWA TENGAH
2021-04-07,431,9,1808,-1386,138029,106266,6083,25680,JAWA TENGAH
2021-04-08,630,28,2163,-1561,138659,108429,6111,24119,JAWA TENGAH
2021-04-09,455,22,2174,-1741,139114,110603,6133,22378,JAWA TENGAH
2021-04-10,218,0,246,-28,139332,110849,6133,22350,JAWA TENGAH
2021-04-11,155,21,289,-155,139487,111138,6154,22195,JAWA TENGAH
2021-04-12,596,12,1029,-445,140083,112167,6166,21750,JAWA TENGAH
2021-04-13,690,13,1615,-938,140773,113782,6179,20812,JAWA TENGAH
2021-04-14,572,16,1392,-836,141345,115174,6195,19976,JAWA TENGAH
2021-04-15,677,33,1690,-1046,142022,116864,6228,18930,JAWA TENGAH
2021-04-16,503,23,1502,-1022,142525,118366,6251,17908,JAWA TENGAH
2021-04-17,415,2,1449,-1036,142940,119815,6253,16872,JAWA TENGAH
2021-04-18,329,6,1070,-747,143269,120885,6259,16125,JAWA TENGAH
2021-04-19,543,13,1474,-944,143812,122359,6272,15181,JAWA TENGAH
2021-04-20,540,51,1869,-1380,144352,124228,6323,13801,JAWA TENGAH
2021-04-21,533,69,1663,-1199,144885,125891,6392,12602,JAWA TENGAH
2021-04-22,478,31,1341,-894,145363,127232,6423,11708,JAWA TENGAH
2021-04-23,301,40,1219,-958,145664,128451,6463,10750,JAWA TENGAH
2021-04-24,265,39,491,-265,145929,128942,6502,10485,JAWA TENGAH
2021-04-25,196,0,244,-48,146125,129186,6502,10437,JAWA TENGAH
2021-04-26,520,46,381,93,146645,129567,6548,10530,JAWA TENGAH
2021-04-27,287,37,499,-249,146932,130066,6585,10281,JAWA TENGAH
2021-04-28,181,48,494,-361,147113,130560,6633,9920,JAWA TENGAH
2021-04-29,468,61,1091,-684,147581,131651,6694,9236,JAWA TENGAH
2021-04-30,330,59,746,-475,147911,132397,6753,8761,JAWA TENGAH
2021-05-01,154,20,186,-52,148065,132583,6773,8709,JAWA TENGAH
2021-05-02,145,15,59,71,148210,132642,6788,8780,JAWA TENGAH
2021-05-03,436,27,490,-81,148646,133132,6815,8699,JAWA TENGAH
2021-05-04,296,24,513,-241,148942,133645,6839,8458,JAWA TENGAH
2021-05-05,441,46,474,-79,149383,134119,6885,8379,JAWA TENGAH
2021-05-06,299,11,333,-45,149682,134452,6896,8334,JAWA TENGAH
2021-05-07,439,10,615,-186,150121,135067,6906,8148,JAWA TENGAH
2021-05-08,117,46,303,-232,150238,135370,6952,7916,JAWA TENGAH
2021-05-09,109,35,357,-283,150347,135727,6987,7633,JAWA TENGAH
2021-05-10,674,63,596,15,151021,136323,7050,7648,JAWA TENGAH
2021-05-11,439,64,634,-259,151460,136957,7114,7389,JAWA TENGAH
2021-05-12,92,22,230,-160,151552,137187,7136,7229,JAWA TENGAH
2021-05-13,372,2,906,-536,151924,138093,7138,6693,JAWA TENGAH
2021-05-14,135,17,354,-236,152059,138447,7155,6457,JAWA TENGAH
2021-05-15,196,29,345,-178,152255,138792,7184,6279,JAWA TENGAH
2021-05-16,283,11,306,-34,152538,139098,7195,6245,JAWA TENGAH
2021-05-17,550,37,727,-214,153088,139825,7232,6031,JAWA TENGAH
2021-05-18,461,11,517,-67,153549,140342,7243,5964,JAWA TENGAH
2021-05-19,328,44,152,132,153877,140494,7287,6096,JAWA TENGAH
2021-05-20,449,53,337,59,154326,140831,7340,6155,JAWA TENGAH
2021-05-21,538,38,134,366,154864,140965,7378,6521,JAWA TENGAH
2021-05-22,397,25,93,279,155261,141058,7403,6800,JAWA TENGAH
2021-05-23,281,16,197,68,155542,141255,7419,6868,JAWA TENGAH
2021-05-24,760,13,690,57,156302,141945,7432,6925,JAWA TENGAH
2021-05-25,557,23,259,275,156859,142204,7455,7200,JAWA TENGAH
2021-05-26,430,18,195,217,157289,142399,7473,7417,JAWA TENGAH
2021-05-27,563,4,182,377,157852,142581,7477,7794,JAWA TENGAH
2021-05-28,531,36,519,-24,158383,143100,7513,7770,JAWA TENGAH
2021-05-29,869,18,511,340,159252,143611,7531,8110,JAWA TENGAH
2021-05-30,821,6,215,600,160073,143826,7537,8710,JAWA TENGAH
2021-05-31,740,18,450,272,160813,144276,7555,8982,JAWA TENGAH
2021-06-01,702,19,96,587,161515,144372,7574,9569,JAWA TENGAH
2021-06-02,657,35,125,497,162172,144497,7609,10066,JAWA TENGAH
2021-06-03,573,22,354,197,162745,144851,7631,10263,JAWA TENGAH
2021-06-04,756,40,451,265,163501,145302,7671,10528,JAWA TENGAH
2021-06-05,883,13,89,781,164384,145391,7684,11309,JAWA TENGAH
2021-06-06,714,30,319,365,165098,145710,7714,11674,JAWA TENGAH
2021-06-07,1276,26,966,284,166374,146676,7740,11958,JAWA TENGAH
2021-06-08,1274,26,535,713,167648,147211,7766,12671,JAWA TENGAH
2021-06-09,1247,12,745,490,168895,147956,7778,13161,JAWA TENGAH
2021-06-10,1348,47,483,818,170243,148439,7825,13979,JAWA TENGAH
2021-06-11,991,31,648,312,171234,149087,7856,14291,JAWA TENGAH
2021-06-12,839,32,143,664,172073,149230,7888,14955,JAWA TENGAH
2021-06-13,2164,8,147,2009,174237,149377,7896,16964,JAWA TENGAH
2021-06-14,1455,52,539,864,175692,149916,7948,17828,JAWA TENGAH
2021-06-15,1773,14,684,1075,177465,150600,7962,18903,JAWA TENGAH
2021-06-16,1478,22,460,996,178943,151060,7984,19899,JAWA TENGAH
2021-06-17,1554,50,808,696,180497,151868,8034,20595,JAWA TENGAH
2021-06-18,1314,44,597,673,181811,152465,8078,21268,JAWA TENGAH
2021-06-19,1679,30,175,1474,183490,152640,8108,22742,JAWA TENGAH
2021-06-20,1574,71,132,1371,185064,152772,8179,24113,JAWA TENGAH
2021-06-21,2721,41,1765,915,187785,154537,8220,25028,JAWA TENGAH
2021-06-22,1924,62,1319,543,189709,155856,8282,25571,JAWA TENGAH
2021-06-23,1888,41,1590,257,191597,157446,8323,25828,JAWA TENGAH
2021-06-24,2401,63,1807,531,193998,159253,8386,26359,JAWA TENGAH
2021-06-25,1341,93,1528,-280,195339,160781,8479,26079,JAWA TENGAH
2021-06-26,1526,44,455,1027,196865,161236,8523,27106,JAWA TENGAH
2021-06-27,1429,86,353,990,198294,161589,8609,28096,JAWA TENGAH
2021-06-28,1444,58,1245,141,199738,162834,8667,28237,JAWA TENGAH
2021-06-29,2367,78,1248,1041,202105,164082,8745,29278,JAWA TENGAH
2021-06-30,2029,72,1549,408,204134,165631,8817,29686,JAWA TENGAH
2021-07-01,2227,148,1414,665,206361,167045,8965,30351,JAWA TENGAH
2021-07-02,2144,173,936,1035,208505,167981,9138,31386,JAWA TENGAH
2021-07-03,2762,207,1195,1360,211267,169176,9345,32746,JAWA TENGAH
2021-07-04,2450,76,789,1585,213717,169965,9421,34331,JAWA TENGAH
2021-07-05,2689,103,1249,1337,216406,171214,9524,35668,JAWA TENGAH
2021-07-06,3068,186,1369,1513,219474,172583,9710,37181,JAWA TENGAH
2021-07-07,3142,278,2235,629,222616,174818,9988,37810,JAWA TENGAH
2021-07-08,3392,199,1824,1369,226008,176642,10187,39179,JAWA TENGAH
2021-07-09,3671,151,2430,1090,229679,179072,10338,40269,JAWA TENGAH
2021-07-10,3042,130,1222,1690,232721,180294,10468,41959,JAWA TENGAH
2021-07-11,1878,128,2006,-256,234599,182300,10596,41703,JAWA TENGAH
2021-07-12,2282,153,2146,-17,236881,184446,10749,41686,JAWA TENGAH
2021-07-13,2677,135,1908,634,239558,186354,10884,42320,JAWA TENGAH
2021-07-14,3894,190,2166,1538,243452,188520,11074,43858,JAWA TENGAH
2021-07-15,3510,196,1803,1511,246962,190323,11270,45369,JAWA TENGAH
2021-07-16,3383,219,2244,920,250345,192567,11489,46289,JAWA TENGAH
2021-07-17,3986,197,1295,2494,254331,193862,11686,48783,JAWA TENGAH
2021-07-18,3614,145,2737,732,257945,196599,11831,49515,JAWA TENGAH
2021-07-19,3293,218,2917,158,261238,199516,12049,49673,JAWA TENGAH
2021-07-20,2706,221,3298,-813,263944,202814,12270,48860,JAWA TENGAH
2021-07-21,3413,311,3163,-61,267357,205977,12581,48799,JAWA TENGAH
2021-07-22,4344,303,4788,-747,271701,210765,12884,48052,JAWA TENGAH
2021-07-23,3544,365,3159,20,275245,213924,13249,48072,JAWA TENGAH
2021-07-24,4355,260,3168,927,279600,217092,13509,48999,JAWA TENGAH
2021-07-25,4523,195,2738,1590,284123,219830,13704,50589,JAWA TENGAH
2021-07-26,3199,222,3792,-815,287322,223622,13926,49774,JAWA TENGAH
2021-07-27,4014,326,3699,-11,291336,227321,14252,49763,JAWA TENGAH
2021-07-28,5267,321,3565,1381,296603,230886,14573,51144,JAWA TENGAH
2021-07-29,3340,421,4781,-1862,299943,235667,14994,49282,JAWA TENGAH
2021-07-30,3555,269,3704,-418,303498,239371,15263,48864,JAWA TENGAH
2021-07-31,3785,258,3594,-67,307283,242965,15521,48797,JAWA TENGAH
2021-08-01,3248,317,3486,-555,310531,246451,15838,48242,JAWA TENGAH
2021-08-02,2134,243,2638,-747,312665,249089,16081,47495,JAWA TENGAH
2021-08-03,3332,298,3033,1,315997,252122,16379,47496,JAWA TENGAH
2021-08-04,3096,426,4788,-2118,319093,256910,16805,45378,JAWA TENGAH
2021-08-05,3254,403,6169,-3318,322347,263079,17208,42060,JAWA TENGAH
2021-08-06,2156,345,6382,-4571,324503,269461,17553,37489,JAWA TENGAH
2021-08-07,3766,307,3900,-441,328269,273361,17860,37048,JAWA TENGAH
2021-08-08,3746,201,4230,-685,332015,277591,18061,36363,JAWA TENGAH
2021-08-09,3348,326,5069,-2047,335363,282660,18387,34316,JAWA TENGAH
2021-08-10,3668,388,4833,-1553,339031,287493,18775,32763,JAWA TENGAH
2021-08-11,3994,287,5599,-1892,343025,293092,19062,30871,JAWA TENGAH
2021-08-12,4252,319,6122,-2189,347277,299214,19381,28682,JAWA TENGAH
2021-08-13,3392,381,2984,27,350669,302198,19762,28709,JAWA TENGAH
2021-08-14,3684,312,4183,-811,354353,306381,20074,27898,JAWA TENGAH
2021-08-15,3304,252,3265,-213,357657,309646,20326,27685,JAWA TENGAH
2021-08-16,3012,297,3161,-446,360669,312807,20623,27239,JAWA TENGAH
2021-08-17,2565,241,3843,-1519,363234,316650,20864,25720,JAWA TENGAH
2021-08-18,2461,235,3144,-918,365695,319794,21099,24802,JAWA TENGAH
2021-08-19,1168,317,1424,-573,366863,321218,21416,24229,JAWA TENGAH
2021-08-20,1154,288,1142,-276,368017,322360,21704,23953,JAWA TENGAH
2021-08-21,1028,258,1248,-478,369045,323608,21962,23475,JAWA TENGAH
2021-08-22,664,253,1081,-670,369709,324689,22215,22805,JAWA TENGAH
2021-08-23,626,78,788,-240,370335,325477,22293,22565,JAWA TENGAH
2021-08-24,996,96,758,142,371331,326235,22389,22707,JAWA TENGAH
2021-08-25,645,87,1230,-672,371976,327465,22476,22035,JAWA TENGAH
2021-08-26,656,61,964,-369,372632,328429,22537,21666,JAWA TENGAH
2021-08-27,842,38,837,-33,373474,329266,22575,21633,JAWA TENGAH
2021-08-28,594,38,540,16,374068,329806,22613,21649,JAWA TENGAH
2021-08-29,403,32,1032,-661,374471,330838,22645,20988,JAWA TENGAH
2021-08-30,417,34,746,-363,374888,331584,22679,20625,JAWA TENGAH
2021-08-31,505,26,872,-393,375393,332456,22705,20232,JAWA TENGAH
2021-09-01,783,136,928,-281,376176,333384,22841,19951,JAWA TENGAH
2021-09-02,910,174,3991,-3255,377086,337375,23015,16696,JAWA TENGAH
2021-09-03,586,102,1102,-618,377672,338477,23117,16078,JAWA TENGAH
2021-09-04,404,55,389,-40,378076,338866,23172,16038,JAWA TENGAH
2021-09-05,501,73,853,-425,378577,339719,23245,15613,JAWA TENGAH
2021-09-06,600,60,794,-254,379177,340513,23305,15359,JAWA TENGAH
2021-09-07,773,88,903,-218,379950,341416,23393,15141,JAWA TENGAH
2021-09-08,586,116,822,-352,380536,342238,23509,14789,JAWA TENGAH
2021-09-09,419,58,543,-182,380955,342781,23567,14607,JAWA TENGAH
2021-09-10,396,36,506,-146,381351,343287,23603,14461,JAWA TENGAH
2021-09-11,234,27,310,-103,381585,343597,23630,14358,JAWA TENGAH
2021-09-12,139,12,1608,-1481,381724,345205,23642,12877,JAWA TENGAH
2021-09-13,295,27,1602,-1334,382019,346807,23669,11543,JAWA TENGAH
2021-09-14,282,40,1687,-1445,382301,348494,23709,10098,JAWA TENGAH
2021-09-15,265,32,1540,-1307,382566,350034,23741,8791,JAWA TENGAH
2021-09-16,249,31,1520,-1302,382815,351554,23772,7489,JAWA TENGAH
2021-09-17,213,33,1509,-1329,383028,353063,23805,6160,JAWA TENGAH
2021-09-18,237,28,1056,-847,383265,354119,23833,5313,JAWA TENGAH
2021-09-19,171,9,1125,-963,383436,355244,23842,4350,JAWA TENGAH
2021-09-20,254,14,1558,-1318,383690,356802,23856,3032,JAWA TENGAH
2021-09-21,193,17,266,-90,383883,357068,23873,2942,JAWA TENGAH
2021-09-22,150,12,202,-64,384033,357270,23885,2878,JAWA TENGAH
2021-09-23,268,14,191,63,384301,357461,23899,2941,JAWA TENGAH
2021-09-24,232,13,181,38,384533,357642,23912,2979,JAWA TENGAH
2021-09-25,250,11,166,73,384783,357808,23923,3052,JAWA TENGAH
2021-09-26,145,3,156,-14,384928,357964,23926,3038,JAWA TENGAH
2021-09-27,144,10,201,-67,385072,358165,23936,2971,JAWA TENGAH
2021-09-28,258,17,239,2,385330,358404,23953,2973,JAWA TENGAH
2021-09-29,163,11,235,-83,385493,358639,23964,2890,JAWA TENGAH
2021-09-30,125,25,217,-117,385618,358856,23989,2773,JAWA TENGAH
2021-10-01,89,11,172,-94,385707,359028,24000,2679,JAWA TENGAH
2021-10-02,87,5,93,-11,385794,359121,24005,2668,JAWA TENGAH
2021-10-03,41,3,164,-126,385835,359285,24008,2542,JAWA TENGAH
2021-10-04,65,4,302,-241,385900,359587,24012,2301,JAWA TENGAH
2021-10-05,74,12,142,-80,385974,359729,24024,2221,JAWA TENGAH
2021-10-06,148,8,116,24,386122,359845,24032,2245,JAWA TENGAH
2021-10-07,130,7,122,1,386252,359967,24039,2246,JAWA TENGAH
2021-10-08,114,7,114,-7,386366,360081,24046,2239,JAWA TENGAH
2021-10-09,113,6,82,25,386479,360163,24052,2264,JAWA TENGAH
2021-10-10,71,4,67,0,386550,360230,24056,2264,JAWA TENGAH
2021-10-11,78,8,135,-65,386628,360365,24064,2199,JAWA TENGAH
2021-10-12,121,6,114,1,386749,360479,24070,2200,JAWA TENGAH
2021-10-13,92,7,503,-418,386841,360982,24077,1782,JAWA TENGAH
2021-10-14,127,6,114,7,386968,361096,24083,1789,JAWA TENGAH
2021-10-15,71,4,108,-41,387039,361204,24087,1748,JAWA TENGAH
2021-10-16,100,7,71,22,387139,361275,24094,1770,JAWA TENGAH
2021-10-17,64,1,90,-27,387203,361365,24095,1743,JAWA TENGAH
2021-10-18,48,9,167,-128,387251,361532,24104,1615,JAWA TENGAH
2021-10-19,87,8,96,-17,387338,361628,24112,1598,JAWA TENGAH
2021-10-20,64,2,54,8,387402,361682,24114,1606,JAWA TENGAH
2021-10-21,72,14,98,-40,387474,361780,24128,1566,JAWA TENGAH
2021-10-22,66,6,137,-77,387540,361917,24134,1489,JAWA TENGAH
2021-10-23,116,2,100,14,387656,362017,24136,1503,JAWA TENGAH
2021-10-24,45,5,114,-74,387701,362131,24141,1429,JAWA TENGAH
2021-10-25,36,9,93,-66,387737,362224,24150,1363,JAWA TENGAH
2021-10-26,68,6,87,-25,387805,362311,24156,1338,JAWA TENGAH
2021-10-27,95,5,67,23,387900,362378,24161,1361,JAWA TENGAH
2021-10-28,72,5,64,3,387972,362442,24166,1364,JAWA TENGAH
2021-10-29,56,4,83,-31,388028,362525,24170,1333,JAWA TENGAH
2021-10-30,53,4,51,-2,388081,362576,24174,1331,JAWA TENGAH
2021-10-31,41,3,38,0,388122,362614,24177,1331,JAWA TENGAH
2021-11-01,56,5,77,-26,388178,362691,24182,1305,JAWA TENGAH
2021-11-02,53,6,81,-34,388231,362772,24188,1271,JAWA TENGAH
2021-11-03,62,1,59,2,388293,362831,24189,1273,JAWA TENGAH
2021-11-04,44,1,185,-142,388337,363016,24190,1131,JAWA TENGAH
2021-11-05,47,5,68,-26,388384,363084,24195,1105,JAWA TENGAH
2021-11-06,45,3,31,11,388429,363115,24198,1116,JAWA TENGAH
2021-11-07,30,1,26,3,388459,363141,24199,1119,JAWA TENGAH
2021-11-08,22,4,62,-44,388481,363203,24203,1075,JAWA TENGAH
2021-11-09,33,3,61,-31,388514,363264,24206,1044,JAWA TENGAH
2021-11-10,47,0,62,-15,388561,363326,24206,1029,JAWA TENGAH
2021-11-11,55,3,68,-16,388616,363394,24209,1013,JAWA TENGAH
2021-11-12,38,3,34,1,388654,363428,24212,1014,JAWA TENGAH
2021-11-13,33,2,17,14,388687,363445,24214,1028,JAWA TENGAH
2021-11-14,25,2,32,-9,388712,363477,24216,1019,JAWA TENGAH
2021-11-15,22,4,49,-31,388734,363526,24220,988,JAWA TENGAH
2021-11-16,19,3,75,-59,388753,363601,24223,929,JAWA TENGAH
2021-11-17,29,3,38,-12,388782,363639,24226,917,JAWA TENGAH
2021-11-18,20,1,53,-34,388802,363692,24227,883,JAWA TENGAH
2021-11-19,29,0,26,3,388831,363718,24227,886,JAWA TENGAH
2021-11-20,48,4,30,14,388879,363748,24231,900,JAWA TENGAH
2021-11-21,16,2,23,-9,388895,363771,24233,891,JAWA TENGAH
2021-11-22,12,0,42,-30,388907,363813,24233,861,JAWA TENGAH
2021-11-23,28,3,36,-11,388935,363849,24236,850,JAWA TENGAH
2021-11-24,43,2,19,22,388978,363868,24238,872,JAWA TENGAH
2021-11-25,37,5,56,-24,389015,363924,24243,848,JAWA TENGAH
2021-11-26,34,2,16,16,389049,363940,24245,864,JAWA TENGAH
2021-11-27,39,3,26,10,389088,363966,24248,874,JAWA TENGAH
2021-11-28,26,0,21,5,389114,363987,24248,879,JAWA TENGAH
2021-11-29,16,3,40,-27,389130,364027,24251,852,JAWA TENGAH
2021-11-30,29,1,24,4,389159,364051,24252,856,JAWA TENGAH
2021-12-01,16,5,10,1,389175,364061,24257,857,JAWA TENGAH
2021-12-02,27,4,29,-6,389202,364090,24261,851,JAWA TENGAH
2021-12-03,20,2,28,-10,389222,364118,24263,841,JAWA TENGAH
2021-12-04,29,0,18,11,389251,364136,24263,852,JAWA TENGAH
2021-12-05,9,1,29,-21,389260,364165,24264,831,JAWA TENGAH
2021-12-06,6,0,37,-31,389266,364202,24264,800,JAWA TENGAH
2021-12-07,16,2,31,-17,389282,364233,24266,783,JAWA TENGAH
2021-12-08,33,5,37,-9,389315,364270,24271,774,JAWA TENGAH
2021-12-09,13,3,36,-26,389328,364306,24274,748,JAWA TENGAH
2021-12-10,17,1,34,-18,389345,364340,24275,730,JAWA TENGAH
2021-12-11,11,3,8,0,389356,364348,24278,730,JAWA TENGAH
2021-12-12,9,0,24,-15,389365,364372,24278,715,JAWA TENGAH
2021-12-13,11,3,26,-18,389376,364398,24281,697,JAWA TENGAH
2021-12-14,16,1,31,-16,389392,364429,24282,681,JAWA TENGAH
2021-12-15,23,5,27,-9,389415,364456,24287,672,JAWA TENGAH
2021-12-16,19,1,30,-12,389434,364486,24288,660,JAWA TENGAH
2021-12-17,17,1,16,0,389451,364502,24289,660,JAWA TENGAH
2021-12-18,17,1,11,5,389468,364513,24290,665,JAWA TENGAH
2021-12-19,5,0,4,1,389473,364517,24290,666,JAWA TENGAH
2021-12-20,6,2,31,-27,389479,364548,24292,639,JAWA TENGAH
2021-12-21,17,3,10,4,389496,364558,24295,643,JAWA TENGAH
2021-12-22,15,1,25,-11,389511,364583,24296,632,JAWA TENGAH
2021-12-23,16,5,24,-13,389527,364607,24301,619,JAWA TENGAH
2021-12-24,10,2,11,-3,389537,364618,24303,616,JAWA TENGAH
2021-12-25,18,2,4,12,389555,364622,24305,628,JAWA TENGAH
2021-12-26,3,0,11,-8,389558,364633,24305,620,JAWA TENGAH
2021-12-27,6,4,8,-6,389564,364641,24309,614,JAWA TENGAH
2021-12-28,13,0,7,6,389577,364648,24309,620,JAWA TENGAH
2021-12-29,6,2,10,-6,389583,364658,24311,614,JAWA TENGAH
2021-12-30,10,1,26,-17,389593,364684,24312,597,JAWA TENGAH
2021-12-31,6,0,7,-1,389599,364691,24312,596,JAWA TENGAH
2022-01-01,3,0,8,-5,389602,364699,24312,591,JAWA TENGAH
2022-01-02,4,0,5,-1,389606,364704,24312,590,JAWA TENGAH
2022-01-03,6,0,12,-6,389612,364716,24312,584,JAWA TENGAH
2022-01-04,9,1,13,-5,389621,364729,24313,579,JAWA TENGAH
2022-01-05,19,0,3,16,389640,364732,24313,595,JAWA TENGAH
2022-01-06,8,1,14,-7,389648,364746,24314,588,JAWA TENGAH
2022-01-07,21,1,9,11,389669,364755,24315,599,JAWA TENGAH
2022-01-08,8,0,12,-4,389677,364767,24315,595,JAWA TENGAH
2022-01-09,5,0,5,0,389682,364772,24315,595,JAWA TENGAH
2022-01-10,8,0,10,-2,389690,364782,24315,593,JAWA TENGAH
2022-01-11,11,0,3,8,389701,364785,24315,601,JAWA TENGAH
2022-01-12,16,0,6,10,389717,364791,24315,611,JAWA TENGAH
2022-01-13,14,1,5,8,389731,364796,24316,619,JAWA TENGAH
2022-01-14,8,1,5,2,389739,364801,24317,621,JAWA TENGAH
2022-01-15,4,0,3,1,389743,364804,24317,622,JAWA TENGAH
2022-01-16,15,1,5,9,389758,364809,24318,631,JAWA TENGAH
2022-01-17,4,1,5,-2,389762,364814,24319,629,JAWA TENGAH
2022-01-18,12,0,30,-18,389774,364844,24319,611,JAWA TENGAH
2022-01-19,24,1,16,7,389798,364860,24320,618,JAWA TENGAH
2022-01-20,21,2,10,9,389819,364870,24322,627,JAWA TENGAH
2022-01-21,20,1,8,11,389839,364878,24323,638,JAWA TENGAH
2022-01-22,33,0,4,29,389872,364882,24323,667,JAWA TENGAH
2022-01-23,33,1,12,20,389905,364894,24324,687,JAWA TENGAH
2022-01-24,20,3,9,8,389925,364903,24327,695,JAWA TENGAH
2022-01-25,66,0,17,49,389991,364920,24327,744,JAWA TENGAH
2022-01-26,91,1,10,80,390082,364930,24328,824,JAWA TENGAH
2022-01-27,108,2,16,90,390190,364946,24330,914,JAWA TENGAH
2022-01-28,128,0,17,111,390318,364963,24330,1025,JAWA TENGAH
2022-01-29,189,0,14,175,390507,364977,24330,1200,JAWA TENGAH
2022-01-30,152,2,13,137,390659,364990,24332,1337,JAWA TENGAH
2022-01-31,165,0,24,141,390824,365014,24332,1478,JAWA TENGAH
2022-02-01,272,3,35,234,391096,365049,24335,1712,JAWA TENGAH
2022-02-02,303,3,58,242,391399,365107,24338,1954,JAWA TENGAH
2022-02-03,496,3,76,417,391895,365183,24341,2371,JAWA TENGAH
2022-02-04,674,3,90,581,392569,365273,24344,2952,JAWA TENGAH
2022-02-05,820,3,69,748,393389,365342,24347,3700,JAWA TENGAH
2022-02-06,919,2,89,828,394308,365431,24349,4528,JAWA TENGAH
2022-02-07,721,8,149,564,395029,365580,24357,5092,JAWA TENGAH
2022-02-08,1118,6,200,912,396147,365780,24363,6004,JAWA TENGAH
2022-02-09,1622,4,295,1323,397769,366075,24367,7327,JAWA TENGAH
2022-02-10,1907,7,308,1592,399676,366383,24374,8919,JAWA TENGAH
2022-02-11,2139,10,550,1579,401815,366933,24384,10498,JAWA TENGAH
2022-02-12,2518,17,581,1920,404333,367514,24401,12418,JAWA TENGAH
2022-02-13,2580,10,715,1855,406913,368229,24411,14273,JAWA TENGAH
2022-02-14,1906,18,903,985,408819,369132,24429,15258,JAWA TENGAH
2022-02-15,2804,17,969,1818,411623,370101,24446,17076,JAWA TENGAH
2022-02-16,3981,18,1423,2540,415604,371524,24464,19616,JAWA TENGAH
2022-02-17,3803,26,1293,2484,419407,372817,24490,22100,JAWA TENGAH
2022-02-18,4759,36,1470,3253,424166,374287,24526,25353,JAWA TENGAH
2022-02-19,4197,21,1162,3014,428363,375449,24547,28367,JAWA TENGAH
2022-02-20,3465,19,1759,1687,431828,377208,24566,30054,JAWA TENGAH
2022-02-21,2717,30,2260,427,434545,379468,24596,30481,JAWA TENGAH
2022-02-22,3390,55,2607,728,437935,382075,24651,31209,JAWA TENGAH
2022-02-23,4353,40,2567,1746,442288,384642,24691,32955,JAWA TENGAH
2022-02-24,4828,33,2515,2280,447116,387157,24724,35235,JAWA TENGAH
2022-02-25,3919,48,2932,939,451035,390089,24772,36174,JAWA TENGAH
2022-02-26,4518,47,2236,2235,455553,392325,24819,38409,JAWA TENGAH
2022-02-27,3617,36,3108,473,459170,395433,24855,38882,JAWA TENGAH
2022-02-28,2323,24,3505,-1206,461493,398938,24879,37676,JAWA TENGAH
2022-03-01,1873,53,3651,-1831,463366,402589,24932,35845,JAWA TENGAH
2022-03-02,3080,75,4098,-1093,466446,406687,25007,34752,JAWA TENGAH
2022-03-03,2603,37,2354,212,469049,409041,25044,34964,JAWA TENGAH
2022-03-04,2683,74,3501,-892,471732,412542,25118,34072,JAWA TENGAH
2022-03-05,1205,76,1886,-757,472937,414428,25194,33315,JAWA TENGAH
2022-03-06,2027,34,3958,-1965,474964,418386,25228,31350,JAWA TENGAH
2022-03-07,3286,45,3361,-120,478250,421747,25273,31230,JAWA TENGAH
2022-03-08,2152,114,4077,-2039,480402,425824,25387,29191,JAWA TENGAH
2022-03-09,2501,66,3397,-962,482903,429221,25453,28229,JAWA TENGAH
2022-03-10,2129,76,3310,-1257,485032,432531,25529,26972,JAWA TENGAH
2022-03-11,1352,73,2446,-1167,486384,434977,25602,25805,JAWA TENGAH
2022-03-12,1021,44,1886,-909,487405,436863,25646,24896,JAWA TENGAH
2022-03-13,880,31,1664,-815,488285,438527,25677,24081,JAWA TENGAH
2022-03-14,723,46,2620,-1943,489008,441147,25723,22138,JAWA TENGAH
2022-03-15,1259,63,2537,-1341,490267,443684,25786,20797,JAWA TENGAH
2022-03-16,1411,52,1664,-305,491678,445348,25838,20492,JAWA TENGAH
2022-03-17,1151,52,2020,-921,492829,447368,25890,19571,JAWA TENGAH
2022-03-18,848,44,1751,-947,493677,449119,25934,18624,JAWA TENGAH
2022-03-19,710,36,1136,-462,494387,450255,25970,18162,JAWA TENGAH
2022-03-20,531,35,1203,-707,494918,451458,26005,17455,JAWA TENGAH
2022-03-21,525,34,1307,-816,495443,452765,26039,16639,JAWA TENGAH
2022-03-22,657,38,1475,-856,496100,454240,26077,15783,JAWA TENGAH
2022-03-23,591,30,993,-432,496691,455233,26107,15351,JAWA TENGAH
2022-03-24,498,31,1126,-659,497189,456359,26138,14692,JAWA TENGAH
2022-03-25,387,25,862,-500,497576,457221,26163,14192,JAWA TENGAH
2022-03-26,317,26,575,-284,497893,457796,26189,13908,JAWA TENGAH
2022-03-27,209,25,460,-276,498102,458256,26214,13632,JAWA TENGAH
2022-03-28,197,27,490,-320,498299,458746,26241,13312,JAWA TENGAH
2022-03-29,267,18,582,-333,498566,459328,26259,12979,JAWA TENGAH
2022-03-30,364,29,631,-296,498930,459959,26288,12683,JAWA TENGAH
2022-03-31,373,12,540,-179,499303,460499,26300,12504,JAWA TENGAH
2022-04-01,226,10,417,-201,499529,460916,26310,12303,JAWA TENGAH
2022-04-02,173,14,350,-191,499702,461266,26324,12112,JAWA TENGAH
2022-04-03,93,1,222,-130,499795,461488,26325,11982,JAWA TENGAH
2022-04-04,113,4,805,-696,499908,462293,26329,11286,JAWA TENGAH
2022-04-05,237,10,993,-766,500145,463286,26339,10520,JAWA TENGAH
2022-04-06,241,11,474,-244,500386,463760,26350,10276,JAWA TENGAH
2022-04-07,148,6,522,-380,500534,464282,26356,9896,JAWA TENGAH
2022-04-08,117,7,330,-220,500651,464612,26363,9676,JAWA TENGAH
2022-04-09,84,8,148,-72,500735,464760,26371,9604,JAWA TENGAH
2022-04-10,54,4,205,-155,500789,464965,26375,9449,JAWA TENGAH
2022-04-11,95,6,333,-244,500884,465298,26381,9205,JAWA TENGAH
2022-04-12,147,8,280,-141,501031,465578,26389,9064,JAWA TENGAH
2022-04-13,75,10,179,-114,501106,465757,26399,8950,JAWA TENGAH
2022-04-14,75,7,259,-191,501181,466016,26406,8759,JAWA TENGAH
2022-04-15,58,10,520,-472,501239,466536,26416,8287,JAWA TENGAH
2022-04-16,43,6,435,-398,501282,466971,26422,7889,JAWA TENGAH
2022-04-17,29,5,165,-141,501311,467136,26427,7748,JAWA TENGAH
2022-04-18,37,7,379,-349,501348,467515,26434,7399,JAWA TENGAH
2022-04-19,56,7,297,-248,501404,467812,26441,7151,JAWA TENGAH
2022-04-20,45,0,188,-143,501449,468000,26441,7008,JAWA TENGAH
2022-04-21,29,8,3913,-3892,501478,471913,26449,3116,JAWA TENGAH
2022-04-22,85,10,776,-701,501563,472689,26459,2415,JAWA TENGAH
2022-04-23,26,12,251,-237,501589,472940,26471,2178,JAWA TENGAH
2022-04-24,13,8,168,-163,501602,473108,26479,2015,JAWA TENGAH
2022-04-25,21,7,269,-255,501623,473377,26486,1760,JAWA TENGAH
2022-04-26,20,8,58,-46,501643,473435,26494,1714,JAWA TENGAH
2022-04-27,165,6,354,-195,501808,473789,26500,1519,JAWA TENGAH
2022-04-28,35,6,264,-235,501843,474053,26506,1284,JAWA TENGAH
2022-04-29,35,8,46,-19,501878,474099,26514,1265,JAWA TENGAH
2022-04-30,18,8,20,-10,501896,474119,26522,1255,JAWA TENGAH
2022-05-01,8,7,17,-16,501904,474136,26529,1239,JAWA TENGAH
2022-05-02,6,5,13,-12,501910,474149,26534,1227,JAWA TENGAH
2022-05-03,3,10,12,-19,501913,474161,26544,1208,JAWA TENGAH
2022-05-04,9,7,14,-12,501922,474175,26551,1196,JAWA TENGAH
2022-05-05,11,10,19,-18,501933,474194,26561,1178,JAWA TENGAH
2022-05-06,15,10,19,-14,501948,474213,26571,1164,JAWA TENGAH
2022-05-07,17,6,19,-8,501965,474232,26577,1156,JAWA TENGAH
2022-05-08,11,6,19,-14,501976,474251,26583,1142,JAWA TENGAH
2022-05-09,16,6,33,-23,501992,474284,26589,1119,JAWA TENGAH
2022-05-10,24,1,34,-11,502016,474318,26590,1108,JAWA TENGAH
2022-05-11,25,5,313,-293,502041,474631,26595,815,JAWA TENGAH
2022-05-12,23,3,66,-46,502064,474697,26598,769,JAWA TENGAH
2022-05-13,17,2,72,-57,502081,474769,26600,712,JAWA TENGAH
2022-05-14,17,0,94,-77,502098,474863,26600,635,JAWA TENGAH
2022-05-15,8,0,6,2,502106,474869,26600,637,JAWA TENGAH
2022-05-16,14,0,15,-1,502120,474884,26600,636,JAWA TENGAH
2022-05-17,30,2,36,-8,502150,474920,26602,628,JAWA TENGAH
2022-05-18,24,3,158,-137,502174,475078,26605,491,JAWA TENGAH
2022-05-19,27,4,168,-145,502201,475246,26609,346,JAWA TENGAH
2022-05-20,16,2,21,-7,502217,475267,26611,339,JAWA TENGAH
2022-05-21,15,1,10,4,502232,475277,26612,343,JAWA TENGAH
2022-05-22,7,0,10,-3,502239,475287,26612,340,JAWA TENGAH
2022-05-23,5,1,11,-7,502244,475298,26613,333,JAWA TENGAH
2022-05-24,8,1,18,-11,502252,475316,26614,322,JAWA TENGAH
2022-05-25,12,0,14,-2,502264,475330,26614,320,JAWA TENGAH
2022-05-26,13,0,22,-9,502277,475352,26614,311,JAWA TENGAH
2022-05-27,3,3,5,-5,502280,475357,26617,306,JAWA TENGAH
2022-05-28,8,0,12,-4,502288,475369,26617,302,JAWA TENGAH
2022-05-29,5,0,2,3,502293,475371,26617,305,JAWA TENGAH
2022-05-30,11,0,13,-2,502304,475384,26617,303,JAWA TENGAH
2022-05-31,13,1,11,1,502317,475395,26618,304,JAWA TENGAH
2022-06-01,8,1,4,3,502325,475399,26619,307,JAWA TENGAH
2022-06-02,6,2,11,-7,502331,475410,26621,300,JAWA TENGAH
2022-06-03,17,2,43,-28,502348,475453,26623,272,JAWA TENGAH
2022-06-04,13,0,7,6,502361,475460,26623,278,JAWA TENGAH
2022-06-05,9,2,11,-4,502370,475471,26625,274,JAWA TENGAH
2022-06-06,18,0,6,12,502388,475477,26625,286,JAWA TENGAH
2022-06-07,8,1,15,-8,502396,475492,26626,278,JAWA TENGAH
2022-06-08,2,1,4,-3,502398,475496,26627,275,JAWA TENGAH
2022-06-09,11,2,9,0,502409,475505,26629,275,JAWA TENGAH
2022-06-10,10,1,7,2,502419,475512,26630,277,JAWA TENGAH
2022-06-11,4,0,5,-1,502423,475517,26630,276,JAWA TENGAH
2022-06-12,11,0,5,6,502434,475522,26630,282,JAWA TENGAH
2022-06-13,8,3,9,-4,502442,475531,26633,278,JAWA TENGAH
2022-06-14,4,1,10,-7,502446,475541,26634,271,JAWA TENGAH
2022-06-15,11,0,8,3,502457,475549,26634,274,JAWA TENGAH
2022-06-16,8,0,13,-5,502465,475562,26634,269,JAWA TENGAH
2022-06-17,27,0,8,19,502492,475570,26634,288,JAWA TENGAH
2022-06-18,21,1,2,18,502513,475572,26635,306,JAWA TENGAH
2022-06-19,12,1,5,6,502525,475577,26636,312,JAWA TENGAH
2022-06-20,14,0,8,6,502539,475585,26636,318,JAWA TENGAH
2022-06-21,18,1,18,-1,502557,475603,26637,317,JAWA TENGAH
2022-06-22,33,1,11,21,502590,475614,26638,338,JAWA TENGAH
2022-06-23,33,0,8,25,502623,475622,26638,363,JAWA TENGAH
2022-06-24,17,1,8,8,502640,475630,26639,371,JAWA TENGAH
2022-06-25,23,0,9,14,502663,475639,26639,385,JAWA TENGAH
2022-06-26,20,1,6,13,502683,475645,26640,398,JAWA TENGAH
2022-06-27,17,0,20,-3,502700,475665,26640,395,JAWA TENGAH
2022-06-28,19,1,27,-9,502719,475692,26641,386,JAWA TENGAH
2022-06-29,43,0,30,13,502762,475722,26641,399,JAWA TENGAH
2022-06-30,28,0,17,11,502790,475739,26641,410,JAWA TENGAH
2022-07-01,23,0,20,3,502813,475759,26641,413,JAWA TENGAH
2022-07-02,21,0,31,-10,502834,475790,26641,403,JAWA TENGAH
2022-07-03,25,0,7,18,502859,475797,26641,421,JAWA TENGAH
2022-07-04,33,0,13,20,502892,475810,26641,441,JAWA TENGAH
2022-07-05,31,1,21,9,502923,475831,26642,450,JAWA TENGAH
2022-07-06,37,0,7,30,502960,475838,26642,480,JAWA TENGAH
2022-07-07,43,0,20,23,503003,475858,26642,503,JAWA TENGAH
2022-07-08,33,2,38,-7,503036,475896,26644,496,JAWA TENGAH
2022-07-09,51,0,13,38,503087,475909,26644,534,JAWA TENGAH
2022-07-10,28,0,14,14,503115,475923,26644,548,JAWA TENGAH
2022-07-11,22,0,49,-27,503137,475972,26644,521,JAWA TENGAH
2022-07-12,48,0,26,22,503185,475998,26644,543,JAWA TENGAH
2022-07-13,66,2,31,33,503251,476029,26646,576,JAWA TENGAH
2022-07-14,67,3,45,19,503318,476074,26649,595,JAWA TENGAH
2022-07-15,70,1,31,38,503388,476105,26650,633,JAWA TENGAH
2022-07-16,58,0,8,50,503446,476113,26650,683,JAWA TENGAH
2022-07-17,50,2,13,35,503496,476126,26652,718,JAWA TENGAH
2022-07-18,59,3,32,24,503555,476158,26655,742,JAWA TENGAH
2022-07-19,69,0,31,38,503624,476189,26655,780,JAWA TENGAH
2022-07-20,79,0,107,-28,503703,476296,26655,752,JAWA TENGAH
2022-07-21,68,1,25,42,503771,476321,26656,794,JAWA TENGAH
2022-07-22,88,2,47,39,503859,476368,26658,833,JAWA TENGAH
2022-07-23,73,3,25,45,503932,476393,26661,878,JAWA TENGAH
2022-07-24,62,0,28,34,503994,476421,26661,912,JAWA TENGAH
2022-07-25,47,1,67,-21,504041,476488,26662,891,JAWA TENGAH
2022-07-26,92,1,94,-3,504133,476582,26663,888,JAWA TENGAH
2022-07-27,92,0,74,18,504225,476656,26663,906,JAWA TENGAH
2022-07-28,106,2,75,29,504331,476731,26665,935,JAWA TENGAH
2022-07-29,73,0,66,7,504404,476797,26665,942,JAWA TENGAH
2022-07-30,125,1,21,103,504529,476818,26666,1045,JAWA TENGAH
2022-07-31,78,0,34,44,504607,476852,26666,1089,JAWA TENGAH
2022-08-01,56,2,104,-50,504663,476956,26668,1039,JAWA TENGAH
2022-08-02,113,3,69,41,504776,477025,26671,1080,JAWA TENGAH
2022-08-03,92,3,88,1,504868,477113,26674,1081,JAWA TENGAH
2022-08-04,78,0,65,13,504946,477178,26674,1094,JAWA TENGAH
2022-08-05,259,3,58,198,505205,477236,26677,1292,JAWA TENGAH
2022-08-06,117,1,45,71,505322,477281,26678,1363,JAWA TENGAH
2022-08-07,54,0,75,-21,505376,477356,26678,1342,JAWA TENGAH
2022-08-08,137,2,105,30,505513,477461,26680,1372,JAWA TENGAH
2022-08-09,117,2,83,32,505630,477544,26682,1404,JAWA TENGAH
2022-08-10,157,2,89,66,505787,477633,26684,1470,JAWA TENGAH
2022-08-11,89,2,102,-15,505876,477735,26686,1455,JAWA TENGAH
2022-08-12,203,1,93,109,506079,477828,26687,1564,JAWA TENGAH
2022-08-13,73,4,78,-9,506152,477906,26691,1555,JAWA TENGAH
2022-08-14,153,2,30,121,506305,477936,26693,1676,JAWA TENGAH
2022-08-15,80,4,132,-56,506385,478068,26697,1620,JAWA TENGAH
2022-08-16,145,5,237,-97,506530,478305,26702,1523,JAWA TENGAH
2022-08-17,87,0,44,43,506617,478349,26702,1566,JAWA TENGAH
2022-08-18,116,4,98,14,506733,478447,26706,1580,JAWA TENGAH
2022-08-19,103,5,121,-23,506836,478568,26711,1557,JAWA TENGAH
2022-08-20,121,5,99,17,506957,478667,26716,1574,JAWA TENGAH
2022-08-21,137,6,28,103,507094,478695,26722,1677,JAWA TENGAH
2022-08-22,58,3,184,-129,507152,478879,26725,1548,JAWA TENGAH
2022-08-23,151,4,181,-34,507303,479060,26729,1514,JAWA TENGAH
2022-08-24,134,4,144,-14,507437,479204,26733,1500,JAWA TENGAH
2022-08-25,143,1,112,30,507580,479316,26734,1530,JAWA TENGAH
2022-08-26,126,3,110,13,507706,479426,26737,1543,JAWA TENGAH
2022-08-27,84,2,53,29,507790,479479,26739,1572,JAWA TENGAH
2022-08-28,114,0,18,96,507904,479497,26739,1668,JAWA TENGAH
2022-08-29,79,4,171,-96,507983,479668,26743,1572,JAWA TENGAH
2022-08-30,117,4,180,-67,508100,479848,26747,1505,JAWA TENGAH
2022-08-31,116,3,127,-14,508216,479975,26750,1491,JAWA TENGAH
2022-09-01,94,4,343,-253,508310,480318,26754,1238,JAWA TENGAH
2022-09-02,149,4,110,35,508459,480428,26758,1273,JAWA TENGAH
2022-09-03,78,3,80,-5,508537,480508,26761,1268,JAWA TENGAH
2022-09-04,92,3,61,28,508629,480569,26764,1296,JAWA TENGAH
2022-09-05,63,2,135,-74,508692,480704,26766,1222,JAWA TENGAH
2022-09-06,88,4,132,-48,508780,480836,26770,1174,JAWA TENGAH
2022-09-07,76,3,174,-101,508856,481010,26773,1073,JAWA TENGAH
2022-09-08,77,2,90,-15,508933,481100,26775,1058,JAWA TENGAH
2022-09-09,69,0,108,-39,509002,481208,26775,1019,JAWA TENGAH
2022-09-10,129,5,63,61,509131,481271,26780,1080,JAWA TENGAH
2022-09-11,59,2,56,1,509190,481327,26782,1081,JAWA TENGAH
2022-09-12,92,4,98,-10,509282,481425,26786,1071,JAWA TENGAH
2022-09-13,73,2,79,-8,509355,481504,26788,1063,JAWA TENGAH
2022-09-14,103,4,81,18,509458,481585,26792,1081,JAWA TENGAH
2022-09-15,89,4,79,6,509547,481664,26796,1087,JAWA TENGAH
2022-09-16,78,4,62,12,509625,481726,26800,1099,JAWA TENGAH
2022-09-17,91,4,59,28,509716,481785,26804,1127,JAWA TENGAH
2022-09-18,27,0,50,-23,509743,481835,26804,1104,JAWA TENGAH
2022-09-19,81,3,125,-47,509824,481960,26807,1057,JAWA TENGAH
2022-09-20,89,2,75,12,509913,482035,26809,1069,JAWA TENGAH
2022-09-21,84,2,122,-40,509997,482157,26811,1029,JAWA TENGAH
2022-09-22,81,4,87,-10,510078,482244,26815,1019,JAWA TENGAH
2022-09-23,80,2,94,-16,510158,482338,26817,1003,JAWA TENGAH
2022-09-24,53,3,46,4,510211,482384,26820,1007,JAWA TENGAH
2022-09-25,66,2,39,25,510277,482423,26822,1032,JAWA TENGAH
2022-09-26,64,1,86,-23,510341,482509,26823,1009,JAWA TENGAH
2022-09-27,88,4,1,83,510429,482510,26827,1092,JAWA TENGAH
2022-09-28,86,3,10,73,510515,482520,26830,1165,JAWA TENGAH
2022-09-29,79,3,5,71,510594,482525,26833,1236,JAWA TENGAH
2022-09-30,68,1,8,59,510662,482533,26834,1295,JAWA TENGAH
2020-03-28,1,0,2,-1,1,2,0,-1,KEPULAUAN RIAU
2020-03-29,0,0,0,0,1,2,0,-1,KEPULAUAN RIAU
2020-03-30,1,2,0,-1,2,2,2,-2,KEPULAUAN RIAU
2020-03-31,0,0,0,0,2,2,2,-2,KEPULAUAN RIAU
2020-04-01,0,0,0,0,2,2,2,-2,KEPULAUAN RIAU
2020-04-02,0,0,0,0,2,2,2,-2,KEPULAUAN RIAU
2020-04-03,2,0,0,2,4,2,2,0,KEPULAUAN RIAU
2020-04-04,0,0,0,0,4,2,2,0,KEPULAUAN RIAU
2020-04-05,1,0,0,1,5,2,2,1,KEPULAUAN RIAU
2020-04-06,0,0,0,0,5,2,2,1,KEPULAUAN RIAU
2020-04-07,0,0,0,0,5,2,2,1,KEPULAUAN RIAU
2020-04-08,0,0,0,0,5,2,2,1,KEPULAUAN RIAU
2020-04-09,7,0,0,7,12,2,2,8,KEPULAUAN RIAU
2020-04-10,0,0,0,0,12,2,2,8,KEPULAUAN RIAU
2020-04-11,0,2,0,-2,12,2,4,6,KEPULAUAN RIAU
2020-04-12,0,0,0,0,12,2,4,6,KEPULAUAN RIAU
2020-04-13,0,0,0,0,12,2,4,6,KEPULAUAN RIAU
2020-04-14,5,2,0,3,17,2,6,9,KEPULAUAN RIAU
2020-04-15,5,0,1,4,22,3,6,13,KEPULAUAN RIAU
2020-04-16,6,0,0,6,28,3,6,19,KEPULAUAN RIAU
2020-04-17,13,0,0,13,41,3,6,32,KEPULAUAN RIAU
2020-04-18,13,0,0,13,54,3,6,45,KEPULAUAN RIAU
2020-04-19,0,0,1,-1,54,4,6,44,KEPULAUAN RIAU
2020-04-20,0,0,0,0,54,4,6,44,KEPULAUAN RIAU
2020-04-21,1,0,1,0,55,5,6,44,KEPULAUAN RIAU
2020-04-22,0,0,0,0,55,5,6,44,KEPULAUAN RIAU
2020-04-23,2,0,0,2,57,5,6,46,KEPULAUAN RIAU
2020-04-24,0,0,0,0,57,5,6,46,KEPULAUAN RIAU
2020-04-25,0,0,1,-1,57,6,6,45,KEPULAUAN RIAU
2020-04-26,1,0,0,1,58,6,6,46,KEPULAUAN RIAU
2020-04-27,1,0,0,1,59,6,6,47,KEPULAUAN RIAU
2020-04-28,3,0,0,3,62,6,6,50,KEPULAUAN RIAU
2020-04-29,0,0,3,-3,62,9,6,47,KEPULAUAN RIAU
2020-04-30,0,0,0,0,62,9,6,47,KEPULAUAN RIAU
2020-05-01,0,0,16,-16,62,25,6,31,KEPULAUAN RIAU
2020-05-02,0,0,8,-8,62,33,6,23,KEPULAUAN RIAU
2020-05-03,2,1,1,0,64,34,7,23,KEPULAUAN RIAU
2020-05-04,0,0,1,-1,64,35,7,22,KEPULAUAN RIAU
2020-05-05,4,0,3,1,68,38,7,23,KEPULAUAN RIAU
2020-05-06,1,0,6,-5,69,44,7,18,KEPULAUAN RIAU
2020-05-07,0,0,4,-4,69,48,7,14,KEPULAUAN RIAU
2020-05-08,2,0,2,0,71,50,7,14,KEPULAUAN RIAU
2020-05-09,1,0,1,0,72,51,7,14,KEPULAUAN RIAU
2020-05-10,0,0,0,0,72,51,7,14,KEPULAUAN RIAU
2020-05-11,3,0,5,-2,75,56,7,12,KEPULAUAN RIAU
2020-05-12,2,0,1,1,77,57,7,13,KEPULAUAN RIAU
2020-05-13,5,0,0,5,82,57,7,18,KEPULAUAN RIAU
2020-05-14,0,0,0,0,82,57,7,18,KEPULAUAN RIAU
2020-05-15,3,0,3,0,85,60,7,18,KEPULAUAN RIAU
2020-05-16,1,0,0,1,86,60,7,19,KEPULAUAN RIAU
2020-05-17,0,1,0,-1,86,60,8,18,KEPULAUAN RIAU
2020-05-18,9,0,0,9,95,60,8,27,KEPULAUAN RIAU
2020-05-19,8,0,0,8,103,60,8,35,KEPULAUAN RIAU
2020-05-20,0,0,0,0,103,60,8,35,KEPULAUAN RIAU
2020-05-21,0,0,0,0,103,60,8,35,KEPULAUAN RIAU
2020-05-22,1,0,3,-2,104,63,8,33,KEPULAUAN RIAU
2020-05-23,6,1,1,4,110,64,9,37,KEPULAUAN RIAU
2020-05-24,3,0,0,3,113,64,9,40,KEPULAUAN RIAU
2020-05-25,0,0,0,0,113,64,9,40,KEPULAUAN RIAU
2020-05-26,0,1,1,-2,113,65,10,38,KEPULAUAN RIAU
2020-05-27,7,0,2,5,120,67,10,43,KEPULAUAN RIAU
2020-05-28,10,1,4,5,130,71,11,48,KEPULAUAN RIAU
2020-05-29,1,0,3,-2,131,74,11,46,KEPULAUAN RIAU
2020-05-30,13,0,0,13,144,74,11,59,KEPULAUAN RIAU
2020-05-31,0,1,0,-1,144,74,12,58,KEPULAUAN RIAU
2020-06-01,0,0,0,0,144,74,12,58,KEPULAUAN RIAU
2020-06-02,10,0,0,10,154,74,12,68,KEPULAUAN RIAU
2020-06-03,0,0,0,0,154,74,12,68,KEPULAUAN RIAU
2020-06-04,8,0,1,7,162,75,12,75,KEPULAUAN RIAU
2020-06-05,3,0,9,-6,165,84,12,69,KEPULAUAN RIAU
2020-06-06,2,0,4,-2,167,88,12,67,KEPULAUAN RIAU
2020-06-07,1,0,0,1,168,88,12,68,KEPULAUAN RIAU
2020-06-08,1,0,2,-1,169,90,12,67,KEPULAUAN RIAU
2020-06-09,0,0,0,0,169,90,12,67,KEPULAUAN RIAU
2020-06-10,0,0,4,-4,169,94,12,63,KEPULAUAN RIAU
2020-06-11,7,0,0,7,176,94,12,70,KEPULAUAN RIAU
2020-06-12,0,0,6,-6,176,100,12,64,KEPULAUAN RIAU
2020-06-13,1,0,4,-3,177,104,12,61,KEPULAUAN RIAU
2020-06-14,0,0,10,-10,177,114,12,51,KEPULAUAN RIAU
2020-06-15,11,0,1,10,188,115,12,61,KEPULAUAN RIAU
2020-06-16,0,0,2,-2,188,117,12,59,KEPULAUAN RIAU
2020-06-17,7,0,8,-1,195,125,12,58,KEPULAUAN RIAU
2020-06-18,1,0,0,1,196,125,12,59,KEPULAUAN RIAU
2020-06-19,1,0,9,-8,197,134,12,51,KEPULAUAN RIAU
2020-06-20,1,0,1,0,198,135,12,51,KEPULAUAN RIAU
2020-06-21,13,0,0,13,211,135,12,64,KEPULAUAN RIAU
2020-06-22,2,0,9,-7,213,144,12,57,KEPULAUAN RIAU
2020-06-23,0,0,0,0,213,144,12,57,KEPULAUAN RIAU
2020-06-24,3,0,1,2,216,145,12,59,KEPULAUAN RIAU
2020-06-25,6,0,8,-2,222,153,12,57,KEPULAUAN RIAU
2020-06-26,0,0,9,-9,222,162,12,48,KEPULAUAN RIAU
2020-06-27,0,0,16,-16,222,178,12,32,KEPULAUAN RIAU
2020-06-28,1,0,1,0,223,179,12,32,KEPULAUAN RIAU
2020-06-29,0,0,2,-2,223,181,12,30,KEPULAUAN RIAU
2020-06-30,0,0,2,-2,223,183,12,28,KEPULAUAN RIAU
2020-07-01,8,0,0,8,231,183,12,36,KEPULAUAN RIAU
2020-07-02,4,0,11,-7,235,194,12,29,KEPULAUAN RIAU
2020-07-03,2,0,3,-1,237,197,12,28,KEPULAUAN RIAU
2020-07-04,1,0,0,1,238,197,12,29,KEPULAUAN RIAU
2020-07-05,1,0,3,-2,239,200,12,27,KEPULAUAN RIAU
2020-07-06,0,0,0,0,239,200,12,27,KEPULAUAN RIAU
2020-07-07,0,0,4,-4,239,204,12,23,KEPULAUAN RIAU
2020-07-08,4,0,11,-7,243,215,12,16,KEPULAUAN RIAU
2020-07-09,3,0,0,3,246,215,12,19,KEPULAUAN RIAU
2020-07-10,0,0,4,-4,246,219,12,15,KEPULAUAN RIAU
2020-07-11,5,0,5,0,251,224,12,15,KEPULAUAN RIAU
2020-07-12,4,0,1,3,255,225,12,18,KEPULAUAN RIAU
2020-07-13,0,0,1,-1,255,226,12,17,KEPULAUAN RIAU
2020-07-14,4,0,1,3,259,227,12,20,KEPULAUAN RIAU
2020-07-15,3,0,3,0,262,230,12,20,KEPULAUAN RIAU
2020-07-16,0,0,0,0,262,230,12,20,KEPULAUAN RIAU
2020-07-17,0,0,0,0,262,230,12,20,KEPULAUAN RIAU
2020-07-18,2,0,0,2,264,230,12,22,KEPULAUAN RIAU
2020-07-19,1,0,0,1,265,230,12,23,KEPULAUAN RIAU
2020-07-20,1,0,2,-1,266,232,12,22,KEPULAUAN RIAU
2020-07-21,0,0,0,0,266,232,12,22,KEPULAUAN RIAU
2020-07-22,3,0,1,2,269,233,12,24,KEPULAUAN RIAU
2020-07-23,0,0,4,-4,269,237,12,20,KEPULAUAN RIAU
2020-07-24,2,0,6,-4,271,243,12,16,KEPULAUAN RIAU
2020-07-25,1,0,1,0,272,244,12,16,KEPULAUAN RIAU
2020-07-26,1,1,0,0,273,244,13,16,KEPULAUAN RIAU
2020-07-27,0,0,0,0,273,244,13,16,KEPULAUAN RIAU
2020-07-28,5,1,6,-2,278,250,14,14,KEPULAUAN RIAU
2020-07-29,7,0,0,7,285,250,14,21,KEPULAUAN RIAU
2020-07-30,0,0,0,0,285,250,14,21,KEPULAUAN RIAU
2020-07-31,63,1,0,62,348,250,15,83,KEPULAUAN RIAU
2020-08-01,32,0,0,32,380,250,15,115,KEPULAUAN RIAU
2020-08-02,1,0,0,1,381,250,15,116,KEPULAUAN RIAU
2020-08-03,0,0,0,0,381,250,15,116,KEPULAUAN RIAU
2020-08-04,0,0,0,0,381,250,15,116,KEPULAUAN RIAU
2020-08-05,4,2,0,2,385,250,17,118,KEPULAUAN RIAU
2020-08-06,0,0,0,0,385,250,17,118,KEPULAUAN RIAU
2020-08-07,12,0,1,11,397,251,17,129,KEPULAUAN RIAU
2020-08-08,8,0,0,8,405,251,17,137,KEPULAUAN RIAU
2020-08-09,6,1,0,5,411,251,18,142,KEPULAUAN RIAU
2020-08-10,16,0,2,14,427,253,18,156,KEPULAUAN RIAU
2020-08-11,12,0,4,8,439,257,18,164,KEPULAUAN RIAU
2020-08-12,22,1,0,21,461,257,19,185,KEPULAUAN RIAU
2020-08-13,14,1,25,-12,475,282,20,173,KEPULAUAN RIAU
2020-08-14,12,0,12,0,487,294,20,173,KEPULAUAN RIAU
2020-08-15,19,1,5,13,506,299,21,186,KEPULAUAN RIAU
2020-08-16,9,0,1,8,515,300,21,194,KEPULAUAN RIAU
2020-08-17,9,0,7,2,524,307,21,196,KEPULAUAN RIAU
2020-08-18,0,0,0,0,524,307,21,196,KEPULAUAN RIAU
2020-08-19,10,0,9,1,534,316,21,197,KEPULAUAN RIAU
2020-08-20,0,2,8,-10,534,324,23,187,KEPULAUAN RIAU
2020-08-21,17,0,22,-5,551,346,23,182,KEPULAUAN RIAU
2020-08-22,0,1,0,-1,551,346,24,181,KEPULAUAN RIAU
2020-08-23,35,1,16,18,586,362,25,199,KEPULAUAN RIAU
2020-08-24,9,0,3,6,595,365,25,205,KEPULAUAN RIAU
2020-08-25,8,0,39,-31,603,404,25,174,KEPULAUAN RIAU
2020-08-26,5,0,8,-3,608,412,25,171,KEPULAUAN RIAU
2020-08-27,36,3,6,27,644,418,28,198,KEPULAUAN RIAU
2020-08-28,34,0,6,28,678,424,28,226,KEPULAUAN RIAU
2020-08-29,30,1,8,21,708,432,29,247,KEPULAUAN RIAU
2020-08-30,1,0,0,1,709,432,29,248,KEPULAUAN RIAU
2020-08-31,67,0,22,45,776,454,29,293,KEPULAUAN RIAU
2020-09-01,15,0,0,15,791,454,29,308,KEPULAUAN RIAU
2020-09-02,39,0,3,36,830,457,29,344,KEPULAUAN RIAU
2020-09-03,28,0,7,21,858,464,29,365,KEPULAUAN RIAU
2020-09-04,52,0,7,45,910,471,29,410,KEPULAUAN RIAU
2020-09-05,10,0,1,9,920,472,29,419,KEPULAUAN RIAU
2020-09-06,0,0,0,0,920,472,29,419,KEPULAUAN RIAU
2020-09-07,41,2,41,-2,961,513,31,417,KEPULAUAN RIAU
2020-09-08,21,1,5,15,982,518,32,432,KEPULAUAN RIAU
2020-09-09,41,0,1,40,1023,519,32,472,KEPULAUAN RIAU
2020-09-10,20,1,0,19,1043,519,33,491,KEPULAUAN RIAU
2020-09-11,14,0,49,-35,1057,568,33,456,KEPULAUAN RIAU
2020-09-12,19,4,28,-13,1076,596,37,443,KEPULAUAN RIAU
2020-09-13,27,0,2,25,1103,598,37,468,KEPULAUAN RIAU
2020-09-14,13,0,60,-47,1116,658,37,421,KEPULAUAN RIAU
2020-09-15,6,0,16,-10,1122,674,37,411,KEPULAUAN RIAU
2020-09-16,17,0,7,10,1139,681,37,421,KEPULAUAN RIAU
2020-09-17,31,0,1,30,1170,682,37,451,KEPULAUAN RIAU
2020-09-18,67,4,217,-154,1237,899,41,297,KEPULAUAN RIAU
2020-09-19,39,0,15,24,1276,914,41,321,KEPULAUAN RIAU
2020-09-20,9,1,0,8,1285,914,42,329,KEPULAUAN RIAU
2020-09-21,65,0,0,65,1350,914,42,394,KEPULAUAN RIAU
2020-09-22,18,0,5,13,1368,919,42,407,KEPULAUAN RIAU
2020-09-23,88,0,14,74,1456,933,42,481,KEPULAUAN RIAU
2020-09-24,9,0,11,-2,1465,944,42,479,KEPULAUAN RIAU
2020-09-25,116,0,12,104,1581,956,42,583,KEPULAUAN RIAU
2020-09-26,77,0,52,25,1658,1008,42,608,KEPULAUAN RIAU
2020-09-27,46,0,1,45,1704,1009,42,653,KEPULAUAN RIAU
2020-09-28,7,0,82,-75,1711,1091,42,578,KEPULAUAN RIAU
2020-09-29,12,0,13,-1,1723,1104,42,577,KEPULAUAN RIAU
2020-09-30,26,0,2,24,1749,1106,42,601,KEPULAUAN RIAU
2020-10-01,11,0,1,10,1760,1107,42,611,KEPULAUAN RIAU
2020-10-02,20,0,7,13,1780,1114,42,624,KEPULAUAN RIAU
2020-10-03,23,0,27,-4,1803,1141,42,620,KEPULAUAN RIAU
2020-10-04,28,1,1,26,1831,1142,43,646,KEPULAUAN RIAU
2020-10-05,34,2,65,-33,1865,1207,45,613,KEPULAUAN RIAU
2020-10-06,27,0,38,-11,1892,1245,45,602,KEPULAUAN RIAU
2020-10-07,8,0,76,-68,1900,1321,45,534,KEPULAUAN RIAU
2020-10-08,24,1,101,-78,1924,1422,46,456,KEPULAUAN RIAU
2020-10-09,0,0,0,0,1924,1422,46,456,KEPULAUAN RIAU
2020-10-10,56,0,103,-47,1980,1525,46,409,KEPULAUAN RIAU
2020-10-11,18,1,34,-17,1998,1559,47,392,KEPULAUAN RIAU
2020-10-12,57,0,36,21,2055,1595,47,413,KEPULAUAN RIAU
2020-10-13,19,0,46,-27,2074,1641,47,386,KEPULAUAN RIAU
2020-10-14,16,2,1,13,2090,1642,49,399,KEPULAUAN RIAU
2020-10-15,29,1,48,-20,2119,1690,50,379,KEPULAUAN RIAU
2020-10-16,57,0,53,4,2176,1743,50,383,KEPULAUAN RIAU
2020-10-17,0,1,0,-1,2176,1743,51,382,KEPULAUAN RIAU
2020-10-18,49,1,28,20,2225,1771,52,402,KEPULAUAN RIAU
2020-10-19,39,1,1,37,2264,1772,53,439,KEPULAUAN RIAU
2020-10-20,23,1,71,-49,2287,1843,54,390,KEPULAUAN RIAU
2020-10-21,78,1,0,77,2365,1843,55,467,KEPULAUAN RIAU
2020-10-22,0,0,0,0,2365,1843,55,467,KEPULAUAN RIAU
2020-10-23,92,6,20,66,2457,1863,61,533,KEPULAUAN RIAU
2020-10-24,57,5,25,27,2514,1888,66,560,KEPULAUAN RIAU
2020-10-25,118,1,41,76,2632,1929,67,636,KEPULAUAN RIAU
2020-10-26,99,2,54,43,2731,1983,69,679,KEPULAUAN RIAU
2020-10-27,76,0,0,76,2807,1983,69,755,KEPULAUAN RIAU
2020-10-28,102,1,18,83,2909,2001,70,838,KEPULAUAN RIAU
2020-10-29,125,1,19,105,3034,2020,71,943,KEPULAUAN RIAU
2020-10-30,58,1,24,33,3092,2044,72,976,KEPULAUAN RIAU
2020-10-31,31,0,49,-18,3123,2093,72,958,KEPULAUAN RIAU
2020-11-01,14,0,1,13,3137,2094,72,971,KEPULAUAN RIAU
2020-11-02,15,0,81,-66,3152,2175,72,905,KEPULAUAN RIAU
2020-11-03,51,1,0,50,3203,2175,73,955,KEPULAUAN RIAU
2020-11-04,25,0,22,3,3228,2197,73,958,KEPULAUAN RIAU
2020-11-05,38,0,56,-18,3266,2253,73,940,KEPULAUAN RIAU
2020-11-06,33,0,18,15,3299,2271,73,955,KEPULAUAN RIAU
2020-11-07,40,4,26,10,3339,2297,77,965,KEPULAUAN RIAU
2020-11-08,67,3,63,1,3406,2360,80,966,KEPULAUAN RIAU
2020-11-09,17,4,34,-21,3423,2394,84,945,KEPULAUAN RIAU
2020-11-10,0,0,0,0,3423,2394,84,945,KEPULAUAN RIAU
2020-11-11,120,0,13,107,3543,2407,84,1052,KEPULAUAN RIAU
2020-11-12,78,5,0,73,3621,2407,89,1125,KEPULAUAN RIAU
2020-11-13,55,1,49,5,3676,2456,90,1130,KEPULAUAN RIAU
2020-11-14,17,0,85,-68,3693,2541,90,1062,KEPULAUAN RIAU
2020-11-15,0,1,96,-97,3693,2637,91,965,KEPULAUAN RIAU
2020-11-16,2,2,0,0,3695,2637,93,965,KEPULAUAN RIAU
2020-11-17,1,1,76,-76,3696,2713,94,889,KEPULAUAN RIAU
2020-11-18,0,0,2,-2,3696,2715,94,887,KEPULAUAN RIAU
2020-11-19,16,0,0,16,3712,2715,94,903,KEPULAUAN RIAU
2020-11-20,7,0,2,5,3719,2717,94,908,KEPULAUAN RIAU
2020-11-21,0,0,0,0,3719,2717,94,908,KEPULAUAN RIAU
2020-11-22,136,0,0,136,3855,2717,94,1044,KEPULAUAN RIAU
2020-11-23,206,0,11,195,4061,2728,94,1239,KEPULAUAN RIAU
2020-11-24,32,0,3,29,4093,2731,94,1268,KEPULAUAN RIAU
2020-11-25,21,6,304,-289,4114,3035,100,979,KEPULAUAN RIAU
2020-11-26,13,2,84,-73,4127,3119,102,906,KEPULAUAN RIAU
2020-11-27,38,2,23,13,4165,3142,104,919,KEPULAUAN RIAU
2020-11-28,23,0,46,-23,4188,3188,104,896,KEPULAUAN RIAU
2020-11-29,48,3,36,9,4236,3224,107,905,KEPULAUAN RIAU
2020-11-30,12,0,8,4,4248,3232,107,909,KEPULAUAN RIAU
2020-12-01,28,0,36,-8,4276,3268,107,901,KEPULAUAN RIAU
2020-12-02,21,0,0,21,4297,3268,107,922,KEPULAUAN RIAU
2020-12-03,64,0,164,-100,4361,3432,107,822,KEPULAUAN RIAU
2020-12-04,41,0,0,41,4402,3432,107,863,KEPULAUAN RIAU
2020-12-05,70,0,117,-47,4472,3549,107,816,KEPULAUAN RIAU
2020-12-06,89,3,61,25,4561,3610,110,841,KEPULAUAN RIAU
2020-12-07,37,3,12,22,4598,3622,113,863,KEPULAUAN RIAU
2020-12-08,41,3,7,31,4639,3629,116,894,KEPULAUAN RIAU
2020-12-09,9,0,1,8,4648,3630,116,902,KEPULAUAN RIAU
2020-12-10,59,0,25,34,4707,3655,116,936,KEPULAUAN RIAU
2020-12-11,34,1,231,-198,4741,3886,117,738,KEPULAUAN RIAU
2020-12-12,44,0,107,-63,4785,3993,117,675,KEPULAUAN RIAU
2020-12-13,56,3,44,9,4841,4037,120,684,KEPULAUAN RIAU
2020-12-14,80,2,45,33,4921,4082,122,717,KEPULAUAN RIAU
2020-12-15,16,0,17,-1,4937,4099,122,716,KEPULAUAN RIAU
2020-12-16,45,2,49,-6,4982,4148,124,710,KEPULAUAN RIAU
2020-12-17,63,0,16,47,5045,4164,124,757,KEPULAUAN RIAU
2020-12-18,9,1,24,-16,5054,4188,125,741,KEPULAUAN RIAU
2020-12-19,38,0,23,15,5092,4211,125,756,KEPULAUAN RIAU
2020-12-20,0,0,55,-55,5092,4266,125,701,KEPULAUAN RIAU
2020-12-21,132,0,8,124,5224,4274,125,825,KEPULAUAN RIAU
2020-12-22,30,2,41,-13,5254,4315,127,812,KEPULAUAN RIAU
2020-12-23,35,0,62,-27,5289,4377,127,785,KEPULAUAN RIAU
2020-12-24,10,1,87,-78,5299,4464,128,707,KEPULAUAN RIAU
2020-12-25,65,1,36,28,5364,4500,129,735,KEPULAUAN RIAU
2020-12-26,14,2,38,-26,5378,4538,131,709,KEPULAUAN RIAU
2020-12-27,6,0,9,-3,5384,4547,131,706,KEPULAUAN RIAU
2020-12-28,29,3,61,-35,5413,4608,134,671,KEPULAUAN RIAU
2020-12-29,20,2,33,-15,5433,4641,136,656,KEPULAUAN RIAU
2020-12-30,25,0,30,-5,5458,4671,136,651,KEPULAUAN RIAU
2020-12-31,24,0,43,-19,5482,4714,136,632,KEPULAUAN RIAU
2021-01-01,12,1,7,4,5494,4721,137,636,KEPULAUAN RIAU
2021-01-02,18,0,81,-63,5512,4802,137,573,KEPULAUAN RIAU
2021-01-03,10,0,16,-6,5522,4818,137,567,KEPULAUAN RIAU
2021-01-04,56,0,44,12,5578,4862,137,579,KEPULAUAN RIAU
2021-01-05,28,2,49,-23,5606,4911,139,556,KEPULAUAN RIAU
2021-01-06,18,0,42,-24,5624,4953,139,532,KEPULAUAN RIAU
2021-01-07,14,2,7,5,5638,4960,141,537,KEPULAUAN RIAU
2021-01-08,19,0,37,-18,5657,4997,141,519,KEPULAUAN RIAU
2021-01-09,52,1,87,-36,5709,5084,142,483,KEPULAUAN RIAU
2021-01-10,25,0,31,-6,5734,5115,142,477,KEPULAUAN RIAU
2021-01-11,15,0,21,-6,5749,5136,142,471,KEPULAUAN RIAU
2021-01-12,29,2,21,6,5778,5157,144,477,KEPULAUAN RIAU
2021-01-13,21,1,10,10,5799,5167,145,487,KEPULAUAN RIAU
2021-01-14,44,1,50,-7,5843,5217,146,480,KEPULAUAN RIAU
2021-01-15,20,1,12,7,5863,5229,147,487,KEPULAUAN RIAU
2021-01-16,59,0,3,56,5922,5232,147,543,KEPULAUAN RIAU
2021-01-17,23,2,28,-7,5945,5260,149,536,KEPULAUAN RIAU
2021-01-18,62,1,22,39,6007,5282,150,575,KEPULAUAN RIAU
2021-01-19,25,0,22,3,6032,5304,150,578,KEPULAUAN RIAU
2021-01-20,27,1,24,2,6059,5328,151,580,KEPULAUAN RIAU
2021-01-21,23,2,14,7,6082,5342,153,587,KEPULAUAN RIAU
2021-01-22,47,1,20,26,6129,5362,154,613,KEPULAUAN RIAU
2021-01-23,10,0,9,1,6139,5371,154,614,KEPULAUAN RIAU
2021-01-24,16,0,54,-38,6155,5425,154,576,KEPULAUAN RIAU
2021-01-25,29,0,3,26,6184,5428,154,602,KEPULAUAN RIAU
2021-01-26,20,1,27,-8,6204,5455,155,594,KEPULAUAN RIAU
2021-01-27,16,1,18,-3,6220,5473,156,591,KEPULAUAN RIAU
2021-01-28,26,2,14,10,6246,5487,158,601,KEPULAUAN RIAU
2021-01-29,20,0,17,3,6266,5504,158,604,KEPULAUAN RIAU
2021-01-30,19,0,52,-33,6285,5556,158,571,KEPULAUAN RIAU
2021-01-31,76,1,24,51,6361,5580,159,622,KEPULAUAN RIAU
2021-02-01,42,2,8,32,6403,5588,161,654,KEPULAUAN RIAU
2021-02-02,18,1,145,-128,6421,5733,162,526,KEPULAUAN RIAU
2021-02-03,14,0,0,14,6435,5733,162,540,KEPULAUAN RIAU
2021-02-04,27,0,48,-21,6462,5781,162,519,KEPULAUAN RIAU
2021-02-05,22,0,124,-102,6484,5905,162,417,KEPULAUAN RIAU
2021-02-06,19,1,25,-7,6503,5930,163,410,KEPULAUAN RIAU
2021-02-07,22,0,41,-19,6525,5971,163,391,KEPULAUAN RIAU
2021-02-08,8,0,46,-38,6533,6017,163,353,KEPULAUAN RIAU
2021-02-09,43,1,28,14,6576,6045,164,367,KEPULAUAN RIAU
2021-02-10,31,0,66,-35,6607,6111,164,332,KEPULAUAN RIAU
2021-02-11,20,0,26,-6,6627,6137,164,326,KEPULAUAN RIAU
2021-02-12,7,0,50,-43,6634,6187,164,283,KEPULAUAN RIAU
2021-02-13,18,1,6,11,6652,6193,165,294,KEPULAUAN RIAU
2021-02-14,27,0,16,11,6679,6209,165,305,KEPULAUAN RIAU
2021-02-15,5,0,1,4,6684,6210,165,309,KEPULAUAN RIAU
2021-02-16,10,0,6,4,6694,6216,165,313,KEPULAUAN RIAU
2021-02-17,13,1,2,10,6707,6218,166,323,KEPULAUAN RIAU
2021-02-18,17,0,85,-68,6724,6303,166,255,KEPULAUAN RIAU
2021-02-19,10,2,55,-47,6734,6358,168,208,KEPULAUAN RIAU
2021-02-20,16,2,24,-10,6750,6382,170,198,KEPULAUAN RIAU
2021-02-21,20,1,22,-3,6770,6404,171,195,KEPULAUAN RIAU
2021-02-22,16,0,16,0,6786,6420,171,195,KEPULAUAN RIAU
2021-02-23,10,0,1,9,6796,6421,171,204,KEPULAUAN RIAU
2021-02-24,12,1,13,-2,6808,6434,172,202,KEPULAUAN RIAU
2021-02-25,8,0,60,-52,6816,6494,172,150,KEPULAUAN RIAU
2021-02-26,14,0,11,3,6830,6505,172,153,KEPULAUAN RIAU
2021-02-27,8,0,6,2,6838,6511,172,155,KEPULAUAN RIAU
2021-02-28,3,0,4,-1,6841,6515,172,154,KEPULAUAN RIAU
2021-03-01,11,1,17,-7,6852,6532,173,147,KEPULAUAN RIAU
2021-03-02,9,0,12,-3,6861,6544,173,144,KEPULAUAN RIAU
2021-03-03,5,0,9,-4,6866,6553,173,140,KEPULAUAN RIAU
2021-03-04,9,0,15,-6,6875,6568,173,134,KEPULAUAN RIAU
2021-03-05,12,0,16,-4,6887,6584,173,130,KEPULAUAN RIAU
2021-03-06,10,0,15,-5,6897,6599,173,125,KEPULAUAN RIAU
2021-03-07,12,0,12,0,6909,6611,173,125,KEPULAUAN RIAU
2021-03-08,15,1,2,12,6924,6613,174,137,KEPULAUAN RIAU
2021-03-09,3,0,17,-14,6927,6630,174,123,KEPULAUAN RIAU
2021-03-10,11,0,15,-4,6938,6645,174,119,KEPULAUAN RIAU
2021-03-11,16,0,8,8,6954,6653,174,127,KEPULAUAN RIAU
2021-03-12,2,0,9,-7,6956,6662,174,120,KEPULAUAN RIAU
2021-03-13,4,1,2,1,6960,6664,175,121,KEPULAUAN RIAU
2021-03-14,20,0,7,13,6980,6671,175,134,KEPULAUAN RIAU
2021-03-15,4,1,1,2,6984,6672,176,136,KEPULAUAN RIAU
2021-03-16,2,0,20,-18,6986,6692,176,118,KEPULAUAN RIAU
2021-03-17,29,1,2,26,7015,6694,177,144,KEPULAUAN RIAU
2021-03-18,6,1,12,-7,7021,6706,178,137,KEPULAUAN RIAU
2021-03-19,16,0,2,14,7037,6708,178,151,KEPULAUAN RIAU
2021-03-20,10,0,3,7,7047,6711,178,158,KEPULAUAN RIAU
2021-03-21,4,0,13,-9,7051,6724,178,149,KEPULAUAN RIAU
2021-03-22,27,1,23,3,7078,6747,179,152,KEPULAUAN RIAU
2021-03-23,13,0,3,10,7091,6750,179,162,KEPULAUAN RIAU
2021-03-24,24,1,0,23,7115,6750,180,185,KEPULAUAN RIAU
2021-03-25,32,0,18,14,7147,6768,180,199,KEPULAUAN RIAU
2021-03-26,11,1,14,-4,7158,6782,181,195,KEPULAUAN RIAU
2021-03-27,23,0,1,22,7181,6783,181,217,KEPULAUAN RIAU
2021-03-28,19,0,6,13,7200,6789,181,230,KEPULAUAN RIAU
2021-03-29,10,0,1,9,7210,6790,181,239,KEPULAUAN RIAU
2021-03-30,7,0,32,-25,7217,6822,181,214,KEPULAUAN RIAU
2021-03-31,17,0,3,14,7234,6825,181,228,KEPULAUAN RIAU
2021-04-01,26,0,11,15,7260,6836,181,243,KEPULAUAN RIAU
2021-04-02,28,1,30,-3,7288,6866,182,240,KEPULAUAN RIAU
2021-04-03,46,0,34,12,7334,6900,182,252,KEPULAUAN RIAU
2021-04-04,9,0,0,9,7343,6900,182,261,KEPULAUAN RIAU
2021-04-05,40,0,4,36,7383,6904,182,297,KEPULAUAN RIAU
2021-04-06,21,0,12,9,7404,6916,182,306,KEPULAUAN RIAU
2021-04-07,28,1,18,9,7432,6934,183,315,KEPULAUAN RIAU
2021-04-08,19,2,15,2,7451,6949,185,317,KEPULAUAN RIAU
2021-04-09,45,0,4,41,7496,6953,185,358,KEPULAUAN RIAU
2021-04-10,20,1,25,-6,7516,6978,186,352,KEPULAUAN RIAU
2021-04-11,31,0,6,25,7547,6984,186,377,KEPULAUAN RIAU
2021-04-12,21,2,40,-21,7568,7024,188,356,KEPULAUAN RIAU
2021-04-13,64,1,20,43,7632,7044,189,399,KEPULAUAN RIAU
2021-04-14,36,0,15,21,7668,7059,189,420,KEPULAUAN RIAU
2021-04-15,103,0,8,95,7771,7067,189,515,KEPULAUAN RIAU
2021-04-16,53,2,12,39,7824,7079,191,554,KEPULAUAN RIAU
2021-04-17,58,0,28,30,7882,7107,191,584,KEPULAUAN RIAU
2021-04-18,77,0,1,76,7959,7108,191,660,KEPULAUAN RIAU
2021-04-19,19,1,60,-42,7978,7168,192,618,KEPULAUAN RIAU
2021-04-20,69,0,30,39,8047,7198,192,657,KEPULAUAN RIAU
2021-04-21,48,2,14,32,8095,7212,194,689,KEPULAUAN RIAU
2021-04-22,72,1,24,47,8167,7236,195,736,KEPULAUAN RIAU
2021-04-23,42,0,15,27,8209,7251,195,763,KEPULAUAN RIAU
2021-04-24,82,2,33,47,8291,7284,197,810,KEPULAUAN RIAU
2021-04-25,113,0,131,-18,8404,7415,197,792,KEPULAUAN RIAU
2021-04-26,99,4,123,-28,8503,7538,201,764,KEPULAUAN RIAU
2021-04-27,53,2,15,36,8556,7553,203,800,KEPULAUAN RIAU
2021-04-28,81,2,16,63,8637,7569,205,863,KEPULAUAN RIAU
2021-04-29,93,1,32,60,8730,7601,206,923,KEPULAUAN RIAU
2021-04-30,98,0,11,87,8828,7612,206,1010,KEPULAUAN RIAU
2021-05-01,142,1,86,55,8970,7698,207,1065,KEPULAUAN RIAU
2021-05-02,123,0,7,116,9093,7705,207,1181,KEPULAUAN RIAU
2021-05-03,114,0,0,114,9207,7705,207,1295,KEPULAUAN RIAU
2021-05-04,110,3,139,-32,9317,7844,210,1263,KEPULAUAN RIAU
2021-05-05,76,0,91,-15,9393,7935,210,1248,KEPULAUAN RIAU
2021-05-06,203,7,68,128,9596,8003,217,1376,KEPULAUAN RIAU
2021-05-07,77,0,26,51,9673,8029,217,1427,KEPULAUAN RIAU
2021-05-08,93,0,18,75,9766,8047,217,1502,KEPULAUAN RIAU
2021-05-09,79,0,242,-163,9845,8289,217,1339,KEPULAUAN RIAU
2021-05-10,87,0,59,28,9932,8348,217,1367,KEPULAUAN RIAU
2021-05-11,118,2,100,16,10050,8448,219,1383,KEPULAUAN RIAU
2021-05-12,97,0,3,94,10147,8451,219,1477,KEPULAUAN RIAU
2021-05-13,79,10,203,-134,10226,8654,229,1343,KEPULAUAN RIAU
2021-05-14,76,0,11,65,10302,8665,229,1408,KEPULAUAN RIAU
2021-05-15,145,1,5,139,10447,8670,230,1547,KEPULAUAN RIAU
2021-05-16,181,11,197,-27,10628,8867,241,1520,KEPULAUAN RIAU
2021-05-17,86,0,3,83,10714,8870,241,1603,KEPULAUAN RIAU
2021-05-18,129,2,108,19,10843,8978,243,1622,KEPULAUAN RIAU
2021-05-19,112,0,87,25,10955,9065,243,1647,KEPULAUAN RIAU
2021-05-20,162,0,219,-57,11117,9284,243,1590,KEPULAUAN RIAU
2021-05-21,191,7,39,145,11308,9323,250,1735,KEPULAUAN RIAU
2021-05-22,137,0,46,91,11445,9369,250,1826,KEPULAUAN RIAU
2021-05-23,180,0,22,158,11625,9391,250,1984,KEPULAUAN RIAU
2021-05-24,203,1,251,-49,11828,9642,251,1935,KEPULAUAN RIAU
2021-05-25,149,2,17,130,11977,9659,253,2065,KEPULAUAN RIAU
2021-05-26,154,3,40,111,12131,9699,256,2176,KEPULAUAN RIAU
2021-05-27,337,0,66,271,12468,9765,256,2447,KEPULAUAN RIAU
2021-05-28,168,8,128,32,12636,9893,264,2479,KEPULAUAN RIAU
2021-05-29,359,6,138,215,12995,10031,270,2694,KEPULAUAN RIAU
2021-05-30,241,6,161,74,13236,10192,276,2768,KEPULAUAN RIAU
2021-05-31,127,0,15,112,13363,10207,276,2880,KEPULAUAN RIAU
2021-06-01,179,17,151,11,13542,10358,293,2891,KEPULAUAN RIAU
2021-06-02,264,6,36,222,13806,10394,299,3113,KEPULAUAN RIAU
2021-06-03,178,9,102,67,13984,10496,308,3180,KEPULAUAN RIAU
2021-06-04,170,0,96,74,14154,10592,308,3254,KEPULAUAN RIAU
2021-06-05,295,2,265,28,14449,10857,310,3282,KEPULAUAN RIAU
2021-06-06,219,2,7,210,14668,10864,312,3492,KEPULAUAN RIAU
2021-06-07,123,0,26,97,14791,10890,312,3589,KEPULAUAN RIAU
2021-06-08,175,1,350,-176,14966,11240,313,3413,KEPULAUAN RIAU
2021-06-09,324,15,344,-35,15290,11584,328,3378,KEPULAUAN RIAU
2021-06-10,246,0,228,18,15536,11812,328,3396,KEPULAUAN RIAU
2021-06-11,244,4,225,15,15780,12037,332,3411,KEPULAUAN RIAU
2021-06-12,218,1,764,-547,15998,12801,333,2864,KEPULAUAN RIAU
2021-06-13,180,0,282,-102,16178,13083,333,2762,KEPULAUAN RIAU
2021-06-14,105,8,23,74,16283,13106,341,2836,KEPULAUAN RIAU
2021-06-15,174,0,0,174,16457,13106,341,3010,KEPULAUAN RIAU
2021-06-16,280,0,398,-118,16737,13504,341,2892,KEPULAUAN RIAU
2021-06-17,244,16,254,-26,16981,13758,357,2866,KEPULAUAN RIAU
2021-06-18,217,0,263,-46,17198,14021,357,2820,KEPULAUAN RIAU
2021-06-19,270,0,423,-153,17468,14444,357,2667,KEPULAUAN RIAU
2021-06-20,277,2,172,103,17745,14616,359,2770,KEPULAUAN RIAU
2021-06-21,179,0,317,-138,17924,14933,359,2632,KEPULAUAN RIAU
2021-06-22,118,2,28,88,18042,14961,361,2720,KEPULAUAN RIAU
2021-06-23,243,19,217,7,18285,15178,380,2727,KEPULAUAN RIAU
2021-06-24,360,2,347,11,18645,15525,382,2738,KEPULAUAN RIAU
2021-06-25,315,2,151,162,18960,15676,384,2900,KEPULAUAN RIAU
2021-06-26,307,15,198,94,19267,15874,399,2994,KEPULAUAN RIAU
2021-06-27,344,11,244,89,19611,16118,410,3083,KEPULAUAN RIAU
2021-06-28,265,12,236,17,19876,16354,422,3100,KEPULAUAN RIAU
2021-06-29,374,16,237,121,20250,16591,438,3221,KEPULAUAN RIAU
2021-06-30,346,3,48,295,20596,16639,441,3516,KEPULAUAN RIAU
2021-07-01,323,5,208,110,20919,16847,446,3626,KEPULAUAN RIAU
2021-07-02,369,12,264,93,21288,17111,458,3719,KEPULAUAN RIAU
2021-07-03,528,7,232,289,21816,17343,465,4008,KEPULAUAN RIAU
2021-07-04,328,19,488,-179,22144,17831,484,3829,KEPULAUAN RIAU
2021-07-05,324,11,423,-110,22468,18254,495,3719,KEPULAUAN RIAU
2021-07-06,456,1,19,436,22924,18273,496,4155,KEPULAUAN RIAU
2021-07-07,498,8,578,-88,23422,18851,504,4067,KEPULAUAN RIAU
2021-07-08,356,3,30,323,23778,18881,507,4390,KEPULAUAN RIAU
2021-07-09,583,8,108,467,24361,18989,515,4857,KEPULAUAN RIAU
2021-07-10,370,26,454,-110,24731,19443,541,4747,KEPULAUAN RIAU
2021-07-11,522,2,388,132,25253,19831,543,4879,KEPULAUAN RIAU
2021-07-12,464,10,315,139,25717,20146,553,5018,KEPULAUAN RIAU
2021-07-13,424,6,327,91,26141,20473,559,5109,KEPULAUAN RIAU
2021-07-14,424,19,370,35,26565,20843,578,5144,KEPULAUAN RIAU
2021-07-15,495,17,506,-28,27060,21349,595,5116,KEPULAUAN RIAU
2021-07-16,580,10,196,374,27640,21545,605,5490,KEPULAUAN RIAU
2021-07-17,704,25,149,530,28344,21694,630,6020,KEPULAUAN RIAU
2021-07-18,707,28,276,403,29051,21970,658,6423,KEPULAUAN RIAU
2021-07-19,569,12,430,127,29620,22400,670,6550,KEPULAUAN RIAU
2021-07-20,557,14,503,40,30177,22903,684,6590,KEPULAUAN RIAU
2021-07-21,429,11,338,80,30606,23241,695,6670,KEPULAUAN RIAU
2021-07-22,556,14,564,-22,31162,23805,709,6648,KEPULAUAN RIAU
2021-07-23,713,20,364,329,31875,24169,729,6977,KEPULAUAN RIAU
2021-07-24,548,16,493,39,32423,24662,745,7016,KEPULAUAN RIAU
2021-07-25,498,11,488,-1,32921,25150,756,7015,KEPULAUAN RIAU
2021-07-26,367,38,395,-66,33288,25545,794,6949,KEPULAUAN RIAU
2021-07-27,515,9,411,95,33803,25956,803,7044,KEPULAUAN RIAU
2021-07-28,544,29,657,-142,34347,26613,832,6902,KEPULAUAN RIAU
2021-07-29,416,25,518,-127,34763,27131,857,6775,KEPULAUAN RIAU
2021-07-30,427,35,690,-298,35190,27821,892,6477,KEPULAUAN RIAU
2021-07-31,397,28,684,-315,35587,28505,920,6162,KEPULAUAN RIAU
2021-08-01,280,18,1095,-833,35867,29600,938,5329,KEPULAUAN RIAU
2021-08-02,325,8,886,-569,36192,30486,946,4760,KEPULAUAN RIAU
2021-08-03,470,27,701,-258,36662,31187,973,4502,KEPULAUAN RIAU
2021-08-04,403,0,658,-255,37065,31845,973,4247,KEPULAUAN RIAU
2021-08-05,337,35,502,-200,37402,32347,1008,4047,KEPULAUAN RIAU
2021-08-06,408,0,326,82,37810,32673,1008,4129,KEPULAUAN RIAU
2021-08-07,251,0,456,-205,38061,33129,1008,3924,KEPULAUAN RIAU
2021-08-08,217,50,465,-298,38278,33594,1058,3626,KEPULAUAN RIAU
2021-08-09,249,13,313,-77,38527,33907,1071,3549,KEPULAUAN RIAU
2021-08-10,228,14,605,-391,38755,34512,1085,3158,KEPULAUAN RIAU
2021-08-11,221,18,361,-158,38976,34873,1103,3000,KEPULAUAN RIAU
2021-08-12,181,38,265,-122,39157,35138,1141,2878,KEPULAUAN RIAU
2021-08-13,228,6,328,-106,39385,35466,1147,2772,KEPULAUAN RIAU
2021-08-14,194,13,250,-69,39579,35716,1160,2703,KEPULAUAN RIAU
2021-08-15,173,3,570,-400,39752,36286,1163,2303,KEPULAUAN RIAU
2021-08-16,152,0,309,-157,39904,36595,1163,2146,KEPULAUAN RIAU
2021-08-17,230,15,365,-150,40134,36960,1178,1996,KEPULAUAN RIAU
2021-08-18,146,19,233,-106,40280,37193,1197,1890,KEPULAUAN RIAU
2021-08-19,149,17,199,-67,40429,37392,1214,1823,KEPULAUAN RIAU
2021-08-20,156,14,171,-29,40585,37563,1228,1794,KEPULAUAN RIAU
2021-08-21,151,12,198,-59,40736,37761,1240,1735,KEPULAUAN RIAU
2021-08-22,17,4,187,-174,40753,37948,1244,1561,KEPULAUAN RIAU
2021-08-23,65,7,150,-92,40818,38098,1251,1469,KEPULAUAN RIAU
2021-08-24,102,4,161,-63,40920,38259,1255,1406,KEPULAUAN RIAU
2021-08-25,71,10,203,-142,40991,38462,1265,1264,KEPULAUAN RIAU
2021-08-26,115,3,138,-26,41106,38600,1268,1238,KEPULAUAN RIAU
2021-08-27,91,7,28,56,41197,38628,1275,1294,KEPULAUAN RIAU
2021-08-28,83,6,89,-12,41280,38717,1281,1282,KEPULAUAN RIAU
2021-08-29,75,7,205,-137,41355,38922,1288,1145,KEPULAUAN RIAU
2021-08-30,73,6,125,-58,41428,39047,1294,1087,KEPULAUAN RIAU
2021-08-31,61,10,100,-49,41489,39147,1304,1038,KEPULAUAN RIAU
2021-09-01,55,5,118,-68,41544,39265,1309,970,KEPULAUAN RIAU
2021-09-02,70,6,123,-59,41614,39388,1315,911,KEPULAUAN RIAU
2021-09-03,76,4,77,-5,41690,39465,1319,906,KEPULAUAN RIAU
2021-09-04,67,10,74,-17,41757,39539,1329,889,KEPULAUAN RIAU
2021-09-05,36,4,76,-44,41793,39615,1333,845,KEPULAUAN RIAU
2021-09-06,66,4,81,-19,41859,39696,1337,826,KEPULAUAN RIAU
2021-09-07,59,3,76,-20,41918,39772,1340,806,KEPULAUAN RIAU
2021-09-08,67,4,84,-21,41985,39856,1344,785,KEPULAUAN RIAU
2021-09-09,40,1,70,-31,42025,39926,1345,754,KEPULAUAN RIAU
2021-09-10,47,2,27,18,42072,39953,1347,772,KEPULAUAN RIAU
2021-09-11,43,1,51,-9,42115,40004,1348,763,KEPULAUAN RIAU
2021-09-12,32,1,40,-9,42147,40044,1349,754,KEPULAUAN RIAU
2021-09-13,48,2,42,4,42195,40086,1351,758,KEPULAUAN RIAU
2021-09-14,27,5,39,-17,42222,40125,1356,741,KEPULAUAN RIAU
2021-09-15,64,3,42,19,42286,40167,1359,760,KEPULAUAN RIAU
2021-09-16,38,3,68,-33,42324,40235,1362,727,KEPULAUAN RIAU
2021-09-17,34,5,51,-22,42358,40286,1367,705,KEPULAUAN RIAU
2021-09-18,28,3,37,-12,42386,40323,1370,693,KEPULAUAN RIAU
2021-09-19,16,2,52,-38,42402,40375,1372,655,KEPULAUAN RIAU
2021-09-20,20,1,46,-27,42422,40421,1373,628,KEPULAUAN RIAU
2021-09-21,19,1,222,-204,42441,40643,1374,424,KEPULAUAN RIAU
2021-09-22,35,0,9,26,42476,40652,1374,450,KEPULAUAN RIAU
2021-09-23,30,3,46,-19,42506,40698,1377,431,KEPULAUAN RIAU
2021-09-24,23,1,19,3,42529,40717,1378,434,KEPULAUAN RIAU
2021-09-25,17,2,34,-19,42546,40751,1380,415,KEPULAUAN RIAU
2021-09-26,17,0,34,-17,42563,40785,1380,398,KEPULAUAN RIAU
2021-09-27,21,1,40,-20,42584,40825,1381,378,KEPULAUAN RIAU
2021-09-28,6,0,9,-3,42590,40834,1381,375,KEPULAUAN RIAU
2021-09-29,19,1,10,8,42609,40844,1382,383,KEPULAUAN RIAU
2021-09-30,7,2,25,-20,42616,40869,1384,363,KEPULAUAN RIAU
2021-10-01,11,2,53,-44,42627,40922,1386,319,KEPULAUAN RIAU
2021-10-02,3,0,35,-32,42630,40957,1386,287,KEPULAUAN RIAU
2021-10-03,9,0,9,0,42639,40966,1386,287,KEPULAUAN RIAU
2021-10-04,10,0,35,-25,42649,41001,1386,262,KEPULAUAN RIAU
2021-10-05,12,0,1,11,42661,41002,1386,273,KEPULAUAN RIAU
2021-10-06,11,0,35,-24,42672,41037,1386,249,KEPULAUAN RIAU
2021-10-07,9,0,3,6,42681,41040,1386,255,KEPULAUAN RIAU
2021-10-08,14,1,34,-21,42695,41074,1387,234,KEPULAUAN RIAU
2021-10-09,12,1,1,10,42707,41075,1388,244,KEPULAUAN RIAU
2021-10-10,5,0,33,-28,42712,41108,1388,216,KEPULAUAN RIAU
2021-10-11,7,0,42,-35,42719,41150,1388,181,KEPULAUAN RIAU
2021-10-12,13,0,32,-19,42732,41182,1388,162,KEPULAUAN RIAU
2021-10-13,7,0,9,-2,42739,41191,1388,160,KEPULAUAN RIAU
2021-10-14,6,0,35,-29,42745,41226,1388,131,KEPULAUAN RIAU
2021-10-15,5,0,3,2,42750,41229,1388,133,KEPULAUAN RIAU
2021-10-16,7,1,18,-12,42757,41247,1389,121,KEPULAUAN RIAU
2021-10-17,3,0,14,-11,42760,41261,1389,110,KEPULAUAN RIAU
2021-10-18,1,0,20,-19,42761,41281,1389,91,KEPULAUAN RIAU
2021-10-19,1,0,8,-7,42762,41289,1389,84,KEPULAUAN RIAU
2021-10-20,9,0,18,-9,42771,41307,1389,75,KEPULAUAN RIAU
2021-10-21,3,0,8,-5,42774,41315,1389,70,KEPULAUAN RIAU
2021-10-22,1,0,9,-8,42775,41324,1389,62,KEPULAUAN RIAU
2021-10-23,1,0,9,-8,42776,41333,1389,54,KEPULAUAN RIAU
2021-10-24,1,0,7,-6,42777,41340,1389,48,KEPULAUAN RIAU
2021-10-25,1,0,8,-7,42778,41348,1389,41,KEPULAUAN RIAU
2021-10-26,1,0,0,1,42779,41348,1389,42,KEPULAUAN RIAU
2021-10-27,5,0,6,-1,42784,41354,1389,41,KEPULAUAN RIAU
2021-10-28,2,0,10,-8,42786,41364,1389,33,KEPULAUAN RIAU
2021-10-29,4,1,4,-1,42790,41368,1390,32,KEPULAUAN RIAU
2021-10-30,2,0,2,0,42792,41370,1390,32,KEPULAUAN RIAU
2021-10-31,0,0,3,-3,42792,41373,1390,29,KEPULAUAN RIAU
2021-11-01,0,0,0,0,42792,41373,1390,29,KEPULAUAN RIAU
2021-11-02,1,0,0,1,42793,41373,1390,30,KEPULAUAN RIAU
2021-11-03,7,0,5,2,42800,41378,1390,32,KEPULAUAN RIAU
2021-11-04,2,0,3,-1,42802,41381,1390,31,KEPULAUAN RIAU
2021-11-05,0,0,1,-1,42802,41382,1390,30,KEPULAUAN RIAU
2021-11-06,0,0,2,-2,42802,41384,1390,28,KEPULAUAN RIAU
2021-11-07,1,0,0,1,42803,41384,1390,29,KEPULAUAN RIAU
2021-11-08,0,0,1,-1,42803,41385,1390,28,KEPULAUAN RIAU
2021-11-09,1,0,1,0,42804,41386,1390,28,KEPULAUAN RIAU
2021-11-10,2,0,8,-6,42806,41394,1390,22,KEPULAUAN RIAU
2021-11-11,1,0,0,1,42807,41394,1390,23,KEPULAUAN RIAU
2021-11-12,2,0,0,2,42809,41394,1390,25,KEPULAUAN RIAU
2021-11-13,0,0,3,-3,42809,41397,1390,22,KEPULAUAN RIAU
2021-11-14,0,0,0,0,42809,41397,1390,22,KEPULAUAN RIAU
2021-11-15,2,0,0,2,42811,41397,1390,24,KEPULAUAN RIAU
2021-11-16,0,1,0,-1,42811,41397,1391,23,KEPULAUAN RIAU
2021-11-17,1,0,0,1,42812,41397,1391,24,KEPULAUAN RIAU
2021-11-18,1,1,4,-4,42813,41401,1392,20,KEPULAUAN RIAU
2021-11-19,0,0,4,-4,42813,41405,1392,16,KEPULAUAN RIAU
2021-11-20,0,0,0,0,42813,41405,1392,16,KEPULAUAN RIAU
2021-11-21,0,0,0,0,42813,41405,1392,16,KEPULAUAN RIAU
2021-11-22,1,0,1,0,42814,41406,1392,16,KEPULAUAN RIAU
2021-11-23,0,0,4,-4,42814,41410,1392,12,KEPULAUAN RIAU
2021-11-24,1,0,0,1,42815,41410,1392,13,KEPULAUAN RIAU
2021-11-25,3,0,0,3,42818,41410,1392,16,KEPULAUAN RIAU
2021-11-26,1,0,0,1,42819,41410,1392,17,KEPULAUAN RIAU
2021-11-27,0,0,0,0,42819,41410,1392,17,KEPULAUAN RIAU
2021-11-28,0,0,1,-1,42819,41411,1392,16,KEPULAUAN RIAU
2021-11-29,1,0,7,-6,42820,41418,1392,10,KEPULAUAN RIAU
2021-11-30,0,0,0,0,42820,41418,1392,10,KEPULAUAN RIAU
2021-12-01,1,0,0,1,42821,41418,1392,11,KEPULAUAN RIAU
2021-12-02,0,0,0,0,42821,41418,1392,11,KEPULAUAN RIAU
2021-12-03,0,0,0,0,42821,41418,1392,11,KEPULAUAN RIAU
2021-12-04,0,0,0,0,42821,41418,1392,11,KEPULAUAN RIAU
2021-12-05,1,0,0,1,42822,41418,1392,12,KEPULAUAN RIAU
2021-12-06,0,0,1,-1,42822,41419,1392,11,KEPULAUAN RIAU
2021-12-07,2,0,0,2,42824,41419,1392,13,KEPULAUAN RIAU
2021-12-08,0,0,0,0,42824,41419,1392,13,KEPULAUAN RIAU
2021-12-09,0,0,0,0,42824,41419,1392,13,KEPULAUAN RIAU
2021-12-10,0,0,2,-2,42824,41421,1392,11,KEPULAUAN RIAU
2021-12-11,0,0,0,0,42824,41421,1392,11,KEPULAUAN RIAU
2021-12-12,0,0,0,0,42824,41421,1392,11,KEPULAUAN RIAU
2021-12-13,0,0,3,-3,42824,41424,1392,8,KEPULAUAN RIAU
2021-12-14,0,0,0,0,42824,41424,1392,8,KEPULAUAN RIAU
2021-12-15,1,0,0,1,42825,41424,1392,9,KEPULAUAN RIAU
2021-12-16,6,0,0,6,42831,41424,1392,15,KEPULAUAN RIAU
2021-12-17,60,0,0,60,42891,41424,1392,75,KEPULAUAN RIAU
2021-12-18,10,0,0,10,42901,41424,1392,85,KEPULAUAN RIAU
2021-12-19,3,0,0,3,42904,41424,1392,88,KEPULAUAN RIAU
2021-12-20,0,0,0,0,42904,41424,1392,88,KEPULAUAN RIAU
2021-12-21,2,0,0,2,42906,41424,1392,90,KEPULAUAN RIAU
2021-12-22,26,0,0,26,42932,41424,1392,116,KEPULAUAN RIAU
2021-12-23,7,0,0,7,42939,41424,1392,123,KEPULAUAN RIAU
2021-12-24,23,0,0,23,42962,41424,1392,146,KEPULAUAN RIAU
2021-12-25,51,0,3,48,43013,41427,1392,194,KEPULAUAN RIAU
2021-12-26,1,0,0,1,43014,41427,1392,195,KEPULAUAN RIAU
2021-12-27,7,0,0,7,43021,41427,1392,202,KEPULAUAN RIAU
2021-12-28,36,0,0,36,43057,41427,1392,238,KEPULAUAN RIAU
2021-12-29,21,0,0,21,43078,41427,1392,259,KEPULAUAN RIAU
2021-12-30,3,0,0,3,43081,41427,1392,262,KEPULAUAN RIAU
2021-12-31,3,0,0,3,43084,41427,1392,265,KEPULAUAN RIAU
2022-01-01,44,0,0,44,43128,41427,1392,309,KEPULAUAN RIAU
2022-01-02,16,0,0,16,43144,41427,1392,325,KEPULAUAN RIAU
2022-01-03,18,0,0,18,43162,41427,1392,343,KEPULAUAN RIAU
2022-01-04,45,0,0,45,43207,41427,1392,388,KEPULAUAN RIAU
2022-01-05,14,0,0,14,43221,41427,1392,402,KEPULAUAN RIAU
2022-01-06,100,0,0,100,43321,41427,1392,502,KEPULAUAN RIAU
2022-01-07,50,0,1,49,43371,41428,1392,551,KEPULAUAN RIAU
2022-01-08,50,0,0,50,43421,41428,1392,601,KEPULAUAN RIAU
2022-01-09,19,0,0,19,43440,41428,1392,620,KEPULAUAN RIAU
2022-01-10,4,0,18,-14,43444,41446,1392,606,KEPULAUAN RIAU
2022-01-11,51,0,147,-96,43495,41593,1392,510,KEPULAUAN RIAU
2022-01-12,11,0,72,-61,43506,41665,1392,449,KEPULAUAN RIAU
2022-01-13,15,0,1,14,43521,41666,1392,463,KEPULAUAN RIAU
2022-01-14,6,0,83,-77,43527,41749,1392,386,KEPULAUAN RIAU
2022-01-15,5,0,87,-82,43532,41836,1392,304,KEPULAUAN RIAU
2022-01-16,5,0,0,5,43537,41836,1392,309,KEPULAUAN RIAU
2022-01-17,18,0,81,-63,43555,41917,1392,246,KEPULAUAN RIAU
2022-01-18,7,0,83,-76,43562,42000,1392,170,KEPULAUAN RIAU
2022-01-19,14,0,1,13,43576,42001,1392,183,KEPULAUAN RIAU
2022-01-20,2,0,0,2,43578,42001,1392,185,KEPULAUAN RIAU
2022-01-21,5,0,0,5,43583,42001,1392,190,KEPULAUAN RIAU
2022-01-22,2,0,0,2,43585,42001,1392,192,KEPULAUAN RIAU
2022-01-23,8,0,0,8,43593,42001,1392,200,KEPULAUAN RIAU
2022-01-24,4,0,80,-76,43597,42081,1392,124,KEPULAUAN RIAU
2022-01-25,5,0,81,-76,43602,42162,1392,48,KEPULAUAN RIAU
2022-01-26,9,0,31,-22,43611,42193,1392,26,KEPULAUAN RIAU
2022-01-27,8,0,5,3,43619,42198,1392,29,KEPULAUAN RIAU
2022-01-28,8,0,0,8,43627,42198,1392,37,KEPULAUAN RIAU
2022-01-29,13,0,0,13,43640,42198,1392,50,KEPULAUAN RIAU
2022-01-30,7,0,0,7,43647,42198,1392,57,KEPULAUAN RIAU
2022-01-31,16,0,0,16,43663,42198,1392,73,KEPULAUAN RIAU
2022-02-01,24,0,0,24,43687,42198,1392,97,KEPULAUAN RIAU
2022-02-02,15,1,0,14,43702,42198,1393,111,KEPULAUAN RIAU
2022-02-03,28,0,0,28,43730,42198,1393,139,KEPULAUAN RIAU
2022-02-04,47,0,7,40,43777,42205,1393,179,KEPULAUAN RIAU
2022-02-05,62,0,0,62,43839,42205,1393,241,KEPULAUAN RIAU
2022-02-06,60,0,3,57,43899,42208,1393,298,KEPULAUAN RIAU
2022-02-07,43,0,2,41,43942,42210,1393,339,KEPULAUAN RIAU
2022-02-08,80,0,8,72,44022,42218,1393,411,KEPULAUAN RIAU
2022-02-09,123,0,6,117,44145,42224,1393,528,KEPULAUAN RIAU
2022-02-10,93,0,31,62,44238,42255,1393,590,KEPULAUAN RIAU
2022-02-11,105,0,0,105,44343,42255,1393,695,KEPULAUAN RIAU
2022-02-12,175,0,9,166,44518,42264,1393,861,KEPULAUAN RIAU
2022-02-13,157,0,5,152,44675,42269,1393,1013,KEPULAUAN RIAU
2022-02-14,99,1,5,93,44774,42274,1394,1106,KEPULAUAN RIAU
2022-02-15,211,2,92,117,44985,42366,1396,1223,KEPULAUAN RIAU
2022-02-16,339,0,54,285,45324,42420,1396,1508,KEPULAUAN RIAU
2022-02-17,382,0,61,321,45706,42481,1396,1829,KEPULAUAN RIAU
2022-02-18,461,0,12,449,46167,42493,1396,2278,KEPULAUAN RIAU
2022-02-19,435,0,95,340,46602,42588,1396,2618,KEPULAUAN RIAU
2022-02-20,381,1,122,258,46983,42710,1397,2876,KEPULAUAN RIAU
2022-02-21,320,3,98,219,47303,42808,1400,3095,KEPULAUAN RIAU
2022-02-22,543,0,106,437,47846,42914,1400,3532,KEPULAUAN RIAU
2022-02-23,578,0,55,523,48424,42969,1400,4055,KEPULAUAN RIAU
2022-02-24,610,6,102,502,49034,43071,1406,4557,KEPULAUAN RIAU
2022-02-25,599,1,97,501,49633,43168,1407,5058,KEPULAUAN RIAU
2022-02-26,477,2,10,465,50110,43178,1409,5523,KEPULAUAN RIAU
2022-02-27,564,0,25,539,50674,43203,1409,6062,KEPULAUAN RIAU
2022-02-28,257,3,112,142,50931,43315,1412,6204,KEPULAUAN RIAU
2022-03-01,235,0,273,-38,51166,43588,1412,6166,KEPULAUAN RIAU
2022-03-02,385,7,147,231,51551,43735,1419,6397,KEPULAUAN RIAU
2022-03-03,355,2,383,-30,51906,44118,1421,6367,KEPULAUAN RIAU
2022-03-04,247,0,730,-483,52153,44848,1421,5884,KEPULAUAN RIAU
2022-03-05,328,3,116,209,52481,44964,1424,6093,KEPULAUAN RIAU
2022-03-06,312,1,149,162,52793,45113,1425,6255,KEPULAUAN RIAU
2022-03-07,177,0,167,10,52970,45280,1425,6265,KEPULAUAN RIAU
2022-03-08,358,3,126,229,53328,45406,1428,6494,KEPULAUAN RIAU
2022-03-09,306,6,109,191,53634,45515,1434,6685,KEPULAUAN RIAU
2022-03-10,188,2,622,-436,53822,46137,1436,6249,KEPULAUAN RIAU
2022-03-11,149,3,48,98,53971,46185,1439,6347,KEPULAUAN RIAU
2022-03-12,150,1,682,-533,54121,46867,1440,5814,KEPULAUAN RIAU
2022-03-13,126,11,1126,-1011,54247,47993,1451,4803,KEPULAUAN RIAU
2022-03-14,143,7,1171,-1035,54390,49164,1458,3768,KEPULAUAN RIAU
2022-03-15,155,3,54,98,54545,49218,1461,3866,KEPULAUAN RIAU
2022-03-16,116,1,542,-427,54661,49760,1462,3439,KEPULAUAN RIAU
2022-03-17,123,3,447,-327,54784,50207,1465,3112,KEPULAUAN RIAU
2022-03-18,84,1,37,46,54868,50244,1466,3158,KEPULAUAN RIAU
2022-03-19,84,0,110,-26,54952,50354,1466,3132,KEPULAUAN RIAU
2022-03-20,54,4,94,-44,55006,50448,1470,3088,KEPULAUAN RIAU
2022-03-21,39,2,44,-7,55045,50492,1472,3081,KEPULAUAN RIAU
2022-03-22,80,0,870,-790,55125,51362,1472,2291,KEPULAUAN RIAU
2022-03-23,52,3,63,-14,55177,51425,1475,2277,KEPULAUAN RIAU
2022-03-24,59,0,8,51,55236,51433,1475,2328,KEPULAUAN RIAU
2022-03-25,26,0,216,-190,55262,51649,1475,2138,KEPULAUAN RIAU
2022-03-26,92,0,231,-139,55354,51880,1475,1999,KEPULAUAN RIAU
2022-03-27,36,2,245,-211,55390,52125,1477,1788,KEPULAUAN RIAU
2022-03-28,33,2,186,-155,55423,52311,1479,1633,KEPULAUAN RIAU
2022-03-29,45,1,7,37,55468,52318,1480,1670,KEPULAUAN RIAU
2022-03-30,53,1,781,-729,55521,53099,1481,941,KEPULAUAN RIAU
2022-03-31,41,12,76,-47,55562,53175,1493,894,KEPULAUAN RIAU
2022-04-01,34,1,121,-88,55596,53296,1494,806,KEPULAUAN RIAU
2022-04-02,21,0,188,-167,55617,53484,1494,639,KEPULAUAN RIAU
2022-04-03,17,0,56,-39,55634,53540,1494,600,KEPULAUAN RIAU
2022-04-04,21,1,9,11,55655,53549,1495,611,KEPULAUAN RIAU
2022-04-05,16,2,35,-21,55671,53584,1497,590,KEPULAUAN RIAU
2022-04-06,21,0,15,6,55692,53599,1497,596,KEPULAUAN RIAU
2022-04-07,25,0,31,-6,55717,53630,1497,590,KEPULAUAN RIAU
2022-04-08,19,0,19,0,55736,53649,1497,590,KEPULAUAN RIAU
2022-04-09,14,1,41,-28,55750,53690,1498,562,KEPULAUAN RIAU
2022-04-10,4,0,90,-86,55754,53780,1498,476,KEPULAUAN RIAU
2022-04-11,3,0,61,-58,55757,53841,1498,418,KEPULAUAN RIAU
2022-04-12,7,0,84,-77,55764,53925,1498,341,KEPULAUAN RIAU
2022-04-13,9,1,65,-57,55773,53990,1499,284,KEPULAUAN RIAU
2022-04-14,4,0,12,-8,55777,54002,1499,276,KEPULAUAN RIAU
2022-04-15,2,0,19,-17,55779,54021,1499,259,KEPULAUAN RIAU
2022-04-16,3,0,82,-79,55782,54103,1499,180,KEPULAUAN RIAU
2022-04-17,6,0,30,-24,55788,54133,1499,156,KEPULAUAN RIAU
2022-04-18,4,1,21,-18,55792,54154,1500,138,KEPULAUAN RIAU
2022-04-19,12,0,13,-1,55804,54167,1500,137,KEPULAUAN RIAU
2022-04-20,4,0,15,-11,55808,54182,1500,126,KEPULAUAN RIAU
2022-04-21,3,0,11,-8,55811,54193,1500,118,KEPULAUAN RIAU
2022-04-22,1,0,4,-3,55812,54197,1500,115,KEPULAUAN RIAU
2022-04-23,2,0,17,-15,55814,54214,1500,100,KEPULAUAN RIAU
2022-04-24,0,1,20,-21,55814,54234,1501,79,KEPULAUAN RIAU
2022-04-25,2,0,17,-15,55816,54251,1501,64,KEPULAUAN RIAU
2022-04-26,3,0,3,0,55819,54254,1501,64,KEPULAUAN RIAU
2022-04-27,5,0,15,-10,55824,54269,1501,54,KEPULAUAN RIAU
2022-04-28,2,0,7,-5,55826,54276,1501,49,KEPULAUAN RIAU
2022-04-29,1,1,8,-8,55827,54284,1502,41,KEPULAUAN RIAU
2022-04-30,3,0,2,1,55830,54286,1502,42,KEPULAUAN RIAU
2022-05-01,3,0,2,1,55833,54288,1502,43,KEPULAUAN RIAU
2022-05-02,0,0,0,0,55833,54288,1502,43,KEPULAUAN RIAU
2022-05-03,0,0,2,-2,55833,54290,1502,41,KEPULAUAN RIAU
2022-05-04,0,0,0,0,55833,54290,1502,41,KEPULAUAN RIAU
2022-05-05,0,0,0,0,55833,54290,1502,41,KEPULAUAN RIAU
2022-05-06,2,0,2,0,55835,54292,1502,41,KEPULAUAN RIAU
2022-05-07,2,0,5,-3,55837,54297,1502,38,KEPULAUAN RIAU
2022-05-08,0,0,0,0,55837,54297,1502,38,KEPULAUAN RIAU
2022-05-09,1,0,4,-3,55838,54301,1502,35,KEPULAUAN RIAU
2022-05-10,0,0,3,-3,55838,54304,1502,32,KEPULAUAN RIAU
2022-05-11,0,0,4,-4,55838,54308,1502,28,KEPULAUAN RIAU
2022-05-12,0,0,4,-4,55838,54312,1502,24,KEPULAUAN RIAU
2022-05-13,0,0,0,0,55838,54312,1502,24,KEPULAUAN RIAU
2022-05-14,0,0,4,-4,55838,54316,1502,20,KEPULAUAN RIAU
2022-05-15,0,0,2,-2,55838,54318,1502,18,KEPULAUAN RIAU
2022-05-16,2,0,1,1,55840,54319,1502,19,KEPULAUAN RIAU
2022-05-17,1,0,0,1,55841,54319,1502,20,KEPULAUAN RIAU
2022-05-18,0,0,1,-1,55841,54320,1502,19,KEPULAUAN RIAU
2022-05-19,1,0,4,-3,55842,54324,1502,16,KEPULAUAN RIAU
2022-05-20,0,0,0,0,55842,54324,1502,16,KEPULAUAN RIAU
2022-05-21,0,0,0,0,55842,54324,1502,16,KEPULAUAN RIAU
2022-05-22,2,0,3,-1,55844,54327,1502,15,KEPULAUAN RIAU
2022-05-23,0,0,8,-8,55844,54335,1502,7,KEPULAUAN RIAU
2022-05-24,0,0,0,0,55844,54335,1502,7,KEPULAUAN RIAU
2022-05-25,0,0,2,-2,55844,54337,1502,5,KEPULAUAN RIAU
2022-05-26,0,0,0,0,55844,54337,1502,5,KEPULAUAN RIAU
2022-05-27,1,0,1,0,55845,54338,1502,5,KEPULAUAN RIAU
2022-05-28,1,0,1,0,55846,54339,1502,5,KEPULAUAN RIAU
2022-05-29,2,1,3,-2,55848,54342,1503,3,KEPULAUAN RIAU
2022-05-30,0,0,0,0,55848,54342,1503,3,KEPULAUAN RIAU
2022-05-31,0,0,1,-1,55848,54343,1503,2,KEPULAUAN RIAU
2022-06-01,0,0,0,0,55848,54343,1503,2,KEPULAUAN RIAU
2022-06-02,0,0,0,0,55848,54343,1503,2,KEPULAUAN RIAU
2022-06-03,1,0,0,1,55849,54343,1503,3,KEPULAUAN RIAU
2022-06-04,0,0,1,-1,55849,54344,1503,2,KEPULAUAN RIAU
2022-06-05,0,0,0,0,55849,54344,1503,2,KEPULAUAN RIAU
2022-06-06,3,0,0,3,55852,54344,1503,5,KEPULAUAN RIAU
2022-06-07,3,0,1,2,55855,54345,1503,7,KEPULAUAN RIAU
2022-06-08,4,0,0,4,55859,54345,1503,11,KEPULAUAN RIAU
2022-06-09,0,0,0,0,55859,54345,1503,11,KEPULAUAN RIAU
2022-06-10,0,0,0,0,55859,54345,1503,11,KEPULAUAN RIAU
2022-06-11,2,0,0,2,55861,54345,1503,13,KEPULAUAN RIAU
2022-06-12,0,0,0,0,55861,54345,1503,13,KEPULAUAN RIAU
2022-06-13,0,0,0,0,55861,54345,1503,13,KEPULAUAN RIAU
2022-06-14,1,0,0,1,55862,54345,1503,14,KEPULAUAN RIAU
2022-06-15,0,0,0,0,55862,54345,1503,14,KEPULAUAN RIAU
2022-06-16,2,0,0,2,55864,54345,1503,16,KEPULAUAN RIAU
2022-06-17,0,0,0,0,55864,54345,1503,16,KEPULAUAN RIAU
2022-06-18,1,0,0,1,55865,54345,1503,17,KEPULAUAN RIAU
2022-06-19,0,0,0,0,55865,54345,1503,17,KEPULAUAN RIAU
2022-06-20,0,0,0,0,55865,54345,1503,17,KEPULAUAN RIAU
2022-06-21,0,0,0,0,55865,54345,1503,17,KEPULAUAN RIAU
2022-06-22,0,0,1,-1,55865,54346,1503,16,KEPULAUAN RIAU
2022-06-23,0,0,0,0,55865,54346,1503,16,KEPULAUAN RIAU
2022-06-24,0,0,0,0,55865,54346,1503,16,KEPULAUAN RIAU
2022-06-25,0,0,0,0,55865,54346,1503,16,KEPULAUAN RIAU
2022-06-26,2,0,0,2,55867,54346,1503,18,KEPULAUAN RIAU
2022-06-27,0,0,0,0,55867,54346,1503,18,KEPULAUAN RIAU
2022-06-28,2,0,1,1,55869,54347,1503,19,KEPULAUAN RIAU
2022-06-29,1,0,0,1,55870,54347,1503,20,KEPULAUAN RIAU
2022-06-30,1,0,0,1,55871,54347,1503,21,KEPULAUAN RIAU
2022-07-01,0,0,0,0,55871,54347,1503,21,KEPULAUAN RIAU
2022-07-02,0,0,0,0,55871,54347,1503,21,KEPULAUAN RIAU
2022-07-03,0,0,0,0,55871,54347,1503,21,KEPULAUAN RIAU
2022-07-04,1,0,0,1,55872,54347,1503,22,KEPULAUAN RIAU
2022-07-05,4,0,0,4,55876,54347,1503,26,KEPULAUAN RIAU
2022-07-06,2,0,0,2,55878,54347,1503,28,KEPULAUAN RIAU
2022-07-07,6,0,0,6,55884,54347,1503,34,KEPULAUAN RIAU
2022-07-08,2,0,0,2,55886,54347,1503,36,KEPULAUAN RIAU
2022-07-09,0,0,0,0,55886,54347,1503,36,KEPULAUAN RIAU
2022-07-10,4,0,0,4,55890,54347,1503,40,KEPULAUAN RIAU
2022-07-11,2,0,2,0,55892,54349,1503,40,KEPULAUAN RIAU
2022-07-12,6,0,0,6,55898,54349,1503,46,KEPULAUAN RIAU
2022-07-13,1,0,0,1,55899,54349,1503,47,KEPULAUAN RIAU
2022-07-14,7,0,1,6,55906,54350,1503,53,KEPULAUAN RIAU
2022-07-15,0,0,1,-1,55906,54351,1503,52,KEPULAUAN RIAU
2022-07-16,1,0,0,1,55907,54351,1503,53,KEPULAUAN RIAU
2022-07-17,1,0,0,1,55908,54351,1503,54,KEPULAUAN RIAU
2022-07-18,1,0,1,0,55909,54352,1503,54,KEPULAUAN RIAU
2022-07-19,7,0,0,7,55916,54352,1503,61,KEPULAUAN RIAU
2022-07-20,1,0,0,1,55917,54352,1503,62,KEPULAUAN RIAU
2022-07-21,8,0,42,-34,55925,54394,1503,28,KEPULAUAN RIAU
2022-07-22,8,0,0,8,55933,54394,1503,36,KEPULAUAN RIAU
2022-07-23,4,0,4,0,55937,54398,1503,36,KEPULAUAN RIAU
2022-07-24,2,0,0,2,55939,54398,1503,38,KEPULAUAN RIAU
2022-07-25,3,0,0,3,55942,54398,1503,41,KEPULAUAN RIAU
2022-07-26,10,0,0,10,55952,54398,1503,51,KEPULAUAN RIAU
2022-07-27,9,0,4,5,55961,54402,1503,56,KEPULAUAN RIAU
2022-07-28,8,0,0,8,55969,54402,1503,64,KEPULAUAN RIAU
2022-07-29,8,0,0,8,55977,54402,1503,72,KEPULAUAN RIAU
2022-07-30,19,0,0,19,55996,54402,1503,91,KEPULAUAN RIAU
2022-07-31,4,0,2,2,56000,54404,1503,93,KEPULAUAN RIAU
2022-08-01,2,2,9,-9,56002,54413,1505,84,KEPULAUAN RIAU
2022-08-02,20,0,0,20,56022,54413,1505,104,KEPULAUAN RIAU
2022-08-03,11,0,0,11,56033,54413,1505,115,KEPULAUAN RIAU
2022-08-04,6,0,1,5,56039,54414,1505,120,KEPULAUAN RIAU
2022-08-05,10,0,21,-11,56049,54435,1505,109,KEPULAUAN RIAU
2022-08-06,2,0,1,1,56051,54436,1505,110,KEPULAUAN RIAU
2022-08-07,1,0,0,1,56052,54436,1505,111,KEPULAUAN RIAU
2022-08-08,6,0,1,5,56058,54437,1505,116,KEPULAUAN RIAU
2022-08-09,16,0,21,-5,56074,54458,1505,111,KEPULAUAN RIAU
2022-08-10,7,1,3,3,56081,54461,1506,114,KEPULAUAN RIAU
2022-08-11,19,0,7,12,56100,54468,1506,126,KEPULAUAN RIAU
2022-08-12,14,0,7,7,56114,54475,1506,133,KEPULAUAN RIAU
2022-08-13,18,0,3,15,56132,54478,1506,148,KEPULAUAN RIAU
2022-08-14,2,0,9,-7,56134,54487,1506,141,KEPULAUAN RIAU
2022-08-15,2,0,0,2,56136,54487,1506,143,KEPULAUAN RIAU
2022-08-16,16,0,0,16,56152,54487,1506,159,KEPULAUAN RIAU
2022-08-17,14,0,4,10,56166,54491,1506,169,KEPULAUAN RIAU
2022-08-18,3,0,5,-2,56169,54496,1506,167,KEPULAUAN RIAU
2022-08-19,16,0,19,-3,56185,54515,1506,164,KEPULAUAN RIAU
2022-08-20,6,0,6,0,56191,54521,1506,164,KEPULAUAN RIAU
2022-08-21,7,0,12,-5,56198,54533,1506,159,KEPULAUAN RIAU
2022-08-22,3,0,14,-11,56201,54547,1506,148,KEPULAUAN RIAU
2022-08-23,16,0,7,9,56217,54554,1506,157,KEPULAUAN RIAU
2022-08-24,19,0,6,13,56236,54560,1506,170,KEPULAUAN RIAU
2022-08-25,11,0,8,3,56247,54568,1506,173,KEPULAUAN RIAU
2022-08-26,11,0,17,-6,56258,54585,1506,167,KEPULAUAN RIAU
2022-08-27,18,0,12,6,56276,54597,1506,173,KEPULAUAN RIAU
2022-08-28,8,0,11,-3,56284,54608,1506,170,KEPULAUAN RIAU
2022-08-29,4,0,7,-3,56288,54615,1506,167,KEPULAUAN RIAU
2022-08-30,17,0,18,-1,56305,54633,1506,166,KEPULAUAN RIAU
2022-08-31,10,0,10,0,56315,54643,1506,166,KEPULAUAN RIAU
2022-09-01,15,0,7,8,56330,54650,1506,174,KEPULAUAN RIAU
2022-09-02,7,0,22,-15,56337,54672,1506,159,KEPULAUAN RIAU
2022-09-03,12,1,89,-78,56349,54761,1507,81,KEPULAUAN RIAU
2022-09-04,5,0,9,-4,56354,54770,1507,77,KEPULAUAN RIAU
2022-09-05,1,0,5,-4,56355,54775,1507,73,KEPULAUAN RIAU
2022-09-06,12,0,8,4,56367,54783,1507,77,KEPULAUAN RIAU
2022-09-07,13,0,5,8,56380,54788,1507,85,KEPULAUAN RIAU
2022-09-08,7,0,3,4,56387,54791,1507,89,KEPULAUAN RIAU
2022-09-09,4,0,5,-1,56391,54796,1507,88,KEPULAUAN RIAU
2022-09-10,8,1,2,5,56399,54798,1508,93,KEPULAUAN RIAU
2022-09-11,13,0,2,11,56412,54800,1508,104,KEPULAUAN RIAU
2022-09-12,1,0,8,-7,56413,54808,1508,97,KEPULAUAN RIAU
2022-09-13,7,0,5,2,56420,54813,1508,99,KEPULAUAN RIAU
2022-09-14,6,0,0,6,56426,54813,1508,105,KEPULAUAN RIAU
2022-09-15,5,0,2,3,56431,54815,1508,108,KEPULAUAN RIAU
2022-09-16,2,0,8,-6,56433,54823,1508,102,KEPULAUAN RIAU
2022-09-17,6,0,14,-8,56439,54837,1508,94,KEPULAUAN RIAU
2022-09-18,4,0,5,-1,56443,54842,1508,93,KEPULAUAN RIAU
2022-09-19,7,0,8,-1,56450,54850,1508,92,KEPULAUAN RIAU
2022-09-20,7,0,3,4,56457,54853,1508,96,KEPULAUAN RIAU
2022-09-21,10,0,3,7,56467,54856,1508,103,KEPULAUAN RIAU
2022-09-22,4,0,11,-7,56471,54867,1508,96,KEPULAUAN RIAU
2022-09-23,5,0,14,-9,56476,54881,1508,87,KEPULAUAN RIAU
2022-09-24,3,0,10,-7,56479,54891,1508,80,KEPULAUAN RIAU
2022-09-25,1,1,6,-6,56480,54897,1509,74,KEPULAUAN RIAU
2022-09-26,1,0,13,-12,56481,54910,1509,62,KEPULAUAN RIAU
2022-09-27,2,0,0,2,56483,54910,1509,64,KEPULAUAN RIAU
2022-09-28,10,0,0,10,56493,54910,1509,74,KEPULAUAN RIAU
2022-09-29,1,0,0,1,56494,54910,1509,75,KEPULAUAN RIAU
2022-09-30,6,0,1,5,56500,54911,1509,80,KEPULAUAN RIAU
2020-03-19,1,1,0,0,1,0,1,0,BALI
2020-03-20,0,0,0,0,1,0,1,0,BALI
2020-03-21,0,0,0,0,1,0,1,0,BALI
2020-03-22,0,0,0,0,1,0,1,0,BALI
2020-03-23,0,0,0,0,1,0,1,0,BALI
2020-03-24,0,0,0,0,1,0,1,0,BALI
2020-03-25,0,0,0,0,1,0,1,0,BALI
2020-03-26,0,0,0,0,1,0,1,0,BALI
2020-03-27,0,0,0,0,1,0,1,0,BALI
2020-03-28,0,0,0,0,1,0,1,0,BALI
2020-03-29,1,0,0,1,2,0,1,1,BALI
2020-03-30,9,0,0,9,11,0,1,10,BALI
2020-03-31,0,0,0,0,11,0,1,10,BALI
2020-04-01,4,0,1,3,15,1,1,13,BALI
2020-04-02,0,0,0,0,15,1,1,13,BALI
2020-04-03,3,0,0,3,18,1,1,16,BALI
2020-04-04,5,0,0,5,23,1,1,21,BALI
2020-04-05,4,0,3,1,27,4,1,22,BALI
2020-04-06,6,0,0,6,33,4,1,28,BALI
2020-04-07,0,0,0,0,33,4,1,28,BALI
2020-04-08,4,0,0,4,37,4,1,32,BALI
2020-04-09,9,0,0,9,46,4,1,41,BALI
2020-04-10,9,0,0,9,55,4,1,50,BALI
2020-04-11,3,0,0,3,58,4,1,53,BALI
2020-04-12,2,0,0,2,60,4,1,55,BALI
2020-04-13,4,0,0,4,64,4,1,59,BALI
2020-04-14,5,0,0,5,69,4,1,64,BALI
2020-04-15,6,0,0,6,75,4,1,70,BALI
2020-04-16,10,0,1,9,85,5,1,79,BALI
2020-04-17,8,0,1,7,93,6,1,86,BALI
2020-04-18,5,0,1,4,98,7,1,90,BALI
2020-04-19,3,0,2,1,101,9,1,91,BALI
2020-04-20,5,0,4,1,106,13,1,92,BALI
2020-04-21,8,0,0,8,114,13,1,100,BALI
2020-04-22,1,1,4,-4,115,17,2,96,BALI
2020-04-23,10,0,5,5,125,22,2,101,BALI
2020-04-24,7,0,2,5,132,24,2,106,BALI
2020-04-25,6,0,6,0,138,30,2,106,BALI
2020-04-26,2,0,0,2,140,30,2,108,BALI
2020-04-27,4,0,5,-1,144,35,2,107,BALI
2020-04-28,17,0,5,12,161,40,2,119,BALI
2020-04-29,0,0,5,-5,161,45,2,114,BALI
2020-04-30,7,0,8,-1,168,53,2,113,BALI
2020-05-01,12,0,4,8,180,57,2,121,BALI
2020-05-02,2,0,0,2,182,57,2,123,BALI
2020-05-03,19,0,13,6,201,70,2,129,BALI
2020-05-04,7,0,9,-2,208,79,2,127,BALI
2020-05-05,4,0,0,4,212,79,2,131,BALI
2020-05-06,0,0,3,-3,212,82,2,128,BALI
2020-05-07,10,0,9,1,222,91,2,129,BALI
2020-05-08,9,0,7,2,231,98,2,131,BALI
2020-05-09,5,0,0,5,236,98,2,136,BALI
2020-05-10,3,0,3,0,239,101,2,136,BALI
2020-05-11,2,0,3,-1,241,104,2,135,BALI
2020-05-12,11,0,1,10,252,105,2,145,BALI
2020-05-13,3,0,1,2,255,106,2,147,BALI
2020-05-14,5,0,2,3,260,108,2,150,BALI
2020-05-15,5,0,7,-2,265,115,2,148,BALI
2020-05-16,2,0,4,-2,267,119,2,146,BALI
2020-05-17,1,0,2,-1,268,121,2,145,BALI
2020-05-18,9,0,3,6,277,124,2,151,BALI
2020-05-19,2,0,6,-4,279,130,2,147,BALI
2020-05-20,7,0,6,1,286,136,2,148,BALI
2020-05-21,3,0,2,1,289,138,2,149,BALI
2020-05-22,3,0,2,1,292,140,2,150,BALI
2020-05-23,4,0,0,4,296,140,2,154,BALI
2020-05-24,6,0,3,3,302,143,2,157,BALI
2020-05-25,2,0,1,1,304,144,2,158,BALI
2020-05-26,10,0,1,9,314,145,2,167,BALI
2020-05-27,8,0,3,5,322,148,2,172,BALI
2020-05-28,4,0,6,-2,326,154,2,170,BALI
2020-05-29,19,0,3,16,345,157,2,186,BALI
2020-05-30,10,0,4,6,355,161,2,192,BALI
2020-05-31,6,0,0,6,361,161,2,198,BALI
2020-06-01,15,1,4,10,376,165,3,208,BALI
2020-06-02,4,0,1,3,380,166,3,211,BALI
2020-06-03,3,0,3,0,383,169,3,211,BALI
2020-06-04,13,0,7,6,396,176,3,217,BALI
2020-06-05,7,0,3,4,403,179,3,221,BALI
2020-06-06,27,0,1,26,430,180,3,247,BALI
2020-06-07,20,0,1,19,450,181,3,266,BALI
2020-06-08,11,0,2,9,461,183,3,275,BALI
2020-06-09,12,0,8,4,473,191,3,279,BALI
2020-06-10,28,0,1,27,501,192,3,306,BALI
2020-06-11,16,0,2,14,517,194,3,320,BALI
2020-06-12,31,0,8,23,548,202,3,343,BALI
2020-06-13,22,1,4,17,570,206,4,360,BALI
2020-06-14,15,0,6,9,585,212,4,369,BALI
2020-06-15,15,0,25,-10,600,237,4,359,BALI
2020-06-16,17,0,7,10,617,244,4,369,BALI
2020-06-17,41,0,16,25,658,260,4,394,BALI
2020-06-18,57,0,2,55,715,262,4,449,BALI
2020-06-19,64,0,9,55,779,271,4,504,BALI
2020-06-20,29,1,7,21,808,278,5,525,BALI
2020-06-21,25,1,4,20,833,282,6,545,BALI
2020-06-22,22,0,8,14,855,290,6,559,BALI
2020-06-23,28,0,8,20,883,298,6,579,BALI
2020-06-24,36,0,2,34,919,300,6,613,BALI
2020-06-25,47,1,7,39,966,307,7,652,BALI
2020-06-26,35,0,23,12,1001,330,7,664,BALI
2020-06-27,91,0,6,85,1092,336,7,749,BALI
2020-06-28,35,0,8,27,1127,344,7,776,BALI
2020-06-29,25,0,7,18,1152,351,7,794,BALI
2020-06-30,33,0,12,21,1185,363,7,815,BALI
2020-07-01,25,1,12,12,1210,375,8,827,BALI
2020-07-02,90,0,5,85,1300,380,8,912,BALI
2020-07-03,53,0,9,44,1353,389,8,956,BALI
2020-07-04,77,2,5,70,1430,394,10,1026,BALI
2020-07-05,42,1,10,31,1472,404,11,1057,BALI
2020-07-06,43,0,4,39,1515,408,11,1096,BALI
2020-07-07,35,0,15,20,1550,423,11,1116,BALI
2020-07-08,26,1,8,17,1576,431,12,1133,BALI
2020-07-09,40,0,29,11,1616,460,12,1144,BALI
2020-07-10,75,0,14,61,1691,474,12,1205,BALI
2020-07-11,27,0,42,-15,1718,516,12,1190,BALI
2020-07-12,37,0,8,29,1755,524,12,1219,BALI
2020-07-13,51,0,35,16,1806,559,12,1235,BALI
2020-07-14,86,0,21,65,1892,580,12,1300,BALI
2020-07-15,53,0,7,46,1945,587,12,1346,BALI
2020-07-16,91,0,21,70,2036,608,12,1416,BALI
2020-07-17,70,1,15,54,2106,623,13,1470,BALI
2020-07-18,51,0,12,39,2157,635,13,1509,BALI
2020-07-19,47,1,29,17,2204,664,14,1526,BALI
2020-07-20,32,1,10,21,2236,674,15,1547,BALI
2020-07-21,69,0,8,61,2305,682,15,1608,BALI
2020-07-22,60,0,28,32,2365,710,15,1640,BALI
2020-07-23,51,2,14,35,2416,724,17,1675,BALI
2020-07-24,53,0,13,40,2469,737,17,1715,BALI
2020-07-25,46,0,10,36,2515,747,17,1751,BALI
2020-07-26,37,0,9,28,2552,756,17,1779,BALI
2020-07-27,50,0,5,45,2602,761,17,1824,BALI
2020-07-28,24,0,9,15,2626,770,17,1839,BALI
2020-07-29,42,0,17,25,2668,787,17,1864,BALI
2020-07-30,43,0,16,27,2711,803,17,1891,BALI
2020-07-31,31,0,10,21,2742,813,17,1912,BALI
2020-08-01,30,0,8,22,2772,821,17,1934,BALI
2020-08-02,38,0,4,34,2810,825,17,1968,BALI
2020-08-03,29,0,3,26,2839,828,17,1994,BALI
2020-08-04,35,0,9,26,2874,837,17,2020,BALI
2020-08-05,33,0,2,31,2907,839,17,2051,BALI
2020-08-06,23,0,15,8,2930,854,17,2059,BALI
2020-08-07,31,0,6,25,2961,860,17,2084,BALI
2020-08-08,36,0,8,28,2997,868,17,2112,BALI
2020-08-09,45,0,2,43,3042,870,17,2155,BALI
2020-08-10,28,0,8,20,3070,878,17,2175,BALI
2020-08-11,35,0,10,25,3105,888,17,2200,BALI
2020-08-12,25,0,0,25,3130,888,17,2225,BALI
2020-08-13,28,0,12,16,3158,900,17,2241,BALI
2020-08-14,44,0,3,41,3202,903,17,2282,BALI
2020-08-15,33,0,3,30,3235,906,17,2312,BALI
2020-08-16,31,0,12,19,3266,918,17,2331,BALI
2020-08-17,36,0,8,28,3302,926,17,2359,BALI
2020-08-18,40,0,7,33,3342,933,17,2392,BALI
2020-08-19,50,0,5,45,3392,938,17,2437,BALI
2020-08-20,60,0,3,57,3452,941,17,2494,BALI
2020-08-21,64,0,6,58,3516,947,17,2552,BALI
2020-08-22,60,0,5,55,3576,952,17,2607,BALI
2020-08-23,54,0,9,45,3630,961,17,2652,BALI
2020-08-24,52,0,6,46,3682,967,17,2698,BALI
2020-08-25,62,0,12,50,3744,979,17,2748,BALI
2020-08-26,58,0,8,50,3802,987,17,2798,BALI
2020-08-27,66,0,15,51,3868,1002,17,2849,BALI
2020-08-28,75,0,4,71,3943,1006,17,2920,BALI
2020-08-29,74,1,10,63,4017,1016,18,2983,BALI
2020-08-30,73,1,1,71,4090,1017,19,3054,BALI
2020-08-31,108,2,9,97,4198,1026,21,3151,BALI
2020-09-01,132,0,14,118,4330,1040,21,3269,BALI
2020-09-02,140,2,11,127,4470,1051,23,3396,BALI
2020-09-03,136,1,15,120,4606,1066,24,3516,BALI
2020-09-04,157,1,5,151,4763,1071,25,3667,BALI
2020-09-05,131,2,10,119,4894,1081,27,3786,BALI
2020-09-06,109,1,2,106,5003,1083,28,3892,BALI
2020-09-07,136,3,13,120,5139,1096,31,4012,BALI
2020-09-08,125,2,2,121,5264,1098,33,4133,BALI
2020-09-09,142,0,7,135,5406,1105,33,4268,BALI
2020-09-10,99,2,11,86,5505,1116,35,4354,BALI
2020-09-11,115,0,6,109,5620,1122,35,4463,BALI
2020-09-12,108,0,10,98,5728,1132,35,4561,BALI
2020-09-13,88,1,10,77,5816,1142,36,4638,BALI
2020-09-14,71,2,6,63,5887,1148,38,4701,BALI
2020-09-15,54,1,9,44,5941,1157,39,4745,BALI
2020-09-16,37,0,6,31,5978,1163,39,4776,BALI
2020-09-17,52,1,24,27,6030,1187,40,4803,BALI
2020-09-18,44,2,7,35,6074,1194,42,4838,BALI
2020-09-19,62,0,11,51,6136,1205,42,4889,BALI
2020-09-20,96,3,6,87,6232,1211,45,4976,BALI
2020-09-21,112,0,7,105,6344,1218,45,5081,BALI
2020-09-22,87,1,18,68,6431,1236,46,5149,BALI
2020-09-23,100,1,19,80,6531,1255,47,5229,BALI
2020-09-24,99,10,13,76,6630,1268,57,5305,BALI
2020-09-25,111,3,10,98,6741,1278,60,5403,BALI
2020-09-26,53,1,8,44,6794,1286,61,5447,BALI
2020-09-27,59,1,9,49,6853,1295,62,5496,BALI
2020-09-28,85,4,21,60,6938,1316,66,5556,BALI
2020-09-29,91,1,18,72,7029,1334,67,5628,BALI
2020-09-30,107,1,18,88,7136,1352,68,5716,BALI
2020-10-01,120,1,15,104,7256,1367,69,5820,BALI
2020-10-02,107,2,11,94,7363,1378,71,5914,BALI
2020-10-03,85,0,14,71,7448,1392,71,5985,BALI
2020-10-04,83,0,20,63,7531,1412,71,6048,BALI
2020-10-05,74,1,6,67,7605,1418,72,6115,BALI
2020-10-06,79,0,18,61,7684,1436,72,6176,BALI
2020-10-07,80,4,7,69,7764,1443,76,6245,BALI
2020-10-08,87,0,19,68,7851,1462,76,6313,BALI
2020-10-09,113,0,6,107,7964,1468,76,6420,BALI
2020-10-10,103,0,18,85,8067,1486,76,6505,BALI
2020-10-11,93,1,12,80,8160,1498,77,6585,BALI
2020-10-12,80,2,18,60,8240,1516,79,6645,BALI
2020-10-13,61,2,18,41,8301,1534,81,6686,BALI
2020-10-14,86,1,11,74,8387,1545,82,6760,BALI
2020-10-15,77,0,26,51,8464,1571,82,6811,BALI
2020-10-16,70,0,31,39,8534,1602,82,6850,BALI
2020-10-17,72,1,16,55,8606,1618,83,6905,BALI
2020-10-18,61,0,11,50,8667,1629,83,6955,BALI
2020-10-19,88,2,22,64,8755,1651,85,7019,BALI
2020-10-20,60,0,19,41,8815,1670,85,7060,BALI
2020-10-21,77,0,10,67,8892,1680,85,7127,BALI
2020-10-22,62,2,24,36,8954,1704,87,7163,BALI
2020-10-23,65,2,13,50,9019,1717,89,7213,BALI
2020-10-24,67,2,16,49,9086,1733,91,7262,BALI
2020-10-25,88,0,15,73,9174,1748,91,7335,BALI
2020-10-26,52,0,9,43,9226,1757,91,7378,BALI
2020-10-27,53,0,18,35,9279,1775,91,7413,BALI
2020-10-28,60,220,6594,-6754,9339,8369,311,659,BALI
2020-10-29,49,2,51,-4,9388,8420,313,655,BALI
2020-10-30,47,3,89,-45,9435,8509,316,610,BALI
2020-10-31,39,2,51,-14,9474,8560,318,596,BALI
2020-11-01,43,1,46,-4,9517,8606,319,592,BALI
2020-11-02,17,1,64,-48,9534,8670,320,544,BALI
2020-11-03,49,1,63,-15,9583,8733,321,529,BALI
2020-11-04,60,0,67,-7,9643,8800,321,522,BALI
2020-11-05,43,2,88,-47,9686,8888,323,475,BALI
2020-11-06,65,1,56,8,9751,8944,324,483,BALI
2020-11-07,53,0,32,21,9804,8976,324,504,BALI
2020-11-08,36,0,44,-8,9840,9020,324,496,BALI
2020-11-09,54,1,63,-10,9894,9083,325,486,BALI
2020-11-10,37,1,75,-39,9931,9158,326,447,BALI
2020-11-11,75,0,50,25,10006,9208,326,472,BALI
2020-11-12,67,1,38,28,10073,9246,327,500,BALI
2020-11-13,53,1,54,-2,10126,9300,328,498,BALI
2020-11-14,39,0,40,-1,10165,9340,328,497,BALI
2020-11-15,46,0,38,8,10211,9378,328,505,BALI
2020-11-16,4,1,30,-27,10215,9408,329,478,BALI
2020-11-17,0,1,45,-46,10215,9453,330,432,BALI
2020-11-18,57,0,78,-21,10272,9531,330,411,BALI
2020-11-19,71,0,52,19,10343,9583,330,430,BALI
2020-11-20,52,2,53,-3,10395,9636,332,427,BALI
2020-11-21,72,0,58,14,10467,9694,332,441,BALI
2020-11-22,83,1,52,30,10550,9746,333,471,BALI
2020-11-23,56,3,60,-7,10606,9806,336,464,BALI
2020-11-24,86,2,79,5,10692,9885,338,469,BALI
2020-11-25,70,2,54,14,10762,9939,340,483,BALI
2020-11-26,89,2,43,44,10851,9982,342,527,BALI
2020-11-27,68,4,48,16,10919,10030,346,543,BALI
2020-11-28,85,0,68,17,11004,10098,346,560,BALI
2020-11-29,85,2,41,42,11089,10139,348,602,BALI
2020-11-30,70,3,112,-45,11159,10251,351,557,BALI
2020-12-01,91,2,34,55,11250,10285,353,612,BALI
2020-12-02,169,0,80,89,11419,10365,353,701,BALI
2020-12-03,175,5,81,89,11594,10446,358,790,BALI
2020-12-04,91,2,68,21,11685,10514,360,811,BALI
2020-12-05,69,1,83,-15,11754,10597,361,796,BALI
2020-12-06,86,2,63,21,11840,10660,363,817,BALI
2020-12-07,81,1,281,-201,11921,10941,364,616,BALI
2020-12-08,66,1,70,-5,11987,11011,365,611,BALI
2020-12-09,120,4,66,50,12107,11077,369,661,BALI
2020-12-10,92,3,88,1,12199,11165,372,662,BALI
2020-12-11,84,4,77,3,12283,11242,376,665,BALI
2020-12-12,54,0,72,-18,12337,11314,376,647,BALI
2020-12-13,51,2,50,-1,12388,11364,378,646,BALI
2020-12-14,69,0,78,-9,12457,11442,378,637,BALI
2020-12-15,56,7,50,-1,12513,11492,385,636,BALI
2020-12-16,113,0,125,-12,12626,11617,385,624,BALI
2020-12-17,102,2,56,44,12728,11673,387,668,BALI
2020-12-18,89,2,51,36,12817,11724,389,704,BALI
2020-12-19,70,0,52,18,12887,11776,389,722,BALI
2020-12-20,75,3,63,9,12962,11839,392,731,BALI
2020-12-21,109,1,130,-22,13071,11969,393,709,BALI
2020-12-22,93,1,106,-14,13164,12075,394,695,BALI
2020-12-23,90,2,106,-18,13254,12181,396,677,BALI
2020-12-24,102,1,88,13,13356,12269,397,690,BALI
2020-12-25,97,4,75,18,13453,12344,401,708,BALI
2020-12-26,76,5,79,-8,13529,12423,406,700,BALI
2020-12-27,53,3,87,-37,13582,12510,409,663,BALI
2020-12-28,108,4,93,11,13690,12603,413,674,BALI
2020-12-29,132,3,144,-15,13822,12747,416,659,BALI
2020-12-30,127,7,100,20,13949,12847,423,679,BALI
2020-12-31,145,3,79,63,14094,12926,426,742,BALI
2021-01-01,85,0,63,22,14179,12989,426,764,BALI
2021-01-02,140,3,103,34,14319,13092,429,798,BALI
2021-01-03,91,0,64,27,14410,13156,429,825,BALI
2021-01-04,91,8,94,-11,14501,13250,437,814,BALI
2021-01-05,135,1,102,32,14636,13352,438,846,BALI
2021-01-06,143,10,129,4,14779,13481,448,850,BALI
2021-01-07,159,4,124,31,14938,13605,452,881,BALI
2021-01-08,185,3,71,111,15123,13676,455,992,BALI
2021-01-09,148,4,74,70,15271,13750,459,1062,BALI
2021-01-10,142,2,104,36,15413,13854,461,1098,BALI
2021-01-11,197,2,111,84,15610,13965,463,1182,BALI
2021-01-12,284,10,124,150,15894,14089,473,1332,BALI
2021-01-13,215,3,82,130,16109,14171,476,1462,BALI
2021-01-14,237,1,211,25,16346,14382,477,1487,BALI
2021-01-15,225,5,156,64,16571,14538,482,1551,BALI
2021-01-16,265,1,101,163,16836,14639,483,1714,BALI
2021-01-17,210,2,122,86,17046,14761,485,1800,BALI
2021-01-18,200,6,168,26,17246,14929,491,1826,BALI
2021-01-19,199,2,194,3,17445,15123,493,1829,BALI
2021-01-20,401,7,195,199,17846,15318,500,2028,BALI
2021-01-21,390,3,143,244,18236,15461,503,2272,BALI
2021-01-22,241,8,217,16,18477,15678,511,2288,BALI
2021-01-23,212,7,177,28,18689,15855,518,2316,BALI
2021-01-24,227,4,175,48,18916,16030,522,2364,BALI
2021-01-25,154,9,211,-66,19070,16241,531,2298,BALI
2021-01-26,439,6,196,237,19509,16437,537,2535,BALI
2021-01-27,429,3,196,230,19938,16633,540,2765,BALI
2021-01-28,290,5,188,97,20228,16821,545,2862,BALI
2021-01-29,326,7,279,40,20554,17100,552,2902,BALI
2021-01-30,198,4,173,21,20752,17273,556,2923,BALI
2021-01-31,200,8,183,9,20952,17456,564,2932,BALI
2021-02-01,210,6,269,-65,21162,17725,570,2867,BALI
2021-02-02,248,5,320,-77,21410,18045,575,2790,BALI
2021-02-03,200,5,171,24,21610,18216,580,2814,BALI
2021-02-04,174,7,359,-192,21784,18575,587,2622,BALI
2021-02-05,416,7,282,127,22200,18857,594,2749,BALI
2021-02-06,164,11,318,-165,22364,19175,605,2584,BALI
2021-02-07,305,5,175,125,22669,19350,610,2709,BALI
2021-02-08,202,8,379,-185,22871,19729,618,2524,BALI
2021-02-09,357,4,259,94,23228,19988,622,2618,BALI
2021-02-10,235,10,245,-20,23463,20233,632,2598,BALI
2021-02-11,298,12,297,-11,23761,20530,644,2587,BALI
2021-02-12,240,7,243,-10,24001,20773,651,2577,BALI
2021-02-13,124,10,163,-49,24125,20936,661,2528,BALI
2021-02-14,109,4,160,-55,24234,21096,665,2473,BALI
2021-02-15,215,8,209,-2,24449,21305,673,2471,BALI
2021-02-16,228,9,246,-27,24677,21551,682,2444,BALI
2021-02-17,300,9,187,104,24977,21738,691,2548,BALI
2021-02-18,254,8,326,-80,25231,22064,699,2468,BALI
2021-02-19,266,9,332,-75,25497,22396,708,2393,BALI
2021-02-20,173,3,350,-180,25670,22746,711,2213,BALI
2021-02-21,240,4,153,83,25910,22899,715,2296,BALI
2021-02-22,211,8,238,-35,26121,23137,723,2261,BALI
2021-02-23,240,8,285,-53,26361,23422,731,2208,BALI
2021-02-24,247,4,238,5,26608,23660,735,2213,BALI
2021-02-25,206,8,252,-54,26814,23912,743,2159,BALI
2021-02-26,270,8,242,20,27084,24154,751,2179,BALI
2021-02-27,121,2,223,-104,27205,24377,753,2075,BALI
2021-02-28,205,5,124,76,27410,24501,758,2151,BALI
2021-03-01,131,5,192,-66,27541,24693,763,2085,BALI
2021-03-02,127,5,197,-75,27668,24890,768,2010,BALI
2021-03-03,164,8,184,-28,27832,25074,776,1982,BALI
2021-03-04,214,13,188,13,28046,25262,789,1995,BALI
2021-03-05,163,5,239,-81,28209,25501,794,1914,BALI
2021-03-06,128,4,175,-51,28337,25676,798,1863,BALI
2021-03-07,120,3,148,-31,28457,25824,801,1832,BALI
2021-03-08,156,5,254,-103,28613,26078,806,1729,BALI
2021-03-09,196,5,208,-17,28809,26286,811,1712,BALI
2021-03-10,200,5,169,26,29009,26455,816,1738,BALI
2021-03-11,116,5,112,-1,29125,26567,821,1737,BALI
2021-03-12,154,9,169,-24,29279,26736,830,1713,BALI
2021-03-13,114,4,117,-7,29393,26853,834,1706,BALI
2021-03-14,0,3,15,-18,29393,26868,837,1688,BALI
2021-03-15,79,4,188,-113,29472,27056,841,1575,BALI
2021-03-16,63,5,157,-99,29535,27213,846,1476,BALI
2021-03-17,183,7,233,-57,29718,27446,853,1419,BALI
2021-03-18,252,6,176,70,29970,27622,859,1489,BALI
2021-03-19,159,7,253,-101,30129,27875,866,1388,BALI
2021-03-20,107,6,215,-114,30236,28090,872,1274,BALI
2021-03-21,154,1,99,54,30390,28189,873,1328,BALI
2021-03-22,144,5,177,-38,30534,28366,878,1290,BALI
2021-03-23,155,8,96,51,30689,28462,886,1341,BALI
2021-03-24,153,7,125,21,30842,28587,893,1362,BALI
2021-03-25,164,2,115,47,31006,28702,895,1409,BALI
2021-03-26,145,5,147,-7,31151,28849,900,1402,BALI
2021-03-27,125,6,114,5,31276,28963,906,1407,BALI
2021-03-28,96,4,97,-5,31372,29060,910,1402,BALI
2021-03-29,121,7,195,-81,31493,29255,917,1321,BALI
2021-03-30,140,6,143,-9,31633,29398,923,1312,BALI
2021-03-31,160,2,169,-11,31793,29567,925,1301,BALI
2021-04-01,138,8,160,-30,31931,29727,933,1271,BALI
2021-04-02,138,3,101,34,32069,29828,936,1305,BALI
2021-04-03,113,5,175,-67,32182,30003,941,1238,BALI
2021-04-04,206,4,213,-11,32388,30216,945,1227,BALI
2021-04-05,146,5,132,9,32534,30348,950,1236,BALI
2021-04-06,192,7,170,15,32726,30518,957,1251,BALI
2021-04-07,178,8,126,44,32904,30644,965,1295,BALI
2021-04-08,170,6,172,-8,33074,30816,971,1287,BALI
2021-04-09,162,7,116,39,33236,30932,978,1326,BALI
2021-04-10,124,3,109,12,33360,31041,981,1338,BALI
2021-04-11,88,0,91,-3,33448,31132,981,1335,BALI
2021-04-12,128,9,144,-25,33576,31276,990,1310,BALI
2021-04-13,120,5,88,27,33696,31364,995,1337,BALI
2021-04-14,93,1,50,42,33789,31414,996,1379,BALI
2021-04-15,160,3,114,43,33949,31528,999,1422,BALI
2021-04-16,179,3,227,-51,34128,31755,1002,1371,BALI
2021-04-17,133,10,146,-23,34261,31901,1012,1348,BALI
2021-04-18,138,7,177,-46,34399,32078,1019,1302,BALI
2021-04-19,125,7,179,-61,34524,32257,1026,1241,BALI
2021-04-20,169,8,179,-18,34693,32436,1034,1223,BALI
2021-04-21,153,7,125,21,34846,32561,1041,1244,BALI
2021-04-22,137,8,192,-63,34983,32753,1049,1181,BALI
2021-04-23,113,7,98,8,35096,32851,1056,1189,BALI
2021-04-24,106,0,58,48,35202,32909,1056,1237,BALI
2021-04-25,59,2,73,-16,35261,32982,1058,1221,BALI
2021-04-26,80,6,149,-75,35341,33131,1064,1146,BALI
2021-04-27,127,8,89,30,35468,33220,1072,1176,BALI
2021-04-28,142,7,105,30,35610,33325,1079,1206,BALI
2021-04-29,109,4,160,-55,35719,33485,1083,1151,BALI
2021-04-30,109,5,120,-16,35828,33605,1088,1135,BALI
2021-05-01,105,8,142,-45,35933,33747,1096,1090,BALI
2021-05-02,71,3,48,20,36004,33795,1099,1110,BALI
2021-05-03,80,6,107,-33,36084,33902,1105,1077,BALI
2021-05-04,120,8,98,14,36204,34000,1113,1091,BALI
2021-05-05,103,9,107,-13,36307,34107,1122,1078,BALI
2021-05-06,106,11,133,-38,36413,34240,1133,1040,BALI
2021-05-07,86,4,123,-41,36499,34363,1137,999,BALI
2021-05-08,82,7,107,-32,36581,34470,1144,967,BALI
2021-05-09,83,5,81,-3,36664,34551,1149,964,BALI
2021-05-10,63,8,108,-53,36727,34659,1157,911,BALI
2021-05-11,82,7,71,4,36809,34730,1164,915,BALI
2021-05-12,82,6,97,-21,36891,34827,1170,894,BALI
2021-05-13,71,3,67,1,36962,34894,1173,895,BALI
2021-05-14,38,3,74,-39,37000,34968,1176,856,BALI
2021-05-15,32,3,94,-65,37032,35062,1179,791,BALI
2021-05-16,61,4,42,15,37093,35104,1183,806,BALI
2021-05-17,62,5,96,-39,37155,35200,1188,767,BALI
2021-05-18,61,3,90,-32,37216,35290,1191,735,BALI
2021-05-19,89,5,99,-15,37305,35389,1196,720,BALI
2021-05-20,69,4,71,-6,37374,35460,1200,714,BALI
2021-05-21,81,1,146,-66,37455,35606,1201,648,BALI
2021-05-22,41,3,67,-29,37496,35673,1204,619,BALI
2021-05-23,53,2,39,12,37549,35712,1206,631,BALI
2021-05-24,53,1,63,-11,37602,35775,1207,620,BALI
2021-05-25,44,3,67,-26,37646,35842,1210,594,BALI
2021-05-26,44,5,30,9,37690,35872,1215,603,BALI
2021-05-27,24,5,58,-39,37714,35930,1220,564,BALI
2021-05-28,49,5,53,-9,37763,35983,1225,555,BALI
2021-05-29,40,2,62,-24,37803,36045,1227,531,BALI
2021-05-30,37,2,36,-1,37840,36081,1229,530,BALI
2021-05-31,38,2,76,-40,37878,36157,1231,490,BALI
2021-06-01,17,0,23,-6,37895,36180,1231,484,BALI
2021-06-02,26,1,61,-36,37921,36241,1232,448,BALI
2021-06-03,36,0,54,-18,37957,36295,1232,430,BALI
2021-06-04,43,2,59,-18,38000,36354,1234,412,BALI
2021-06-05,20,0,32,-12,38020,36386,1234,400,BALI
2021-06-06,20,0,39,-19,38040,36425,1234,381,BALI
2021-06-07,30,0,35,-5,38070,36460,1234,376,BALI
2021-06-08,24,4,30,-10,38094,36490,1238,366,BALI
2021-06-09,29,0,47,-18,38123,36537,1238,348,BALI
2021-06-10,49,1,48,0,38172,36585,1239,348,BALI
2021-06-11,39,2,55,-18,38211,36640,1241,330,BALI
2021-06-12,15,2,25,-12,38226,36665,1243,318,BALI
2021-06-13,38,3,33,2,38264,36698,1246,320,BALI
2021-06-14,41,1,46,-6,38305,36744,1247,314,BALI
2021-06-15,49,2,24,23,38354,36768,1249,337,BALI
2021-06-16,52,0,14,38,38406,36782,1249,375,BALI
2021-06-17,49,1,32,16,38455,36814,1250,391,BALI
2021-06-18,71,1,44,26,38526,36858,1251,417,BALI
2021-06-19,132,2,33,97,38658,36891,1253,514,BALI
2021-06-20,83,1,29,53,38741,36920,1254,567,BALI
2021-06-21,69,1,42,26,38810,36962,1255,593,BALI
2021-06-22,102,3,10,89,38912,36972,1258,682,BALI
2021-06-23,155,3,26,126,39067,36998,1261,808,BALI
2021-06-24,143,2,57,84,39210,37055,1263,892,BALI
2021-06-25,154,1,51,102,39364,37106,1264,994,BALI
2021-06-26,201,2,68,131,39565,37174,1266,1125,BALI
2021-06-27,140,4,58,78,39705,37232,1270,1203,BALI
2021-06-28,161,5,118,38,39866,37350,1275,1241,BALI
2021-06-29,190,1,88,101,40056,37438,1276,1342,BALI
2021-06-30,170,0,90,80,40226,37528,1276,1422,BALI
2021-07-01,244,8,87,149,40470,37615,1284,1571,BALI
2021-07-02,272,5,140,127,40742,37755,1289,1698,BALI
2021-07-03,206,3,136,67,40948,37891,1292,1765,BALI
2021-07-04,283,4,99,180,41231,37990,1296,1945,BALI
2021-07-05,313,5,165,143,41544,38155,1301,2088,BALI
2021-07-06,333,4,222,107,41877,38377,1305,2195,BALI
2021-07-07,403,6,174,223,42280,38551,1311,2418,BALI
2021-07-08,468,4,207,257,42748,38758,1315,2675,BALI
2021-07-09,527,4,217,306,43275,38975,1319,2981,BALI
2021-07-10,539,4,193,342,43814,39168,1323,3323,BALI
2021-07-11,453,5,233,215,44267,39401,1328,3538,BALI
2021-07-12,524,11,242,271,44791,39643,1339,3809,BALI
2021-07-13,590,18,283,289,45381,39926,1357,4098,BALI
2021-07-14,636,19,243,374,46017,40169,1376,4472,BALI
2021-07-15,666,12,337,317,46683,40506,1388,4789,BALI
2021-07-16,701,18,384,299,47384,40890,1406,5088,BALI
2021-07-17,847,19,425,403,48231,41315,1425,5491,BALI
2021-07-18,764,16,361,387,48995,41676,1441,5878,BALI
2021-07-19,646,20,495,131,49641,42171,1461,6009,BALI
2021-07-20,696,18,433,245,50337,42604,1479,6254,BALI
2021-07-21,887,20,531,336,51224,43135,1499,6590,BALI
2021-07-22,999,27,512,460,52223,43647,1526,7050,BALI
2021-07-23,1123,28,557,538,53346,44204,1554,7588,BALI
2021-07-24,862,18,541,303,54208,44745,1572,7891,BALI
2021-07-25,799,23,559,217,55007,45304,1595,8108,BALI
2021-07-26,865,20,637,208,55872,45941,1615,8316,BALI
2021-07-27,1069,25,666,378,56941,46607,1640,8694,BALI
2021-07-28,1155,33,780,342,58096,47387,1673,9036,BALI
2021-07-29,890,15,472,403,58986,47859,1688,9439,BALI
2021-07-30,1111,27,658,426,60097,48517,1715,9865,BALI
2021-07-31,1008,26,743,239,61105,49260,1741,10104,BALI
2021-08-01,937,23,683,231,62042,49943,1764,10335,BALI
2021-08-02,845,37,615,193,62887,50558,1801,10528,BALI
2021-08-03,1134,27,737,370,64021,51295,1828,10898,BALI
2021-08-04,1072,30,888,154,65093,52183,1858,11052,BALI
2021-08-05,1190,18,971,201,66283,53154,1876,11253,BALI
2021-08-06,998,43,1206,-251,67281,54360,1919,11002,BALI
2021-08-07,801,28,1006,-233,68082,55366,1947,10769,BALI
2021-08-08,942,19,1043,-120,69024,56409,1966,10649,BALI
2021-08-09,828,32,881,-85,69852,57290,1998,10564,BALI
2021-08-10,1135,28,1268,-161,70987,58558,2026,10403,BALI
2021-08-11,997,22,919,56,71984,59477,2048,10459,BALI
2021-08-12,1101,28,1258,-185,73085,60735,2076,10274,BALI
2021-08-13,1529,39,1683,-193,74614,62418,2115,10081,BALI
2021-08-14,1410,28,1324,58,76024,63742,2143,10139,BALI
2021-08-15,846,30,1630,-814,76870,65372,2173,9325,BALI
2021-08-16,720,41,763,-84,77590,66135,2214,9241,BALI
2021-08-17,799,38,809,-48,78389,66944,2252,9193,BALI
2021-08-18,570,55,930,-415,78959,67874,2307,8778,BALI
2021-08-19,827,48,840,-61,79786,68714,2355,8717,BALI
2021-08-20,832,54,1007,-229,80618,69721,2409,8488,BALI
2021-08-21,677,46,950,-319,81295,70671,2455,8169,BALI
2021-08-22,459,45,849,-435,81754,71520,2500,7734,BALI
2021-08-23,342,55,814,-527,82096,72334,2555,7207,BALI
2021-08-24,762,36,779,-53,82858,73113,2591,7154,BALI
2021-08-25,580,35,660,-115,83438,73773,2626,7039,BALI
2021-08-26,450,41,770,-361,83888,74543,2667,6678,BALI
2021-08-27,444,35,532,-123,84332,75075,2702,6555,BALI
2021-08-28,377,25,650,-298,84709,75725,2727,6257,BALI
2021-08-29,245,30,750,-535,84954,76475,2757,5722,BALI
2021-08-30,247,42,696,-491,85201,77171,2799,5231,BALI
2021-08-31,299,13,200,86,85500,77371,2812,5317,BALI
2021-09-01,315,15,350,-50,85815,77721,2827,5267,BALI
2021-09-02,273,19,555,-301,86088,78276,2846,4966,BALI
2021-09-03,314,14,490,-190,86402,78766,2860,4776,BALI
2021-09-04,277,21,632,-376,86679,79398,2881,4400,BALI
2021-09-05,203,14,372,-183,86882,79770,2895,4217,BALI
2021-09-06,173,13,283,-123,87055,80053,2908,4094,BALI
2021-09-07,233,18,312,-97,87288,80365,2926,3997,BALI
2021-09-08,236,14,210,12,87524,80575,2940,4009,BALI
2021-09-09,198,13,327,-142,87722,80902,2953,3867,BALI
2021-09-10,214,10,337,-133,87936,81239,2963,3734,BALI
2021-09-11,184,13,256,-85,88120,81495,2976,3649,BALI
2021-09-12,119,10,271,-162,88239,81766,2986,3487,BALI
2021-09-13,99,13,289,-203,88338,82055,2999,3284,BALI
2021-09-14,194,20,548,-374,88532,82603,3019,2910,BALI
2021-09-15,139,15,660,-536,88671,83263,3034,2374,BALI
2021-09-16,99,9,424,-334,88770,83687,3043,2040,BALI
2021-09-17,179,13,202,-36,88949,83889,3056,2004,BALI
2021-09-18,125,9,178,-62,89074,84067,3065,1942,BALI
2021-09-19,91,9,140,-58,89165,84207,3074,1884,BALI
2021-09-20,76,7,179,-110,89241,84386,3081,1774,BALI
2021-09-21,141,10,206,-75,89382,84592,3091,1699,BALI
2021-09-22,102,9,186,-93,89484,84778,3100,1606,BALI
2021-09-23,112,12,184,-84,89596,84962,3112,1522,BALI
2021-09-24,93,9,114,-30,89689,85076,3121,1492,BALI
2021-09-25,81,8,119,-46,89770,85195,3129,1446,BALI
2021-09-26,66,2,108,-44,89836,85303,3131,1402,BALI
2021-09-27,54,7,108,-61,89890,85411,3138,1341,BALI
2021-09-28,70,3,229,-162,89960,85640,3141,1179,BALI
2021-09-29,69,7,142,-80,90029,85782,3148,1099,BALI
2021-09-30,73,4,189,-120,90102,85971,3152,979,BALI
2021-10-01,79,5,136,-62,90181,86107,3157,917,BALI
2021-10-02,68,6,105,-43,90249,86212,3163,874,BALI
2021-10-03,46,2,103,-59,90295,86315,3165,815,BALI
2021-10-04,35,7,78,-50,90330,86393,3172,765,BALI
2021-10-05,64,3,110,-49,90394,86503,3175,716,BALI
2021-10-06,45,2,74,-31,90439,86577,3177,685,BALI
2021-10-07,49,2,91,-44,90488,86668,3179,641,BALI
2021-10-08,45,2,66,-23,90533,86734,3181,618,BALI
2021-10-09,33,4,48,-19,90566,86782,3185,599,BALI
2021-10-10,32,1,51,-20,90598,86833,3186,579,BALI
2021-10-11,33,3,64,-34,90631,86897,3189,545,BALI
2021-10-12,35,1,69,-35,90666,86966,3190,510,BALI
2021-10-13,35,3,49,-17,90701,87015,3193,493,BALI
2021-10-14,34,2,72,-40,90735,87087,3195,453,BALI
2021-10-15,35,2,52,-19,90770,87139,3197,434,BALI
2021-10-16,28,3,38,-13,90798,87177,3200,421,BALI
2021-10-17,21,0,24,-3,90819,87201,3200,418,BALI
2021-10-18,17,4,45,-32,90836,87246,3204,386,BALI
2021-10-19,39,2,42,-5,90875,87288,3206,381,BALI
2021-10-20,27,0,29,-2,90902,87317,3206,379,BALI
2021-10-21,24,1,41,-18,90926,87358,3207,361,BALI
2021-10-22,26,1,45,-20,90952,87403,3208,341,BALI
2021-10-23,17,2,25,-10,90969,87428,3210,331,BALI
2021-10-24,22,0,22,0,90991,87450,3210,331,BALI
2021-10-25,12,1,41,-30,91003,87491,3211,301,BALI
2021-10-26,17,3,24,-10,91020,87515,3214,291,BALI
2021-10-27,13,0,18,-5,91033,87533,3214,286,BALI
2021-10-28,18,0,39,-21,91051,87572,3214,265,BALI
2021-10-29,26,0,29,-3,91077,87601,3214,262,BALI
2021-10-30,17,0,24,-7,91094,87625,3214,255,BALI
2021-10-31,18,3,14,1,91112,87639,3217,256,BALI
2021-11-01,15,0,38,-23,91127,87677,3217,233,BALI
2021-11-02,17,0,16,1,91144,87693,3217,234,BALI
2021-11-03,19,0,20,-1,91163,87713,3217,233,BALI
2021-11-04,17,1,16,0,91180,87729,3218,233,BALI
2021-11-05,7,1,15,-9,91187,87744,3219,224,BALI
2021-11-06,11,0,20,-9,91198,87764,3219,215,BALI
2021-11-07,10,1,12,-3,91208,87776,3220,212,BALI
2021-11-08,5,1,28,-24,91213,87804,3221,188,BALI
2021-11-09,18,0,9,9,91231,87813,3221,197,BALI
2021-11-10,7,0,11,-4,91238,87824,3221,193,BALI
2021-11-11,3,0,16,-13,91241,87840,3221,180,BALI
2021-11-12,8,1,14,-7,91249,87854,3222,173,BALI
2021-11-13,5,2,19,-16,91254,87873,3224,157,BALI
2021-11-14,8,0,19,-11,91262,87892,3224,146,BALI
2021-11-15,5,0,14,-9,91267,87906,3224,137,BALI
2021-11-16,3,1,15,-13,91270,87921,3225,124,BALI
2021-11-17,13,0,8,5,91283,87929,3225,129,BALI
2021-11-18,5,0,4,1,91288,87933,3225,130,BALI
2021-11-19,3,0,2,1,91291,87935,3225,131,BALI
2021-11-20,1,0,8,-7,91292,87943,3225,124,BALI
2021-11-21,5,1,10,-6,91297,87953,3226,118,BALI
2021-11-22,5,0,10,-5,91302,87963,3226,113,BALI
2021-11-23,9,0,10,-1,91311,87973,3226,112,BALI
2021-11-24,13,1,6,6,91324,87979,3227,118,BALI
2021-11-25,10,0,2,8,91334,87981,3227,126,BALI
2021-11-26,14,0,6,8,91348,87987,3227,134,BALI
2021-11-27,6,2,9,-5,91354,87996,3229,129,BALI
2021-11-28,13,0,4,9,91367,88000,3229,138,BALI
2021-11-29,10,1,10,-1,91377,88010,3230,137,BALI
2021-11-30,11,0,9,2,91388,88019,3230,139,BALI
2021-12-01,4,0,3,1,91392,88022,3230,140,BALI
2021-12-02,12,2,11,-1,91404,88033,3232,139,BALI
2021-12-03,10,0,8,2,91414,88041,3232,141,BALI
2021-12-04,8,1,8,-1,91422,88049,3233,140,BALI
2021-12-05,4,0,8,-4,91426,88057,3233,136,BALI
2021-12-06,4,0,7,-3,91430,88064,3233,133,BALI
2021-12-07,9,1,8,0,91439,88072,3234,133,BALI
2021-12-08,10,0,9,1,91449,88081,3234,134,BALI
2021-12-09,12,0,4,8,91461,88085,3234,142,BALI
2021-12-10,3,1,9,-7,91464,88094,3235,135,BALI
2021-12-11,2,0,7,-5,91466,88101,3235,130,BALI
2021-12-12,3,1,3,-1,91469,88104,3236,129,BALI
2021-12-13,4,1,12,-9,91473,88116,3237,120,BALI
2021-12-14,7,1,5,1,91480,88121,3238,121,BALI
2021-12-15,2,0,17,-15,91482,88138,3238,106,BALI
2021-12-16,3,1,13,-11,91485,88151,3239,95,BALI
2021-12-17,3,0,11,-8,91488,88162,3239,87,BALI
2021-12-18,3,0,9,-6,91491,88171,3239,81,BALI
2021-12-19,3,0,13,-10,91494,88184,3239,71,BALI
2021-12-20,3,0,10,-7,91497,88194,3239,64,BALI
2021-12-21,4,0,16,-12,91501,88210,3239,52,BALI
2021-12-22,6,0,2,4,91507,88212,3239,56,BALI
2021-12-23,1,1,11,-11,91508,88223,3240,45,BALI
2021-12-24,2,1,2,-1,91510,88225,3241,44,BALI
2021-12-25,6,0,3,3,91516,88228,3241,47,BALI
2021-12-26,4,0,0,4,91520,88228,3241,51,BALI
2021-12-27,5,0,8,-3,91525,88236,3241,48,BALI
2021-12-28,4,1,1,2,91529,88237,3242,50,BALI
2021-12-29,2,0,3,-1,91531,88240,3242,49,BALI
2021-12-30,3,1,1,1,91534,88241,3243,50,BALI
2021-12-31,2,0,2,0,91536,88243,3243,50,BALI
2022-01-01,3,0,0,3,91539,88243,3243,53,BALI
2022-01-02,1,0,0,1,91540,88243,3243,54,BALI
2022-01-03,4,1,4,-1,91544,88247,3244,53,BALI
2022-01-04,5,1,5,-1,91549,88252,3245,52,BALI
2022-01-05,1,0,5,-4,91550,88257,3245,48,BALI
2022-01-06,3,0,6,-3,91553,88263,3245,45,BALI
2022-01-07,4,0,7,-3,91557,88270,3245,42,BALI
2022-01-08,5,0,2,3,91562,88272,3245,45,BALI
2022-01-09,8,0,0,8,91570,88272,3245,53,BALI
2022-01-10,0,0,7,-7,91570,88279,3245,46,BALI
2022-01-11,9,0,1,8,91579,88280,3245,54,BALI
2022-01-12,4,0,0,4,91583,88280,3245,58,BALI
2022-01-13,22,0,1,21,91605,88281,3245,79,BALI
2022-01-14,7,0,3,4,91612,88284,3245,83,BALI
2022-01-15,4,1,3,0,91616,88287,3246,83,BALI
2022-01-16,11,0,0,11,91627,88287,3246,94,BALI
2022-01-17,10,0,10,0,91637,88297,3246,94,BALI
2022-01-18,16,0,1,15,91653,88298,3246,109,BALI
2022-01-19,16,0,1,15,91669,88299,3246,124,BALI
2022-01-20,36,0,6,30,91705,88305,3246,154,BALI
2022-01-21,33,0,5,28,91738,88310,3246,182,BALI
2022-01-22,36,0,21,15,91774,88331,3246,197,BALI
2022-01-23,40,0,8,32,91814,88339,3246,229,BALI
2022-01-24,25,2,13,10,91839,88352,3248,239,BALI
2022-01-25,80,0,8,72,91919,88360,3248,311,BALI
2022-01-26,99,0,6,93,92018,88366,3248,404,BALI
2022-01-27,169,2,9,158,92187,88375,3250,562,BALI
2022-01-28,242,2,17,223,92429,88392,3252,785,BALI
2022-01-29,272,1,18,253,92701,88410,3253,1038,BALI
2022-01-30,282,0,32,250,92983,88442,3253,1288,BALI
2022-01-31,232,1,47,184,93215,88489,3254,1472,BALI
2022-02-01,574,2,26,546,93789,88515,3256,2018,BALI
2022-02-02,596,2,45,549,94385,88560,3258,2567,BALI
2022-02-03,1160,1,66,1093,95545,88626,3259,3660,BALI
2022-02-04,1434,1,94,1339,96979,88720,3260,4999,BALI
2022-02-05,1639,4,140,1495,98618,88860,3264,6494,BALI
2022-02-06,1547,7,153,1387,100165,89013,3271,7881,BALI
2022-02-07,919,9,246,664,101084,89259,3280,8545,BALI
2022-02-08,1965,4,290,1671,103049,89549,3284,10216,BALI
2022-02-09,2028,11,267,1750,105077,89816,3295,11966,BALI
2022-02-10,1763,11,490,1262,106840,90306,3306,13228,BALI
2022-02-11,1492,9,423,1060,108332,90729,3315,14288,BALI
2022-02-12,1850,12,876,962,110182,91605,3327,15250,BALI
2022-02-13,1319,13,730,576,111501,92335,3340,15826,BALI
2022-02-14,1022,17,1349,-344,112523,93684,3357,15482,BALI
2022-02-15,1467,12,1406,49,113990,95090,3369,15531,BALI
2022-02-16,1192,8,1465,-281,115182,96555,3377,15250,BALI
2022-02-17,1139,14,1710,-585,116321,98265,3391,14665,BALI
2022-02-18,838,10,1520,-692,117159,99785,3401,13973,BALI
2022-02-19,764,16,1245,-497,117923,101030,3417,13476,BALI
2022-02-20,694,15,1310,-631,118617,102340,3432,12845,BALI
2022-02-21,534,8,2004,-1478,119151,104344,3440,11367,BALI
2022-02-22,619,20,1707,-1108,119770,106051,3460,10259,BALI
2022-02-23,609,14,1192,-597,120379,107243,3474,9662,BALI
2022-02-24,475,10,1127,-662,120854,108370,3484,9000,BALI
2022-02-25,413,12,1266,-865,121267,109636,3496,8135,BALI
2022-02-26,380,11,941,-572,121647,110577,3507,7563,BALI
2022-02-27,284,10,1221,-947,121931,111798,3517,6616,BALI
2022-02-28,179,12,783,-616,122110,112581,3529,6000,BALI
2022-03-01,213,16,891,-694,122323,113472,3545,5306,BALI
2022-03-02,258,16,711,-469,122581,114183,3561,4837,BALI
2022-03-03,135,2,116,17,122716,114299,3563,4854,BALI
2022-03-04,74,11,1034,-971,122790,115333,3574,3883,BALI
2022-03-05,188,7,704,-523,122978,116037,3581,3360,BALI
2022-03-06,189,9,549,-369,123167,116586,3590,2991,BALI
2022-03-07,123,4,567,-448,123290,117153,3594,2543,BALI
2022-03-08,152,8,398,-254,123442,117551,3602,2289,BALI
2022-03-09,111,11,436,-336,123553,117987,3613,1953,BALI
2022-03-10,114,3,301,-190,123667,118288,3616,1763,BALI
2022-03-11,95,3,222,-130,123762,118510,3619,1633,BALI
2022-03-12,123,0,245,-122,123885,118755,3619,1511,BALI
2022-03-13,81,4,146,-69,123966,118901,3623,1442,BALI
2022-03-14,77,2,243,-168,124043,119144,3625,1274,BALI
2022-03-15,78,1,145,-68,124121,119289,3626,1206,BALI
2022-03-16,80,2,175,-97,124201,119464,3628,1109,BALI
2022-03-17,58,1,152,-95,124259,119616,3629,1014,BALI
2022-03-18,68,2,132,-66,124327,119748,3631,948,BALI
2022-03-19,59,3,129,-73,124386,119877,3634,875,BALI
2022-03-20,42,1,109,-68,124428,119986,3635,807,BALI
2022-03-21,44,1,141,-98,124472,120127,3636,709,BALI
2022-03-22,56,1,83,-28,124528,120210,3637,681,BALI
2022-03-23,56,0,73,-17,124584,120283,3637,664,BALI
2022-03-24,50,1,90,-41,124634,120373,3638,623,BALI
2022-03-25,56,1,75,-20,124690,120448,3639,603,BALI
2022-03-26,38,2,50,-14,124728,120498,3641,589,BALI
2022-03-27,29,0,74,-45,124757,120572,3641,544,BALI
2022-03-28,43,0,90,-47,124800,120662,3641,497,BALI
2022-03-29,46,2,45,-1,124846,120707,3643,496,BALI
2022-03-30,30,0,26,4,124876,120733,3643,500,BALI
2022-03-31,42,0,42,0,124918,120775,3643,500,BALI
2022-04-01,37,1,73,-37,124955,120848,3644,463,BALI
2022-04-02,46,0,78,-32,125001,120926,3644,431,BALI
2022-04-03,42,1,27,14,125043,120953,3645,445,BALI
2022-04-04,25,0,48,-23,125068,121001,3645,422,BALI
2022-04-05,32,1,55,-24,125100,121056,3646,398,BALI
2022-04-06,39,0,26,13,125139,121082,3646,411,BALI
2022-04-07,30,0,40,-10,125169,121122,3646,401,BALI
2022-04-08,34,0,57,-23,125203,121179,3646,378,BALI
2022-04-09,37,0,35,2,125240,121214,3646,380,BALI
2022-04-10,27,0,23,4,125267,121237,3646,384,BALI
2022-04-11,11,0,62,-51,125278,121299,3646,333,BALI
2022-04-12,37,1,34,2,125315,121333,3647,335,BALI
2022-04-13,20,0,36,-16,125335,121369,3647,319,BALI
2022-04-14,25,1,47,-23,125360,121416,3648,296,BALI
2022-04-15,15,0,19,-4,125375,121435,3648,292,BALI
2022-04-16,27,2,29,-4,125402,121464,3650,288,BALI
2022-04-17,15,0,24,-9,125417,121488,3650,279,BALI
2022-04-18,13,1,39,-27,125430,121527,3651,252,BALI
2022-04-19,25,0,33,-8,125455,121560,3651,244,BALI
2022-04-20,28,0,23,5,125483,121583,3651,249,BALI
2022-04-21,19,1,26,-8,125502,121609,3652,241,BALI
2022-04-22,12,0,42,-30,125514,121651,3652,211,BALI
2022-04-23,18,1,30,-13,125532,121681,3653,198,BALI
2022-04-24,16,1,15,0,125548,121696,3654,198,BALI
2022-04-25,8,0,23,-15,125556,121719,3654,183,BALI
2022-04-26,19,1,33,-15,125575,121752,3655,168,BALI
2022-04-27,20,0,12,8,125595,121764,3655,176,BALI
2022-04-28,10,0,9,1,125605,121773,3655,177,BALI
2022-04-29,5,0,43,-38,125610,121816,3655,139,BALI
2022-04-30,15,0,6,9,125625,121822,3655,148,BALI
2022-05-01,8,1,11,-4,125633,121833,3656,144,BALI
2022-05-02,9,1,14,-6,125642,121847,3657,138,BALI
2022-05-03,14,0,9,5,125656,121856,3657,143,BALI
2022-05-04,11,0,38,-27,125667,121894,3657,116,BALI
2022-05-05,12,0,17,-5,125679,121911,3657,111,BALI
2022-05-06,8,0,7,1,125687,121918,3657,112,BALI
2022-05-07,16,0,8,8,125703,121926,3657,120,BALI
2022-05-08,14,0,9,5,125717,121935,3657,125,BALI
2022-05-09,13,0,10,3,125730,121945,3657,128,BALI
2022-05-10,15,0,7,8,125745,121952,3657,136,BALI
2022-05-11,27,0,19,8,125772,121971,3657,144,BALI
2022-05-12,11,0,14,-3,125783,121985,3657,141,BALI
2022-05-13,21,0,10,11,125804,121995,3657,152,BALI
2022-05-14,14,0,16,-2,125818,122011,3657,150,BALI
2022-05-15,16,0,7,9,125834,122018,3657,159,BALI
2022-05-16,15,0,8,7,125849,122026,3657,166,BALI
2022-05-17,15,0,23,-8,125864,122049,3657,158,BALI
2022-05-18,7,0,10,-3,125871,122059,3657,155,BALI
2022-05-19,16,0,9,7,125887,122068,3657,162,BALI
2022-05-20,11,0,18,-7,125898,122086,3657,155,BALI
2022-05-21,8,0,23,-15,125906,122109,3657,140,BALI
2022-05-22,6,0,5,1,125912,122114,3657,141,BALI
2022-05-23,10,0,35,-25,125922,122149,3657,116,BALI
2022-05-24,13,0,18,-5,125935,122167,3657,111,BALI
2022-05-25,20,0,8,12,125955,122175,3657,123,BALI
2022-05-26,11,0,7,4,125966,122182,3657,127,BALI
2022-05-27,7,0,14,-7,125973,122196,3657,120,BALI
2022-05-28,8,1,28,-21,125981,122224,3658,99,BALI
2022-05-29,8,0,5,3,125989,122229,3658,102,BALI
2022-05-30,14,1,12,1,126003,122241,3659,103,BALI
2022-05-31,6,0,7,-1,126009,122248,3659,102,BALI
2022-06-01,8,0,3,5,126017,122251,3659,107,BALI
2022-06-02,6,0,21,-15,126023,122272,3659,92,BALI
2022-06-03,13,0,5,8,126036,122277,3659,100,BALI
2022-06-04,12,1,12,-1,126048,122289,3660,99,BALI
2022-06-05,12,0,6,6,126060,122295,3660,105,BALI
2022-06-06,17,0,8,9,126077,122303,3660,114,BALI
2022-06-07,21,0,5,16,126098,122308,3660,130,BALI
2022-06-08,16,0,6,10,126114,122314,3660,140,BALI
2022-06-09,17,0,5,12,126131,122319,3660,152,BALI
2022-06-10,22,0,15,7,126153,122334,3660,159,BALI
2022-06-11,15,0,4,11,126168,122338,3660,170,BALI
2022-06-12,24,0,9,15,126192,122347,3660,185,BALI
2022-06-13,16,1,27,-12,126208,122374,3661,173,BALI
2022-06-14,21,1,2,18,126229,122376,3662,191,BALI
2022-06-15,29,0,15,14,126258,122391,3662,205,BALI
2022-06-16,34,0,16,18,126292,122407,3662,223,BALI
2022-06-17,38,0,17,21,126330,122424,3662,244,BALI
2022-06-18,34,0,8,26,126364,122432,3662,270,BALI
2022-06-19,20,0,19,1,126384,122451,3662,271,BALI
2022-06-20,26,0,34,-8,126410,122485,3662,263,BALI
2022-06-21,48,1,14,33,126458,122499,3663,296,BALI
2022-06-22,41,0,24,17,126499,122523,3663,313,BALI
2022-06-23,39,1,30,8,126538,122553,3664,321,BALI
2022-06-24,50,0,18,32,126588,122571,3664,353,BALI
2022-06-25,35,0,35,0,126623,122606,3664,353,BALI
2022-06-26,43,0,18,25,126666,122624,3664,378,BALI
2022-06-27,61,0,23,38,126727,122647,3664,416,BALI
2022-06-28,43,0,55,-12,126770,122702,3664,404,BALI
2022-06-29,46,0,42,4,126816,122744,3664,408,BALI
2022-06-30,56,2,23,31,126872,122767,3666,439,BALI
2022-07-01,61,0,31,30,126933,122798,3666,469,BALI
2022-07-02,43,1,34,8,126976,122832,3667,477,BALI
2022-07-03,34,0,32,2,127010,122864,3667,479,BALI
2022-07-04,57,0,74,-17,127067,122938,3667,462,BALI
2022-07-05,71,0,34,37,127138,122972,3667,499,BALI
2022-07-06,70,0,34,36,127208,123006,3667,535,BALI
2022-07-07,64,0,74,-10,127272,123080,3667,525,BALI
2022-07-08,72,0,39,33,127344,123119,3667,558,BALI
2022-07-09,66,0,46,20,127410,123165,3667,578,BALI
2022-07-10,66,0,26,40,127476,123191,3667,618,BALI
2022-07-11,57,0,53,4,127533,123244,3667,622,BALI
2022-07-12,99,0,73,26,127632,123317,3667,648,BALI
2022-07-13,88,0,61,27,127720,123378,3667,675,BALI
2022-07-14,100,0,28,72,127820,123406,3667,747,BALI
2022-07-15,96,0,105,-9,127916,123511,3667,738,BALI
2022-07-16,121,0,61,60,128037,123572,3667,798,BALI
2022-07-17,95,3,41,51,128132,123613,3670,849,BALI
2022-07-18,83,1,73,9,128215,123686,3671,858,BALI
2022-07-19,130,1,59,70,128345,123745,3672,928,BALI
2022-07-20,132,1,73,58,128477,123818,3673,986,BALI
2022-07-21,125,0,64,61,128602,123882,3673,1047,BALI
2022-07-22,128,3,89,36,128730,123971,3676,1083,BALI
2022-07-23,129,1,78,50,128859,124049,3677,1133,BALI
2022-07-24,110,0,96,14,128969,124145,3677,1147,BALI
2022-07-25,102,1,84,17,129071,124229,3678,1164,BALI
2022-07-26,182,3,111,68,129253,124340,3681,1232,BALI
2022-07-27,137,2,137,-2,129390,124477,3683,1230,BALI
2022-07-28,182,3,76,103,129572,124553,3686,1333,BALI
2022-07-29,112,3,102,7,129684,124655,3689,1340,BALI
2022-07-30,135,2,90,43,129819,124745,3691,1383,BALI
2022-07-31,83,2,86,-5,129902,124831,3693,1378,BALI
2022-08-01,116,3,153,-40,130018,124984,3696,1338,BALI
2022-08-02,122,5,170,-53,130140,125154,3701,1285,BALI
2022-08-03,155,3,95,57,130295,125249,3704,1342,BALI
2022-08-04,159,2,167,-10,130454,125416,3706,1332,BALI
2022-08-05,135,1,130,4,130589,125546,3707,1336,BALI
2022-08-06,138,4,112,22,130727,125658,3711,1358,BALI
2022-08-07,132,0,105,27,130859,125763,3711,1385,BALI
2022-08-08,81,2,134,-55,130940,125897,3713,1330,BALI
2022-08-09,162,3,198,-39,131102,126095,3716,1291,BALI
2022-08-10,115,5,115,-5,131217,126210,3721,1286,BALI
2022-08-11,110,4,114,-8,131327,126324,3725,1278,BALI
2022-08-12,117,3,111,3,131444,126435,3728,1281,BALI
2022-08-13,103,4,150,-51,131547,126585,3732,1230,BALI
2022-08-14,98,1,104,-7,131645,126689,3733,1223,BALI
2022-08-15,63,6,173,-116,131708,126862,3739,1107,BALI
2022-08-16,106,3,117,-14,131814,126979,3742,1093,BALI
2022-08-17,100,6,106,-12,131914,127085,3748,1081,BALI
2022-08-18,74,1,187,-114,131988,127272,3749,967,BALI
2022-08-19,96,3,79,14,132084,127351,3752,981,BALI
2022-08-20,80,4,106,-30,132164,127457,3756,951,BALI
2022-08-21,72,0,71,1,132236,127528,3756,952,BALI
2022-08-22,62,2,135,-75,132298,127663,3758,877,BALI
2022-08-23,93,4,116,-27,132391,127779,3762,850,BALI
2022-08-24,75,1,72,2,132466,127851,3763,852,BALI
2022-08-25,54,1,86,-33,132520,127937,3764,819,BALI
2022-08-26,76,2,99,-25,132596,128036,3766,794,BALI
2022-08-27,72,2,120,-50,132668,128156,3768,744,BALI
2022-08-28,48,2,60,-14,132716,128216,3770,730,BALI
2022-08-29,47,3,79,-35,132763,128295,3773,695,BALI
2022-08-30,86,3,94,-11,132849,128389,3776,684,BALI
2022-08-31,80,3,69,8,132929,128458,3779,692,BALI
2022-09-01,45,1,49,-5,132974,128507,3780,687,BALI
2022-09-02,55,1,56,-2,133029,128563,3781,685,BALI
2022-09-03,31,4,68,-41,133060,128631,3785,644,BALI
2022-09-04,26,2,44,-20,133086,128675,3787,624,BALI
2022-09-05,33,2,105,-74,133119,128780,3789,550,BALI
2022-09-06,54,2,87,-35,133173,128867,3791,515,BALI
2022-09-07,45,2,33,10,133218,128900,3793,525,BALI
2022-09-08,47,0,61,-14,133265,128961,3793,511,BALI
2022-09-09,30,1,84,-55,133295,129045,3794,456,BALI
2022-09-10,31,2,53,-24,133326,129098,3796,432,BALI
2022-09-11,27,1,29,-3,133353,129127,3797,429,BALI
2022-09-12,18,0,61,-43,133371,129188,3797,386,BALI
2022-09-13,23,1,48,-26,133394,129236,3798,360,BALI
2022-09-14,16,1,43,-28,133410,129279,3799,332,BALI
2022-09-15,31,1,35,-5,133441,129314,3800,327,BALI
2022-09-16,23,0,26,-3,133464,129340,3800,324,BALI
2022-09-17,21,0,61,-40,133485,129401,3800,284,BALI
2022-09-18,12,1,18,-7,133497,129419,3801,277,BALI
2022-09-19,15,1,50,-36,133512,129469,3802,241,BALI
2022-09-20,28,0,36,-8,133540,129505,3802,233,BALI
2022-09-21,20,0,20,0,133560,129525,3802,233,BALI
2022-09-22,15,0,21,-6,133575,129546,3802,227,BALI
2022-09-23,20,0,26,-6,133595,129572,3802,221,BALI
2022-09-24,16,0,19,-3,133611,129591,3802,218,BALI
2022-09-25,13,0,18,-5,133624,129609,3802,213,BALI
2022-09-26,14,0,31,-17,133638,129640,3802,196,BALI
2022-09-27,9,0,1,8,133647,129641,3802,204,BALI
2022-09-28,20,0,2,18,133667,129643,3802,222,BALI
2022-09-29,2,0,2,0,133669,129645,3802,222,BALI
2022-09-30,22,0,1,21,133691,129646,3802,243,BALI
2020-03-29,6,0,2,4,6,2,0,4,KALIMANTAN BARAT
2020-03-30,1,0,0,1,7,2,0,5,KALIMANTAN BARAT
2020-03-31,0,0,0,0,7,2,0,5,KALIMANTAN BARAT
2020-04-01,1,0,0,1,8,2,0,6,KALIMANTAN BARAT
2020-04-02,0,0,0,0,8,2,0,6,KALIMANTAN BARAT
2020-04-03,0,0,0,0,8,2,0,6,KALIMANTAN BARAT
2020-04-04,0,0,0,0,8,2,0,6,KALIMANTAN BARAT
2020-04-05,0,0,0,0,8,2,0,6,KALIMANTAN BARAT
2020-04-06,0,0,0,0,8,2,0,6,KALIMANTAN BARAT
2020-04-07,0,0,0,0,8,2,0,6,KALIMANTAN BARAT
2020-04-08,0,0,0,0,8,2,0,6,KALIMANTAN BARAT
2020-04-09,0,0,0,0,8,2,0,6,KALIMANTAN BARAT
2020-04-10,0,0,0,0,8,2,0,6,KALIMANTAN BARAT
2020-04-11,0,0,0,0,8,2,0,6,KALIMANTAN BARAT
2020-04-12,1,0,0,1,9,2,0,7,KALIMANTAN BARAT
2020-04-13,0,0,0,0,9,2,0,7,KALIMANTAN BARAT
2020-04-14,0,0,2,-2,9,4,0,5,KALIMANTAN BARAT
2020-04-15,0,0,0,0,9,4,0,5,KALIMANTAN BARAT
2020-04-16,7,0,0,7,16,4,0,12,KALIMANTAN BARAT
2020-04-17,0,0,0,0,16,4,0,12,KALIMANTAN BARAT
2020-04-18,0,0,0,0,16,4,0,12,KALIMANTAN BARAT
2020-04-19,0,0,0,0,16,4,0,12,KALIMANTAN BARAT
2020-04-20,0,0,0,0,16,4,0,12,KALIMANTAN BARAT
2020-04-21,5,0,0,5,21,4,0,17,KALIMANTAN BARAT
2020-04-22,2,0,1,1,23,5,0,18,KALIMANTAN BARAT
2020-04-23,17,0,0,17,40,5,0,35,KALIMANTAN BARAT
2020-04-24,0,0,0,0,40,5,0,35,KALIMANTAN BARAT
2020-04-25,1,0,0,1,41,5,0,36,KALIMANTAN BARAT
2020-04-26,0,0,0,0,41,5,0,36,KALIMANTAN BARAT
2020-04-27,0,0,0,0,41,5,0,36,KALIMANTAN BARAT
2020-04-28,0,0,0,0,41,5,0,36,KALIMANTAN BARAT
2020-04-29,7,0,0,7,48,5,0,43,KALIMANTAN BARAT
2020-04-30,0,0,0,0,48,5,0,43,KALIMANTAN BARAT
2020-05-01,3,0,0,3,51,5,0,46,KALIMANTAN BARAT
2020-05-02,4,0,0,4,55,5,0,50,KALIMANTAN BARAT
2020-05-03,1,0,0,1,56,5,0,51,KALIMANTAN BARAT
2020-05-04,3,0,0,3,59,5,0,54,KALIMANTAN BARAT
2020-05-05,0,0,0,0,59,5,0,54,KALIMANTAN BARAT
2020-05-06,14,0,2,12,73,7,0,66,KALIMANTAN BARAT
2020-05-07,4,0,0,4,77,7,0,70,KALIMANTAN BARAT
2020-05-08,0,0,0,0,77,7,0,70,KALIMANTAN BARAT
2020-05-09,17,0,0,17,94,7,0,87,KALIMANTAN BARAT
2020-05-10,1,0,0,1,95,7,0,88,KALIMANTAN BARAT
2020-05-11,0,0,0,0,95,7,0,88,KALIMANTAN BARAT
2020-05-12,2,0,8,-6,97,15,0,82,KALIMANTAN BARAT
2020-05-13,5,1,2,2,102,17,1,84,KALIMANTAN BARAT
2020-05-14,0,0,0,0,102,17,1,84,KALIMANTAN BARAT
2020-05-15,0,0,0,0,102,17,1,84,KALIMANTAN BARAT
2020-05-16,2,0,0,2,104,17,1,86,KALIMANTAN BARAT
2020-05-17,1,0,2,-1,105,19,1,85,KALIMANTAN BARAT
2020-05-18,0,0,7,-7,105,26,1,78,KALIMANTAN BARAT
2020-05-19,0,0,0,0,105,26,1,78,KALIMANTAN BARAT
2020-05-20,0,0,0,0,105,26,1,78,KALIMANTAN BARAT
2020-05-21,1,0,5,-4,106,31,1,74,KALIMANTAN BARAT
2020-05-22,6,0,1,5,112,32,1,79,KALIMANTAN BARAT
2020-05-23,24,0,0,24,136,32,1,103,KALIMANTAN BARAT
2020-05-24,0,0,0,0,136,32,1,103,KALIMANTAN BARAT
2020-05-25,7,0,3,4,143,35,1,107,KALIMANTAN BARAT
2020-05-26,1,0,1,0,144,36,1,107,KALIMANTAN BARAT
2020-05-27,4,0,0,4,148,36,1,111,KALIMANTAN BARAT
2020-05-28,1,0,0,1,149,36,1,112,KALIMANTAN BARAT
2020-05-29,0,0,1,-1,149,37,1,111,KALIMANTAN BARAT
2020-05-30,0,0,0,0,149,37,1,111,KALIMANTAN BARAT
2020-05-31,5,0,4,1,154,41,1,112,KALIMANTAN BARAT
2020-06-01,6,0,1,5,160,42,1,117,KALIMANTAN BARAT
2020-06-02,0,0,0,0,160,42,1,117,KALIMANTAN BARAT
2020-06-03,4,0,20,-16,164,62,1,101,KALIMANTAN BARAT
2020-06-04,0,0,12,-12,164,74,1,89,KALIMANTAN BARAT
2020-06-05,2,0,14,-12,166,88,1,77,KALIMANTAN BARAT
2020-06-06,5,0,4,1,171,92,1,78,KALIMANTAN BARAT
2020-06-07,0,0,0,0,171,92,1,78,KALIMANTAN BARAT
2020-06-08,0,0,2,-2,171,94,1,76,KALIMANTAN BARAT
2020-06-09,20,0,1,19,191,95,1,95,KALIMANTAN BARAT
2020-06-10,9,0,17,-8,200,112,1,87,KALIMANTAN BARAT
2020-06-11,0,0,6,-6,200,118,1,81,KALIMANTAN BARAT
2020-06-12,18,0,1,17,218,119,1,98,KALIMANTAN BARAT
2020-06-13,0,0,4,-4,218,123,1,94,KALIMANTAN BARAT
2020-06-14,1,0,8,-7,219,131,1,87,KALIMANTAN BARAT
2020-06-15,0,0,6,-6,219,137,1,81,KALIMANTAN BARAT
2020-06-16,2,0,0,2,221,137,1,83,KALIMANTAN BARAT
2020-06-17,10,0,0,10,231,137,1,93,KALIMANTAN BARAT
2020-06-18,0,0,6,-6,231,143,1,87,KALIMANTAN BARAT
2020-06-19,12,0,10,2,243,153,1,89,KALIMANTAN BARAT
2020-06-20,2,0,7,-5,245,160,1,84,KALIMANTAN BARAT
2020-06-21,0,0,18,-18,245,178,1,66,KALIMANTAN BARAT
2020-06-22,0,0,3,-3,245,181,1,63,KALIMANTAN BARAT
2020-06-23,13,0,3,10,258,184,1,73,KALIMANTAN BARAT
2020-06-24,0,0,3,-3,258,187,1,70,KALIMANTAN BARAT
2020-06-25,0,0,6,-6,258,193,1,64,KALIMANTAN BARAT
2020-06-26,0,0,6,-6,258,199,1,58,KALIMANTAN BARAT
2020-06-27,6,0,9,-3,264,208,1,55,KALIMANTAN BARAT
2020-06-28,0,0,7,-7,264,215,1,48,KALIMANTAN BARAT
2020-06-29,0,0,3,-3,264,218,1,45,KALIMANTAN BARAT
2020-06-30,0,0,4,-4,264,222,1,41,KALIMANTAN BARAT
2020-07-01,14,0,2,12,278,224,1,53,KALIMANTAN BARAT
2020-07-02,0,0,0,0,278,224,1,53,KALIMANTAN BARAT
2020-07-03,0,0,5,-5,278,229,1,48,KALIMANTAN BARAT
2020-07-04,0,0,3,-3,278,232,1,45,KALIMANTAN BARAT
2020-07-05,3,0,15,-12,281,247,1,33,KALIMANTAN BARAT
2020-07-06,0,0,0,0,281,247,1,33,KALIMANTAN BARAT
2020-07-07,5,0,5,0,286,252,1,33,KALIMANTAN BARAT
2020-07-08,0,0,1,-1,286,253,1,32,KALIMANTAN BARAT
2020-07-09,2,0,2,0,288,255,1,32,KALIMANTAN BARAT
2020-07-10,0,0,0,0,288,255,1,32,KALIMANTAN BARAT
2020-07-11,0,0,18,-18,288,273,1,14,KALIMANTAN BARAT
2020-07-12,2,0,0,2,290,273,1,16,KALIMANTAN BARAT
2020-07-13,4,0,1,3,294,274,1,19,KALIMANTAN BARAT
2020-07-14,0,0,9,-9,294,283,1,10,KALIMANTAN BARAT
2020-07-15,0,0,0,0,294,283,1,10,KALIMANTAN BARAT
2020-07-16,3,0,1,2,297,284,1,12,KALIMANTAN BARAT
2020-07-17,0,0,0,0,297,284,1,12,KALIMANTAN BARAT
2020-07-18,0,0,4,-4,297,288,1,8,KALIMANTAN BARAT
2020-07-19,0,0,3,-3,297,291,1,5,KALIMANTAN BARAT
2020-07-20,0,0,0,0,297,291,1,5,KALIMANTAN BARAT
2020-07-21,0,0,0,0,297,291,1,5,KALIMANTAN BARAT
2020-07-22,0,0,3,-3,297,294,1,2,KALIMANTAN BARAT
2020-07-23,0,0,0,0,297,294,1,2,KALIMANTAN BARAT
2020-07-24,0,0,0,0,297,294,1,2,KALIMANTAN BARAT
2020-07-25,2,0,0,2,299,294,1,4,KALIMANTAN BARAT
2020-07-26,0,0,0,0,299,294,1,4,KALIMANTAN BARAT
2020-07-27,0,0,0,0,299,294,1,4,KALIMANTAN BARAT
2020-07-28,11,0,0,11,310,294,1,15,KALIMANTAN BARAT
2020-07-29,0,0,0,0,310,294,1,15,KALIMANTAN BARAT
2020-07-30,0,0,0,0,310,294,1,15,KALIMANTAN BARAT
2020-07-31,4,0,0,4,314,294,1,19,KALIMANTAN BARAT
2020-08-01,0,0,0,0,314,294,1,19,KALIMANTAN BARAT
2020-08-02,0,0,0,0,314,294,1,19,KALIMANTAN BARAT
2020-08-03,0,0,0,0,314,294,1,19,KALIMANTAN BARAT
2020-08-04,0,0,11,-11,314,305,1,8,KALIMANTAN BARAT
2020-08-05,0,0,0,0,314,305,1,8,KALIMANTAN BARAT
2020-08-06,3,0,0,3,317,305,1,11,KALIMANTAN BARAT
2020-08-07,3,0,2,1,320,307,1,12,KALIMANTAN BARAT
2020-08-08,0,0,0,0,320,307,1,12,KALIMANTAN BARAT
2020-08-09,11,0,4,7,331,311,1,19,KALIMANTAN BARAT
2020-08-10,4,0,0,4,335,311,1,23,KALIMANTAN BARAT
2020-08-11,2,0,0,2,337,311,1,25,KALIMANTAN BARAT
2020-08-12,7,0,0,7,344,311,1,32,KALIMANTAN BARAT
2020-08-13,7,0,14,-7,351,325,1,25,KALIMANTAN BARAT
2020-08-14,5,0,0,5,356,325,1,30,KALIMANTAN BARAT
2020-08-15,2,0,5,-3,358,330,1,27,KALIMANTAN BARAT
2020-08-16,0,0,1,-1,358,331,1,26,KALIMANTAN BARAT
2020-08-17,0,0,0,0,358,331,1,26,KALIMANTAN BARAT
2020-08-18,4,0,0,4,362,331,1,30,KALIMANTAN BARAT
2020-08-19,3,0,0,3,365,331,1,33,KALIMANTAN BARAT
2020-08-20,9,0,13,-4,374,344,1,29,KALIMANTAN BARAT
2020-08-21,21,0,0,21,395,344,1,50,KALIMANTAN BARAT
2020-08-22,25,0,3,22,420,347,1,72,KALIMANTAN BARAT
2020-08-23,28,0,13,15,448,360,1,87,KALIMANTAN BARAT
2020-08-24,11,0,0,11,459,360,1,98,KALIMANTAN BARAT
2020-08-25,22,0,0,22,481,360,1,120,KALIMANTAN BARAT
2020-08-26,0,0,17,-17,481,377,1,103,KALIMANTAN BARAT
2020-08-27,5,0,24,-19,486,401,1,84,KALIMANTAN BARAT
2020-08-28,0,0,0,0,486,401,1,84,KALIMANTAN BARAT
2020-08-29,12,0,27,-15,498,428,1,69,KALIMANTAN BARAT
2020-08-30,16,1,0,15,514,428,2,84,KALIMANTAN BARAT
2020-08-31,0,0,12,-12,514,440,2,72,KALIMANTAN BARAT
2020-09-01,6,0,0,6,520,440,2,78,KALIMANTAN BARAT
2020-09-02,5,0,18,-13,525,458,2,65,KALIMANTAN BARAT
2020-09-03,14,0,6,8,539,464,2,73,KALIMANTAN BARAT
2020-09-04,9,0,11,-2,548,475,2,71,KALIMANTAN BARAT
2020-09-05,6,1,13,-8,554,488,3,63,KALIMANTAN BARAT
2020-09-06,12,0,0,12,566,488,3,75,KALIMANTAN BARAT
2020-09-07,0,0,0,0,566,488,3,75,KALIMANTAN BARAT
2020-09-08,6,0,3,3,572,491,3,78,KALIMANTAN BARAT
2020-09-09,8,0,2,6,580,493,3,84,KALIMANTAN BARAT
2020-09-10,5,0,0,5,585,493,3,89,KALIMANTAN BARAT
2020-09-11,7,0,18,-11,592,511,3,78,KALIMANTAN BARAT
2020-09-12,11,0,3,8,603,514,3,86,KALIMANTAN BARAT
2020-09-13,5,0,2,3,608,516,3,89,KALIMANTAN BARAT
2020-09-14,20,0,5,15,628,521,3,104,KALIMANTAN BARAT
2020-09-15,2,0,0,2,630,521,3,106,KALIMANTAN BARAT
2020-09-16,15,0,11,4,645,532,3,110,KALIMANTAN BARAT
2020-09-17,18,0,4,14,663,536,3,124,KALIMANTAN BARAT
2020-09-18,11,0,9,2,674,545,3,126,KALIMANTAN BARAT
2020-09-19,18,0,8,10,692,553,3,136,KALIMANTAN BARAT
2020-09-20,6,0,14,-8,698,567,3,128,KALIMANTAN BARAT
2020-09-21,1,0,14,-13,699,581,3,115,KALIMANTAN BARAT
2020-09-22,11,0,0,11,710,581,3,126,KALIMANTAN BARAT
2020-09-23,5,1,1,3,715,582,4,129,KALIMANTAN BARAT
2020-09-24,13,0,7,6,728,589,4,135,KALIMANTAN BARAT
2020-09-25,27,0,34,-7,755,623,4,128,KALIMANTAN BARAT
2020-09-26,7,0,10,-3,762,633,4,125,KALIMANTAN BARAT
2020-09-27,7,1,4,2,769,637,5,127,KALIMANTAN BARAT
2020-09-28,0,0,0,0,769,637,5,127,KALIMANTAN BARAT
2020-09-29,16,0,14,2,785,651,5,129,KALIMANTAN BARAT
2020-09-30,7,0,1,6,792,652,5,135,KALIMANTAN BARAT
2020-10-01,26,0,12,14,818,664,5,149,KALIMANTAN BARAT
2020-10-02,5,0,14,-9,823,678,5,140,KALIMANTAN BARAT
2020-10-03,5,0,5,0,828,683,5,140,KALIMANTAN BARAT
2020-10-04,17,0,17,0,845,700,5,140,KALIMANTAN BARAT
2020-10-05,2,0,0,2,847,700,5,142,KALIMANTAN BARAT
2020-10-06,35,0,7,28,882,707,5,170,KALIMANTAN BARAT
2020-10-07,9,0,3,6,891,710,5,176,KALIMANTAN BARAT
2020-10-08,12,0,1,11,903,711,5,187,KALIMANTAN BARAT
2020-10-09,24,0,26,-2,927,737,5,185,KALIMANTAN BARAT
2020-10-10,59,0,5,54,986,742,5,239,KALIMANTAN BARAT
2020-10-11,69,0,35,34,1055,777,5,273,KALIMANTAN BARAT
2020-10-12,0,0,0,0,1055,777,5,273,KALIMANTAN BARAT
2020-10-13,13,0,50,-37,1068,827,5,236,KALIMANTAN BARAT
2020-10-14,16,0,48,-32,1084,875,5,204,KALIMANTAN BARAT
2020-10-15,22,0,52,-30,1106,927,5,174,KALIMANTAN BARAT
2020-10-16,20,0,42,-22,1126,969,5,152,KALIMANTAN BARAT
2020-10-17,26,0,28,-2,1152,997,5,150,KALIMANTAN BARAT
2020-10-18,13,1,3,9,1165,1000,6,159,KALIMANTAN BARAT
2020-10-19,0,0,0,0,1165,1000,6,159,KALIMANTAN BARAT
2020-10-20,18,0,22,-4,1183,1022,6,155,KALIMANTAN BARAT
2020-10-21,0,0,0,0,1183,1022,6,155,KALIMANTAN BARAT
2020-10-22,41,0,11,30,1224,1033,6,185,KALIMANTAN BARAT
2020-10-23,28,0,15,13,1252,1048,6,198,KALIMANTAN BARAT
2020-10-24,29,0,5,24,1281,1053,6,222,KALIMANTAN BARAT
2020-10-25,0,0,0,0,1281,1053,6,222,KALIMANTAN BARAT
2020-10-26,11,2,10,-1,1292,1063,8,221,KALIMANTAN BARAT
2020-10-27,24,0,4,20,1316,1067,8,241,KALIMANTAN BARAT
2020-10-28,9,2,17,-10,1325,1084,10,231,KALIMANTAN BARAT
2020-10-29,9,1,0,8,1334,1084,11,239,KALIMANTAN BARAT
2020-10-30,14,3,5,6,1348,1089,14,245,KALIMANTAN BARAT
2020-10-31,2,0,5,-3,1350,1094,14,242,KALIMANTAN BARAT
2020-11-01,21,1,0,20,1371,1094,15,262,KALIMANTAN BARAT
2020-11-02,0,0,0,0,1371,1094,15,262,KALIMANTAN BARAT
2020-11-03,26,0,3,23,1397,1097,15,285,KALIMANTAN BARAT
2020-11-04,17,0,6,11,1414,1103,15,296,KALIMANTAN BARAT
2020-11-05,45,0,7,38,1459,1110,15,334,KALIMANTAN BARAT
2020-11-06,67,0,44,23,1526,1154,15,357,KALIMANTAN BARAT
2020-11-07,68,0,3,65,1594,1157,15,422,KALIMANTAN BARAT
2020-11-08,28,0,18,10,1622,1175,15,432,KALIMANTAN BARAT
2020-11-09,0,0,1,-1,1622,1176,15,431,KALIMANTAN BARAT
2020-11-10,0,0,0,0,1622,1176,15,431,KALIMANTAN BARAT
2020-11-11,28,0,16,12,1650,1192,15,443,KALIMANTAN BARAT
2020-11-12,11,0,11,0,1661,1203,15,443,KALIMANTAN BARAT
2020-11-13,11,0,12,-1,1672,1215,15,442,KALIMANTAN BARAT
2020-11-14,11,0,13,-2,1683,1228,15,440,KALIMANTAN BARAT
2020-11-15,11,0,9,2,1694,1237,15,442,KALIMANTAN BARAT
2020-11-16,9,0,17,-8,1703,1254,15,434,KALIMANTAN BARAT
2020-11-17,34,0,13,21,1737,1267,15,455,KALIMANTAN BARAT
2020-11-18,28,0,11,17,1765,1278,15,472,KALIMANTAN BARAT
2020-11-19,21,0,6,15,1786,1284,15,487,KALIMANTAN BARAT
2020-11-20,33,0,19,14,1819,1303,15,501,KALIMANTAN BARAT
2020-11-21,5,0,21,-16,1824,1324,15,485,KALIMANTAN BARAT
2020-11-22,13,0,23,-10,1837,1347,15,475,KALIMANTAN BARAT
2020-11-23,7,0,16,-9,1844,1363,15,466,KALIMANTAN BARAT
2020-11-24,23,0,50,-27,1867,1413,15,439,KALIMANTAN BARAT
2020-11-25,21,0,42,-21,1888,1455,15,418,KALIMANTAN BARAT
2020-11-26,10,0,32,-22,1898,1487,15,396,KALIMANTAN BARAT
2020-11-27,23,0,51,-28,1921,1538,15,368,KALIMANTAN BARAT
2020-11-28,21,0,30,-9,1942,1568,15,359,KALIMANTAN BARAT
2020-11-29,23,0,51,-28,1965,1619,15,331,KALIMANTAN BARAT
2020-11-30,0,0,0,0,1965,1619,15,331,KALIMANTAN BARAT
2020-12-01,22,0,47,-25,1987,1666,15,306,KALIMANTAN BARAT
2020-12-02,17,0,39,-22,2004,1705,15,284,KALIMANTAN BARAT
2020-12-03,21,0,50,-29,2025,1755,15,255,KALIMANTAN BARAT
2020-12-04,27,0,47,-20,2052,1802,15,235,KALIMANTAN BARAT
2020-12-05,26,1,21,4,2078,1823,16,239,KALIMANTAN BARAT
2020-12-06,0,0,28,-28,2078,1851,16,211,KALIMANTAN BARAT
2020-12-07,20,1,0,19,2098,1851,17,230,KALIMANTAN BARAT
2020-12-08,19,0,13,6,2117,1864,17,236,KALIMANTAN BARAT
2020-12-09,52,0,32,20,2169,1896,17,256,KALIMANTAN BARAT
2020-12-10,17,0,23,-6,2186,1919,17,250,KALIMANTAN BARAT
2020-12-11,22,0,19,3,2208,1938,17,253,KALIMANTAN BARAT
2020-12-12,25,0,17,8,2233,1955,17,261,KALIMANTAN BARAT
2020-12-13,16,0,21,-5,2249,1976,17,256,KALIMANTAN BARAT
2020-12-14,9,0,0,9,2258,1976,17,265,KALIMANTAN BARAT
2020-12-15,11,1,20,-10,2269,1996,18,255,KALIMANTAN BARAT
2020-12-16,28,0,18,10,2297,2014,18,265,KALIMANTAN BARAT
2020-12-17,26,0,9,17,2323,2023,18,282,KALIMANTAN BARAT
2020-12-18,22,0,9,13,2345,2032,18,295,KALIMANTAN BARAT
2020-12-19,28,0,13,15,2373,2045,18,310,KALIMANTAN BARAT
2020-12-20,19,0,12,7,2392,2057,18,317,KALIMANTAN BARAT
2020-12-21,0,0,0,0,2392,2057,18,317,KALIMANTAN BARAT
2020-12-22,15,1,21,-7,2407,2078,19,310,KALIMANTAN BARAT
2020-12-23,15,0,14,1,2422,2092,19,311,KALIMANTAN BARAT
2020-12-24,20,0,21,-1,2442,2113,19,310,KALIMANTAN BARAT
2020-12-25,17,0,19,-2,2459,2132,19,308,KALIMANTAN BARAT
2020-12-26,0,0,0,0,2459,2132,19,308,KALIMANTAN BARAT
2020-12-27,15,0,18,-3,2474,2150,19,305,KALIMANTAN BARAT
2020-12-28,0,0,0,0,2474,2150,19,305,KALIMANTAN BARAT
2020-12-29,19,0,20,-1,2493,2170,19,304,KALIMANTAN BARAT
2020-12-30,14,0,31,-17,2507,2201,19,287,KALIMANTAN BARAT
2020-12-31,21,0,25,-4,2528,2226,19,283,KALIMANTAN BARAT
2021-01-01,17,0,43,-26,2545,2269,19,257,KALIMANTAN BARAT
2021-01-02,0,0,0,0,2545,2269,19,257,KALIMANTAN BARAT
2021-01-03,20,0,42,-22,2565,2311,19,235,KALIMANTAN BARAT
2021-01-04,0,0,0,0,2565,2311,19,235,KALIMANTAN BARAT
2021-01-05,23,1,22,0,2588,2333,20,235,KALIMANTAN BARAT
2021-01-06,21,0,26,-5,2609,2359,20,230,KALIMANTAN BARAT
2021-01-07,22,0,29,-7,2631,2388,20,223,KALIMANTAN BARAT
2021-01-08,26,0,23,3,2657,2411,20,226,KALIMANTAN BARAT
2021-01-09,39,0,21,18,2696,2432,20,244,KALIMANTAN BARAT
2021-01-10,18,0,26,-8,2714,2458,20,236,KALIMANTAN BARAT
2021-01-11,0,0,0,0,2714,2458,20,236,KALIMANTAN BARAT
2021-01-12,27,0,23,4,2741,2481,20,240,KALIMANTAN BARAT
2021-01-13,26,0,25,1,2767,2506,20,241,KALIMANTAN BARAT
2021-01-14,16,0,22,-6,2783,2528,20,235,KALIMANTAN BARAT
2021-01-15,26,0,21,5,2809,2549,20,240,KALIMANTAN BARAT
2021-01-16,48,0,23,25,2857,2572,20,265,KALIMANTAN BARAT
2021-01-17,23,0,28,-5,2880,2600,20,260,KALIMANTAN BARAT
2021-01-18,0,0,0,0,2880,2600,20,260,KALIMANTAN BARAT
2021-01-19,30,0,28,2,2910,2628,20,262,KALIMANTAN BARAT
2021-01-20,29,0,22,7,2939,2650,20,269,KALIMANTAN BARAT
2021-01-21,19,0,21,-2,2958,2671,20,267,KALIMANTAN BARAT
2021-01-22,43,0,20,23,3001,2691,20,290,KALIMANTAN BARAT
2021-01-23,32,0,17,15,3033,2708,20,305,KALIMANTAN BARAT
2021-01-24,10,0,15,-5,3043,2723,20,300,KALIMANTAN BARAT
2021-01-25,0,0,0,0,3043,2723,20,300,KALIMANTAN BARAT
2021-01-26,29,0,20,9,3072,2743,20,309,KALIMANTAN BARAT
2021-01-27,24,0,22,2,3096,2765,20,311,KALIMANTAN BARAT
2021-01-28,11,0,15,-4,3107,2780,20,307,KALIMANTAN BARAT
2021-01-29,27,0,13,14,3134,2793,20,321,KALIMANTAN BARAT
2021-01-30,27,1,24,2,3161,2817,21,323,KALIMANTAN BARAT
2021-01-31,17,0,25,-8,3178,2842,21,315,KALIMANTAN BARAT
2021-02-01,0,0,0,0,3178,2842,21,315,KALIMANTAN BARAT
2021-02-02,31,0,31,0,3209,2873,21,315,KALIMANTAN BARAT
2021-02-03,23,0,22,1,3232,2895,21,316,KALIMANTAN BARAT
2021-02-04,29,0,28,1,3261,2923,21,317,KALIMANTAN BARAT
2021-02-05,21,0,35,-14,3282,2958,21,303,KALIMANTAN BARAT
2021-02-06,36,0,22,14,3318,2980,21,317,KALIMANTAN BARAT
2021-02-07,21,1,34,-14,3339,3014,22,303,KALIMANTAN BARAT
2021-02-08,0,0,0,0,3339,3014,22,303,KALIMANTAN BARAT
2021-02-09,25,0,21,4,3364,3035,22,307,KALIMANTAN BARAT
2021-02-10,15,0,31,-16,3379,3066,22,291,KALIMANTAN BARAT
2021-02-11,20,0,21,-1,3399,3087,22,290,KALIMANTAN BARAT
2021-02-12,27,0,23,4,3426,3110,22,294,KALIMANTAN BARAT
2021-02-13,8,0,19,-11,3434,3129,22,283,KALIMANTAN BARAT
2021-02-14,18,0,15,3,3452,3144,22,286,KALIMANTAN BARAT
2021-02-15,0,0,0,0,3452,3144,22,286,KALIMANTAN BARAT
2021-02-16,33,0,0,33,3485,3144,22,319,KALIMANTAN BARAT
2021-02-17,23,0,0,23,3508,3144,22,342,KALIMANTAN BARAT
2021-02-18,28,0,8,20,3536,3152,22,362,KALIMANTAN BARAT
2021-02-19,22,0,88,-66,3558,3240,22,296,KALIMANTAN BARAT
2021-02-20,25,0,10,15,3583,3250,22,311,KALIMANTAN BARAT
2021-02-21,24,0,17,7,3607,3267,22,318,KALIMANTAN BARAT
2021-02-22,0,0,0,0,3607,3267,22,318,KALIMANTAN BARAT
2021-02-23,21,0,32,-11,3628,3299,22,307,KALIMANTAN BARAT
2021-02-24,24,0,13,11,3652,3312,22,318,KALIMANTAN BARAT
2021-02-25,23,0,21,2,3675,3333,22,320,KALIMANTAN BARAT
2021-02-26,37,0,20,17,3712,3353,22,337,KALIMANTAN BARAT
2021-02-27,22,0,23,-1,3734,3376,22,336,KALIMANTAN BARAT
2021-02-28,28,0,25,3,3762,3401,22,339,KALIMANTAN BARAT
2021-03-01,0,0,0,0,3762,3401,22,339,KALIMANTAN BARAT
2021-03-02,16,0,20,-4,3778,3421,22,335,KALIMANTAN BARAT
2021-03-03,27,0,37,-10,3805,3458,22,325,KALIMANTAN BARAT
2021-03-04,33,0,17,16,3838,3475,22,341,KALIMANTAN BARAT
2021-03-05,23,0,23,0,3861,3498,22,341,KALIMANTAN BARAT
2021-03-06,59,0,19,40,3920,3517,22,381,KALIMANTAN BARAT
2021-03-07,57,0,17,40,3977,3534,22,421,KALIMANTAN BARAT
2021-03-08,0,0,0,0,3977,3534,22,421,KALIMANTAN BARAT
2021-03-09,43,0,41,2,4020,3575,22,423,KALIMANTAN BARAT
2021-03-10,33,0,22,11,4053,3597,22,434,KALIMANTAN BARAT
2021-03-11,35,0,21,14,4088,3618,22,448,KALIMANTAN BARAT
2021-03-12,17,0,23,-6,4105,3641,22,442,KALIMANTAN BARAT
2021-03-13,71,0,20,51,4176,3661,22,493,KALIMANTAN BARAT
2021-03-14,82,0,43,39,4258,3704,22,532,KALIMANTAN BARAT
2021-03-15,0,0,0,0,4258,3704,22,532,KALIMANTAN BARAT
2021-03-16,65,0,24,41,4323,3728,22,573,KALIMANTAN BARAT
2021-03-17,59,0,26,33,4382,3754,22,606,KALIMANTAN BARAT
2021-03-18,42,0,41,1,4424,3795,22,607,KALIMANTAN BARAT
2021-03-19,22,0,44,-22,4446,3839,22,585,KALIMANTAN BARAT
2021-03-20,29,1,54,-26,4475,3893,23,559,KALIMANTAN BARAT
2021-03-21,32,0,40,-8,4507,3933,23,551,KALIMANTAN BARAT
2021-03-22,0,0,0,0,4507,3933,23,551,KALIMANTAN BARAT
2021-03-23,29,0,43,-14,4536,3976,23,537,KALIMANTAN BARAT
2021-03-24,38,0,57,-19,4574,4033,23,518,KALIMANTAN BARAT
2021-03-25,27,0,35,-8,4601,4068,23,510,KALIMANTAN BARAT
2021-03-26,41,0,42,-1,4642,4110,23,509,KALIMANTAN BARAT
2021-03-27,51,0,40,11,4693,4150,23,520,KALIMANTAN BARAT
2021-03-28,9,0,51,-42,4702,4201,23,478,KALIMANTAN BARAT
2021-03-29,0,0,0,0,4702,4201,23,478,KALIMANTAN BARAT
2021-03-30,33,0,46,-13,4735,4247,23,465,KALIMANTAN BARAT
2021-03-31,39,0,45,-6,4774,4292,23,459,KALIMANTAN BARAT
2021-04-01,32,0,38,-6,4806,4330,23,453,KALIMANTAN BARAT
2021-04-02,44,0,43,1,4850,4373,23,454,KALIMANTAN BARAT
2021-04-03,41,0,52,-11,4891,4425,23,443,KALIMANTAN BARAT
2021-04-04,34,0,40,-6,4925,4465,23,437,KALIMANTAN BARAT
2021-04-05,0,0,0,0,4925,4465,23,437,KALIMANTAN BARAT
2021-04-06,30,0,41,-11,4955,4506,23,426,KALIMANTAN BARAT
2021-04-07,30,0,42,-12,4985,4548,23,414,KALIMANTAN BARAT
2021-04-08,35,0,37,-2,5020,4585,23,412,KALIMANTAN BARAT
2021-04-09,64,0,39,25,5084,4624,23,437,KALIMANTAN BARAT
2021-04-10,63,0,35,28,5147,4659,23,465,KALIMANTAN BARAT
2021-04-11,39,0,32,7,5186,4691,23,472,KALIMANTAN BARAT
2021-04-12,0,0,0,0,5186,4691,23,472,KALIMANTAN BARAT
2021-04-13,65,0,38,27,5251,4729,23,499,KALIMANTAN BARAT
2021-04-14,74,1,47,26,5325,4776,24,525,KALIMANTAN BARAT
2021-04-15,76,0,43,33,5401,4819,24,558,KALIMANTAN BARAT
2021-04-16,77,0,31,46,5478,4850,24,604,KALIMANTAN BARAT
2021-04-17,81,2,39,40,5559,4889,26,644,KALIMANTAN BARAT
2021-04-18,61,0,29,32,5620,4918,26,676,KALIMANTAN BARAT
2021-04-19,0,0,0,0,5620,4918,26,676,KALIMANTAN BARAT
2021-04-20,58,0,48,10,5678,4966,26,686,KALIMANTAN BARAT
2021-04-21,77,1,50,26,5755,5016,27,712,KALIMANTAN BARAT
2021-04-22,76,2,46,28,5831,5062,29,740,KALIMANTAN BARAT
2021-04-23,76,0,45,31,5907,5107,29,771,KALIMANTAN BARAT
2021-04-24,76,0,62,14,5983,5169,29,785,KALIMANTAN BARAT
2021-04-25,36,0,65,-29,6019,5234,29,756,KALIMANTAN BARAT
2021-04-26,0,1,0,-1,6019,5234,30,755,KALIMANTAN BARAT
2021-04-27,42,0,65,-23,6061,5299,30,732,KALIMANTAN BARAT
2021-04-28,44,0,48,-4,6105,5347,30,728,KALIMANTAN BARAT
2021-04-29,74,1,68,5,6179,5415,31,733,KALIMANTAN BARAT
2021-04-30,57,0,55,2,6236,5470,31,735,KALIMANTAN BARAT
2021-05-01,78,0,55,23,6314,5525,31,758,KALIMANTAN BARAT
2021-05-02,80,1,54,25,6394,5579,32,783,KALIMANTAN BARAT
2021-05-03,0,1,0,-1,6394,5579,33,782,KALIMANTAN BARAT
2021-05-04,91,0,79,12,6485,5658,33,794,KALIMANTAN BARAT
2021-05-05,90,4,76,10,6575,5734,37,804,KALIMANTAN BARAT
2021-05-06,95,3,73,19,6670,5807,40,823,KALIMANTAN BARAT
2021-05-07,111,0,78,33,6781,5885,40,856,KALIMANTAN BARAT
2021-05-08,60,0,37,23,6841,5922,40,879,KALIMANTAN BARAT
2021-05-09,97,2,88,7,6938,6010,42,886,KALIMANTAN BARAT
2021-05-10,54,2,65,-13,6992,6075,44,873,KALIMANTAN BARAT
2021-05-11,63,0,99,-36,7055,6174,44,837,KALIMANTAN BARAT
2021-05-12,113,3,48,62,7168,6222,47,899,KALIMANTAN BARAT
2021-05-13,77,3,202,-128,7245,6424,50,771,KALIMANTAN BARAT
2021-05-14,83,1,126,-44,7328,6550,51,727,KALIMANTAN BARAT
2021-05-15,49,0,142,-93,7377,6692,51,634,KALIMANTAN BARAT
2021-05-16,68,1,14,53,7445,6706,52,687,KALIMANTAN BARAT
2021-05-17,62,3,125,-66,7507,6831,55,621,KALIMANTAN BARAT
2021-05-18,102,1,57,44,7609,6888,56,665,KALIMANTAN BARAT
2021-05-19,96,0,162,-66,7705,7050,56,599,KALIMANTAN BARAT
2021-05-20,100,0,32,68,7805,7082,56,667,KALIMANTAN BARAT
2021-05-21,95,0,115,-20,7900,7197,56,647,KALIMANTAN BARAT
2021-05-22,70,6,51,13,7970,7248,62,660,KALIMANTAN BARAT
2021-05-23,91,1,84,6,8061,7332,63,666,KALIMANTAN BARAT
2021-05-24,66,1,79,-14,8127,7411,64,652,KALIMANTAN BARAT
2021-05-25,97,0,31,66,8224,7442,64,718,KALIMANTAN BARAT
2021-05-26,96,2,86,8,8320,7528,66,726,KALIMANTAN BARAT
2021-05-27,104,1,37,66,8424,7565,67,792,KALIMANTAN BARAT
2021-05-28,77,1,148,-72,8501,7713,68,720,KALIMANTAN BARAT
2021-05-29,81,0,91,-10,8582,7804,68,710,KALIMANTAN BARAT
2021-05-30,105,2,46,57,8687,7850,70,767,KALIMANTAN BARAT
2021-05-31,32,2,118,-88,8719,7968,72,679,KALIMANTAN BARAT
2021-06-01,88,0,86,2,8807,8054,72,681,KALIMANTAN BARAT
2021-06-02,86,1,136,-51,8893,8190,73,630,KALIMANTAN BARAT
2021-06-03,67,4,76,-13,8960,8266,77,617,KALIMANTAN BARAT
2021-06-04,101,2,6,93,9061,8272,79,710,KALIMANTAN BARAT
2021-06-05,97,2,215,-120,9158,8487,81,590,KALIMANTAN BARAT
2021-06-06,80,0,0,80,9238,8487,81,670,KALIMANTAN BARAT
2021-06-07,0,0,0,0,9238,8487,81,670,KALIMANTAN BARAT
2021-06-08,70,0,85,-15,9308,8572,81,655,KALIMANTAN BARAT
2021-06-09,120,0,6,114,9428,8578,81,769,KALIMANTAN BARAT
2021-06-10,120,7,100,13,9548,8678,88,782,KALIMANTAN BARAT
2021-06-11,120,0,0,120,9668,8678,88,902,KALIMANTAN BARAT
2021-06-12,118,2,288,-172,9786,8966,90,730,KALIMANTAN BARAT
2021-06-13,99,0,0,99,9885,8966,90,829,KALIMANTAN BARAT
2021-06-14,0,0,158,-158,9885,9124,90,671,KALIMANTAN BARAT
2021-06-15,95,0,0,95,9980,9124,90,766,KALIMANTAN BARAT
2021-06-16,99,0,192,-93,10079,9316,90,673,KALIMANTAN BARAT
2021-06-17,113,0,0,113,10192,9316,90,786,KALIMANTAN BARAT
2021-06-18,109,8,0,101,10301,9316,98,887,KALIMANTAN BARAT
2021-06-19,124,1,236,-113,10425,9552,99,774,KALIMANTAN BARAT
2021-06-20,119,0,0,119,10544,9552,99,893,KALIMANTAN BARAT
2021-06-21,79,23,114,-58,10623,9666,122,835,KALIMANTAN BARAT
2021-06-22,109,12,93,4,10732,9759,134,839,KALIMANTAN BARAT
2021-06-23,115,0,70,45,10847,9829,134,884,KALIMANTAN BARAT
2021-06-24,160,27,168,-35,11007,9997,161,849,KALIMANTAN BARAT
2021-06-25,122,12,133,-23,11129,10130,173,826,KALIMANTAN BARAT
2021-06-26,99,16,0,83,11228,10130,189,909,KALIMANTAN BARAT
2021-06-27,112,11,204,-103,11340,10334,200,806,KALIMANTAN BARAT
2021-06-28,97,11,0,86,11437,10334,211,892,KALIMANTAN BARAT
2021-06-29,179,4,191,-16,11616,10525,215,876,KALIMANTAN BARAT
2021-06-30,149,0,98,51,11765,10623,215,927,KALIMANTAN BARAT
2021-07-01,159,3,95,61,11924,10718,218,988,KALIMANTAN BARAT
2021-07-02,161,18,108,35,12085,10826,236,1023,KALIMANTAN BARAT
2021-07-03,268,1,107,160,12353,10933,237,1183,KALIMANTAN BARAT
2021-07-04,144,17,15,112,12497,10948,254,1295,KALIMANTAN BARAT
2021-07-05,84,37,168,-121,12581,11116,291,1174,KALIMANTAN BARAT
2021-07-06,199,23,102,74,12780,11218,314,1248,KALIMANTAN BARAT
2021-07-07,225,9,81,135,13005,11299,323,1383,KALIMANTAN BARAT
2021-07-08,228,5,123,100,13233,11422,328,1483,KALIMANTAN BARAT
2021-07-09,241,0,122,119,13474,11544,328,1602,KALIMANTAN BARAT
2021-07-10,227,1,0,226,13701,11544,329,1828,KALIMANTAN BARAT
2021-07-11,186,5,204,-23,13887,11748,334,1805,KALIMANTAN BARAT
2021-07-12,195,19,99,77,14082,11847,353,1882,KALIMANTAN BARAT
2021-07-13,590,12,128,450,14672,11975,365,2332,KALIMANTAN BARAT
2021-07-14,617,2,0,615,15289,11975,367,2947,KALIMANTAN BARAT
2021-07-15,458,0,313,145,15747,12288,367,3092,KALIMANTAN BARAT
2021-07-16,462,0,171,291,16209,12459,367,3383,KALIMANTAN BARAT
2021-07-17,397,14,0,383,16606,12459,381,3766,KALIMANTAN BARAT
2021-07-18,282,7,355,-80,16888,12814,388,3686,KALIMANTAN BARAT
2021-07-19,96,4,0,92,16984,12814,392,3778,KALIMANTAN BARAT
2021-07-20,329,9,343,-23,17313,13157,401,3755,KALIMANTAN BARAT
2021-07-21,143,8,0,135,17456,13157,409,3890,KALIMANTAN BARAT
2021-07-22,378,7,382,-11,17834,13539,416,3879,KALIMANTAN BARAT
2021-07-23,356,12,0,344,18190,13539,428,4223,KALIMANTAN BARAT
2021-07-24,226,10,468,-252,18416,14007,438,3971,KALIMANTAN BARAT
2021-07-25,290,6,336,-52,18706,14343,444,3919,KALIMANTAN BARAT
2021-07-26,106,7,274,-175,18812,14617,451,3744,KALIMANTAN BARAT
2021-07-27,340,11,336,-7,19152,14953,462,3737,KALIMANTAN BARAT
2021-07-28,385,6,325,54,19537,15278,468,3791,KALIMANTAN BARAT
2021-07-29,334,7,287,40,19871,15565,475,3831,KALIMANTAN BARAT
2021-07-30,341,12,290,39,20212,15855,487,3870,KALIMANTAN BARAT
2021-07-31,364,15,251,98,20576,16106,502,3968,KALIMANTAN BARAT
2021-08-01,472,10,414,48,21048,16520,512,4016,KALIMANTAN BARAT
2021-08-02,134,9,242,-117,21182,16762,521,3899,KALIMANTAN BARAT
2021-08-03,381,6,151,224,21563,16913,527,4123,KALIMANTAN BARAT
2021-08-04,550,11,304,235,22113,17217,538,4358,KALIMANTAN BARAT
2021-08-05,417,9,254,154,22530,17471,547,4512,KALIMANTAN BARAT
2021-08-06,327,7,358,-38,22857,17829,554,4474,KALIMANTAN BARAT
2021-08-07,284,4,342,-62,23141,18171,558,4412,KALIMANTAN BARAT
2021-08-08,182,2,398,-218,23323,18569,560,4194,KALIMANTAN BARAT
2021-08-09,48,6,391,-349,23371,18960,566,3845,KALIMANTAN BARAT
2021-08-10,288,9,435,-156,23659,19395,575,3689,KALIMANTAN BARAT
2021-08-11,305,2,429,-126,23964,19824,577,3563,KALIMANTAN BARAT
2021-08-12,265,2,434,-171,24229,20258,579,3392,KALIMANTAN BARAT
2021-08-13,456,1,407,48,24685,20665,580,3440,KALIMANTAN BARAT
2021-08-14,388,9,409,-30,25073,21074,589,3410,KALIMANTAN BARAT
2021-08-15,264,10,409,-155,25337,21483,599,3255,KALIMANTAN BARAT
2021-08-16,178,8,407,-237,25515,21890,607,3018,KALIMANTAN BARAT
2021-08-17,316,13,430,-127,25831,22320,620,2891,KALIMANTAN BARAT
2021-08-18,153,6,420,-273,25984,22740,626,2618,KALIMANTAN BARAT
2021-08-19,362,20,411,-69,26346,23151,646,2549,KALIMANTAN BARAT
2021-08-20,318,10,581,-273,26664,23732,656,2276,KALIMANTAN BARAT
2021-08-21,224,30,418,-224,26888,24150,686,2052,KALIMANTAN BARAT
2021-08-22,207,12,504,-309,27095,24654,698,1743,KALIMANTAN BARAT
2021-08-23,153,11,322,-180,27248,24976,709,1563,KALIMANTAN BARAT
2021-08-24,220,6,395,-181,27468,25371,715,1382,KALIMANTAN BARAT
2021-08-25,275,6,424,-155,27743,25795,721,1227,KALIMANTAN BARAT
2021-08-26,244,11,341,-108,27987,26136,732,1119,KALIMANTAN BARAT
2021-08-27,215,14,332,-131,28202,26468,746,988,KALIMANTAN BARAT
2021-08-28,163,2,342,-181,28365,26810,748,807,KALIMANTAN BARAT
2021-08-29,163,2,251,-90,28528,27061,750,717,KALIMANTAN BARAT
2021-08-30,69,2,192,-125,28597,27253,752,592,KALIMANTAN BARAT
2021-08-31,190,3,194,-7,28787,27447,755,585,KALIMANTAN BARAT
2021-09-01,245,3,203,39,29032,27650,758,624,KALIMANTAN BARAT
2021-09-02,202,4,186,12,29234,27836,762,636,KALIMANTAN BARAT
2021-09-03,141,4,195,-58,29375,28031,766,578,KALIMANTAN BARAT
2021-09-04,204,3,170,31,29579,28201,769,609,KALIMANTAN BARAT
2021-09-05,119,4,171,-56,29698,28372,773,553,KALIMANTAN BARAT
2021-09-06,59,3,143,-87,29757,28515,776,466,KALIMANTAN BARAT
2021-09-07,200,1,177,22,29957,28692,777,488,KALIMANTAN BARAT
2021-09-08,146,5,102,39,30103,28794,782,527,KALIMANTAN BARAT
2021-09-09,197,5,97,95,30300,28891,787,622,KALIMANTAN BARAT
2021-09-10,125,4,167,-46,30425,29058,791,576,KALIMANTAN BARAT
2021-09-11,208,7,160,41,30633,29218,798,617,KALIMANTAN BARAT
2021-09-12,97,2,145,-50,30730,29363,800,567,KALIMANTAN BARAT
2021-09-13,32,2,178,-148,30762,29541,802,419,KALIMANTAN BARAT
2021-09-14,106,1,116,-11,30868,29657,803,408,KALIMANTAN BARAT
2021-09-15,129,2,139,-12,30997,29796,805,396,KALIMANTAN BARAT
2021-09-16,77,0,96,-19,31074,29892,805,377,KALIMANTAN BARAT
2021-09-17,92,3,97,-8,31166,29989,808,369,KALIMANTAN BARAT
2021-09-18,105,1,111,-7,31271,30100,809,362,KALIMANTAN BARAT
2021-09-19,42,1,93,-52,31313,30193,810,310,KALIMANTAN BARAT
2021-09-20,30,2,90,-62,31343,30283,812,248,KALIMANTAN BARAT
2021-09-21,113,0,92,21,31456,30375,812,269,KALIMANTAN BARAT
2021-09-22,86,1,89,-4,31542,30464,813,265,KALIMANTAN BARAT
2021-09-23,63,1,80,-18,31605,30544,814,247,KALIMANTAN BARAT
2021-09-24,58,2,79,-23,31663,30623,816,224,KALIMANTAN BARAT
2021-09-25,38,1,65,-28,31701,30688,817,196,KALIMANTAN BARAT
2021-09-26,24,1,77,-54,31725,30765,818,142,KALIMANTAN BARAT
2021-09-27,12,0,47,-35,31737,30812,818,107,KALIMANTAN BARAT
2021-09-28,68,1,30,37,31805,30842,819,144,KALIMANTAN BARAT
2021-09-29,77,3,24,50,31882,30866,822,194,KALIMANTAN BARAT
2021-09-30,29,2,41,-14,31911,30907,824,180,KALIMANTAN BARAT
2021-10-01,66,0,50,16,31977,30957,824,196,KALIMANTAN BARAT
2021-10-02,32,0,49,-17,32009,31006,824,179,KALIMANTAN BARAT
2021-10-03,38,0,41,-3,32047,31047,824,176,KALIMANTAN BARAT
2021-10-04,12,0,51,-39,32059,31098,824,137,KALIMANTAN BARAT
2021-10-05,44,2,33,9,32103,31131,826,146,KALIMANTAN BARAT
2021-10-06,34,0,33,1,32137,31164,826,147,KALIMANTAN BARAT
2021-10-07,38,0,42,-4,32175,31206,826,143,KALIMANTAN BARAT
2021-10-08,19,0,34,-15,32194,31240,826,128,KALIMANTAN BARAT
2021-10-09,38,1,37,0,32232,31277,827,128,KALIMANTAN BARAT
2021-10-10,35,1,41,-7,32267,31318,828,121,KALIMANTAN BARAT
2021-10-11,11,0,26,-15,32278,31344,828,106,KALIMANTAN BARAT
2021-10-12,33,0,31,2,32311,31375,828,108,KALIMANTAN BARAT
2021-10-13,43,0,25,18,32354,31400,828,126,KALIMANTAN BARAT
2021-10-14,33,1,24,8,32387,31424,829,134,KALIMANTAN BARAT
2021-10-15,37,0,29,8,32424,31453,829,142,KALIMANTAN BARAT
2021-10-16,40,0,28,12,32464,31481,829,154,KALIMANTAN BARAT
2021-10-17,25,1,27,-3,32489,31508,830,151,KALIMANTAN BARAT
2021-10-18,21,0,39,-18,32510,31547,830,133,KALIMANTAN BARAT
2021-10-19,35,0,34,1,32545,31581,830,134,KALIMANTAN BARAT
2021-10-20,66,0,32,34,32611,31613,830,168,KALIMANTAN BARAT
2021-10-21,61,0,23,38,32672,31636,830,206,KALIMANTAN BARAT
2021-10-22,18,0,31,-13,32690,31667,830,193,KALIMANTAN BARAT
2021-10-23,22,2,33,-13,32712,31700,832,180,KALIMANTAN BARAT
2021-10-24,42,0,39,3,32754,31739,832,183,KALIMANTAN BARAT
2021-10-25,11,0,30,-19,32765,31769,832,164,KALIMANTAN BARAT
2021-10-26,32,0,38,-6,32797,31807,832,158,KALIMANTAN BARAT
2021-10-27,18,0,31,-13,32815,31838,832,145,KALIMANTAN BARAT
2021-10-28,13,0,33,-20,32828,31871,832,125,KALIMANTAN BARAT
2021-10-29,20,0,38,-18,32848,31909,832,107,KALIMANTAN BARAT
2021-10-30,10,0,32,-22,32858,31941,832,85,KALIMANTAN BARAT
2021-10-31,25,0,25,0,32883,31966,832,85,KALIMANTAN BARAT
2021-11-01,4,0,20,-16,32887,31986,832,69,KALIMANTAN BARAT
2021-11-02,9,1,19,-11,32896,32005,833,58,KALIMANTAN BARAT
2021-11-03,16,0,17,-1,32912,32022,833,57,KALIMANTAN BARAT
2021-11-04,6,0,16,-10,32918,32038,833,47,KALIMANTAN BARAT
2021-11-05,8,0,14,-6,32926,32052,833,41,KALIMANTAN BARAT
2021-11-06,8,0,10,-2,32934,32062,833,39,KALIMANTAN BARAT
2021-11-07,6,0,8,-2,32940,32070,833,37,KALIMANTAN BARAT
2021-11-08,5,0,10,-5,32945,32080,833,32,KALIMANTAN BARAT
2021-11-09,12,0,12,0,32957,32092,833,32,KALIMANTAN BARAT
2021-11-10,4,0,9,-5,32961,32101,833,27,KALIMANTAN BARAT
2021-11-11,20,0,9,11,32981,32110,833,38,KALIMANTAN BARAT
2021-11-12,13,0,10,3,32994,32120,833,41,KALIMANTAN BARAT
2021-11-13,10,0,12,-2,33004,32132,833,39,KALIMANTAN BARAT
2021-11-14,22,1,11,10,33026,32143,834,49,KALIMANTAN BARAT
2021-11-15,9,0,8,1,33035,32151,834,50,KALIMANTAN BARAT
2021-11-16,8,0,17,-9,33043,32168,834,41,KALIMANTAN BARAT
2021-11-17,16,0,8,8,33059,32176,834,49,KALIMANTAN BARAT
2021-11-18,11,0,10,1,33070,32186,834,50,KALIMANTAN BARAT
2021-11-19,32,0,12,20,33102,32198,834,70,KALIMANTAN BARAT
2021-11-20,31,1,14,16,33133,32212,835,86,KALIMANTAN BARAT
2021-11-21,6,0,11,-5,33139,32223,835,81,KALIMANTAN BARAT
2021-11-22,3,0,15,-12,33142,32238,835,69,KALIMANTAN BARAT
2021-11-23,24,0,12,12,33166,32250,835,81,KALIMANTAN BARAT
2021-11-24,13,1,14,-2,33179,32264,836,79,KALIMANTAN BARAT
2021-11-25,5,0,11,-6,33184,32275,836,73,KALIMANTAN BARAT
2021-11-26,2,0,11,-9,33186,32286,836,64,KALIMANTAN BARAT
2021-11-27,7,0,8,-1,33193,32294,836,63,KALIMANTAN BARAT
2021-11-28,5,0,13,-8,33198,32307,836,55,KALIMANTAN BARAT
2021-11-29,5,0,11,-6,33203,32318,836,49,KALIMANTAN BARAT
2021-11-30,2,1,7,-6,33205,32325,837,43,KALIMANTAN BARAT
2021-12-01,2,0,7,-5,33207,32332,837,38,KALIMANTAN BARAT
2021-12-02,4,0,8,-4,33211,32340,837,34,KALIMANTAN BARAT
2021-12-03,2,0,8,-6,33213,32348,837,28,KALIMANTAN BARAT
2021-12-04,4,0,8,-4,33217,32356,837,24,KALIMANTAN BARAT
2021-12-05,5,0,7,-2,33222,32363,837,22,KALIMANTAN BARAT
2021-12-06,5,0,2,3,33227,32365,837,25,KALIMANTAN BARAT
2021-12-07,3,0,5,-2,33230,32370,837,23,KALIMANTAN BARAT
2021-12-08,6,0,4,2,33236,32374,837,25,KALIMANTAN BARAT
2021-12-09,2,0,4,-2,33238,32378,837,23,KALIMANTAN BARAT
2021-12-10,12,0,6,6,33250,32384,837,29,KALIMANTAN BARAT
2021-12-11,17,0,5,12,33267,32389,837,41,KALIMANTAN BARAT
2021-12-12,6,1,6,-1,33273,32395,838,40,KALIMANTAN BARAT
2021-12-13,1,0,7,-6,33274,32402,838,34,KALIMANTAN BARAT
2021-12-14,7,0,5,2,33281,32407,838,36,KALIMANTAN BARAT
2021-12-15,4,0,8,-4,33285,32415,838,32,KALIMANTAN BARAT
2021-12-16,2,0,8,-6,33287,32423,838,26,KALIMANTAN BARAT
2021-12-17,4,0,5,-1,33291,32428,838,25,KALIMANTAN BARAT
2021-12-18,2,0,5,-3,33293,32433,838,22,KALIMANTAN BARAT
2021-12-19,2,0,5,-3,33295,32438,838,19,KALIMANTAN BARAT
2021-12-20,0,0,3,-3,33295,32441,838,16,KALIMANTAN BARAT
2021-12-21,8,0,5,3,33303,32446,838,19,KALIMANTAN BARAT
2021-12-22,1,0,5,-4,33304,32451,838,15,KALIMANTAN BARAT
2021-12-23,1,0,1,0,33305,32452,838,15,KALIMANTAN BARAT
2021-12-24,2,0,4,-2,33307,32456,838,13,KALIMANTAN BARAT
2021-12-25,4,0,4,0,33311,32460,838,13,KALIMANTAN BARAT
2021-12-26,0,0,1,-1,33311,32461,838,12,KALIMANTAN BARAT
2021-12-27,0,0,4,-4,33311,32465,838,8,KALIMANTAN BARAT
2021-12-28,2,0,3,-1,33313,32468,838,7,KALIMANTAN BARAT
2021-12-29,1,0,2,-1,33314,32470,838,6,KALIMANTAN BARAT
2021-12-30,3,0,1,2,33317,32471,838,8,KALIMANTAN BARAT
2021-12-31,1,0,2,-1,33318,32473,838,7,KALIMANTAN BARAT
2022-01-01,3,0,1,2,33321,32474,838,9,KALIMANTAN BARAT
2022-01-02,1,0,2,-1,33322,32476,838,8,KALIMANTAN BARAT
2022-01-03,0,0,1,-1,33322,32477,838,7,KALIMANTAN BARAT
2022-01-04,5,0,1,4,33327,32478,838,11,KALIMANTAN BARAT
2022-01-05,2,0,2,0,33329,32480,838,11,KALIMANTAN BARAT
2022-01-06,3,0,2,1,33332,32482,838,12,KALIMANTAN BARAT
2022-01-07,3,0,1,2,33335,32483,838,14,KALIMANTAN BARAT
2022-01-08,1,0,3,-2,33336,32486,838,12,KALIMANTAN BARAT
2022-01-09,3,0,3,0,33339,32489,838,12,KALIMANTAN BARAT
2022-01-10,1,0,1,0,33340,32490,838,12,KALIMANTAN BARAT
2022-01-11,8,0,2,6,33348,32492,838,18,KALIMANTAN BARAT
2022-01-12,2,0,3,-1,33350,32495,838,17,KALIMANTAN BARAT
2022-01-13,6,0,3,3,33356,32498,838,20,KALIMANTAN BARAT
2022-01-14,1,0,6,-5,33357,32504,838,15,KALIMANTAN BARAT
2022-01-15,7,0,3,4,33364,32507,838,19,KALIMANTAN BARAT
2022-01-16,7,0,4,3,33371,32511,838,22,KALIMANTAN BARAT
2022-01-17,1,0,4,-3,33372,32515,838,19,KALIMANTAN BARAT
2022-01-18,10,0,6,4,33382,32521,838,23,KALIMANTAN BARAT
2022-01-19,1,0,4,-3,33383,32525,838,20,KALIMANTAN BARAT
2022-01-20,5,0,4,1,33388,32529,838,21,KALIMANTAN BARAT
2022-01-21,16,0,5,11,33404,32534,838,32,KALIMANTAN BARAT
2022-01-22,5,0,8,-3,33409,32542,838,29,KALIMANTAN BARAT
2022-01-23,5,0,5,0,33414,32547,838,29,KALIMANTAN BARAT
2022-01-24,2,0,9,-7,33416,32556,838,22,KALIMANTAN BARAT
2022-01-25,25,0,7,18,33441,32563,838,40,KALIMANTAN BARAT
2022-01-26,16,0,10,6,33457,32573,838,46,KALIMANTAN BARAT
2022-01-27,12,0,3,9,33469,32576,838,55,KALIMANTAN BARAT
2022-01-28,28,0,13,15,33497,32589,838,70,KALIMANTAN BARAT
2022-01-29,4,0,11,-7,33501,32600,838,63,KALIMANTAN BARAT
2022-01-30,13,0,12,1,33514,32612,838,64,KALIMANTAN BARAT
2022-01-31,7,0,7,0,33521,32619,838,64,KALIMANTAN BARAT
2022-02-01,24,0,8,16,33545,32627,838,80,KALIMANTAN BARAT
2022-02-02,26,0,16,10,33571,32643,838,90,KALIMANTAN BARAT
2022-02-03,38,0,12,26,33609,32655,838,116,KALIMANTAN BARAT
2022-02-04,49,0,8,41,33658,32663,838,157,KALIMANTAN BARAT
2022-02-05,56,0,11,45,33714,32674,838,202,KALIMANTAN BARAT
2022-02-06,84,0,24,60,33798,32698,838,262,KALIMANTAN BARAT
2022-02-07,48,1,27,20,33846,32725,839,282,KALIMANTAN BARAT
2022-02-08,123,0,33,90,33969,32758,839,372,KALIMANTAN BARAT
2022-02-09,140,0,34,106,34109,32792,839,478,KALIMANTAN BARAT
2022-02-10,162,0,29,133,34271,32821,839,611,KALIMANTAN BARAT
2022-02-11,178,1,122,55,34449,32943,840,666,KALIMANTAN BARAT
2022-02-12,292,0,51,241,34741,32994,840,907,KALIMANTAN BARAT
2022-02-13,304,0,91,213,35045,33085,840,1120,KALIMANTAN BARAT
2022-02-14,149,0,91,58,35194,33176,840,1178,KALIMANTAN BARAT
2022-02-15,251,0,136,115,35445,33312,840,1293,KALIMANTAN BARAT
2022-02-16,431,0,118,313,35876,33430,840,1606,KALIMANTAN BARAT
2022-02-17,472,1,195,276,36348,33625,841,1882,KALIMANTAN BARAT
2022-02-18,582,0,206,376,36930,33831,841,2258,KALIMANTAN BARAT
2022-02-19,444,1,128,315,37374,33959,842,2573,KALIMANTAN BARAT
2022-02-20,458,2,217,239,37832,34176,844,2812,KALIMANTAN BARAT
2022-02-21,296,2,223,71,38128,34399,846,2883,KALIMANTAN BARAT
2022-02-22,628,1,279,348,38756,34678,847,3231,KALIMANTAN BARAT
2022-02-23,642,0,232,410,39398,34910,847,3641,KALIMANTAN BARAT
2022-02-24,691,2,264,425,40089,35174,849,4066,KALIMANTAN BARAT
2022-02-25,806,0,375,431,40895,35549,849,4497,KALIMANTAN BARAT
2022-02-26,749,1,282,466,41644,35831,850,4963,KALIMANTAN BARAT
2022-02-27,491,2,517,-28,42135,36348,852,4935,KALIMANTAN BARAT
2022-02-28,156,0,350,-194,42291,36698,852,4741,KALIMANTAN BARAT
2022-03-01,311,1,434,-124,42602,37132,853,4617,KALIMANTAN BARAT
2022-03-02,818,1,495,322,43420,37627,854,4939,KALIMANTAN BARAT
2022-03-03,745,1,559,185,44165,38186,855,5124,KALIMANTAN BARAT
2022-03-04,439,0,381,58,44604,38567,855,5182,KALIMANTAN BARAT
2022-03-05,636,4,506,126,45240,39073,859,5308,KALIMANTAN BARAT
2022-03-06,403,3,593,-193,45643,39666,862,5115,KALIMANTAN BARAT
2022-03-07,235,0,386,-151,45878,40052,862,4964,KALIMANTAN BARAT
2022-03-08,533,3,341,189,46411,40393,865,5153,KALIMANTAN BARAT
2022-03-09,456,2,359,95,46867,40752,867,5248,KALIMANTAN BARAT
2022-03-10,397,0,790,-393,47264,41542,867,4855,KALIMANTAN BARAT
2022-03-11,389,2,550,-163,47653,42092,869,4692,KALIMANTAN BARAT
2022-03-12,371,2,392,-23,48024,42484,871,4669,KALIMANTAN BARAT
2022-03-13,256,2,501,-247,48280,42985,873,4422,KALIMANTAN BARAT
2022-03-14,203,3,606,-406,48483,43591,876,4016,KALIMANTAN BARAT
2022-03-15,436,2,639,-205,48919,44230,878,3811,KALIMANTAN BARAT
2022-03-16,323,2,517,-196,49242,44747,880,3615,KALIMANTAN BARAT
2022-03-17,340,1,545,-206,49582,45292,881,3409,KALIMANTAN BARAT
2022-03-18,109,2,509,-402,49691,45801,883,3007,KALIMANTAN BARAT
2022-03-19,235,1,0,234,49926,45801,884,3241,KALIMANTAN BARAT
2022-03-20,115,0,1016,-901,50041,46817,884,2340,KALIMANTAN BARAT
2022-03-21,83,1,327,-245,50124,47144,885,2095,KALIMANTAN BARAT
2022-03-22,256,1,0,255,50380,47144,886,2350,KALIMANTAN BARAT
2022-03-23,143,1,463,-321,50523,47607,887,2029,KALIMANTAN BARAT
2022-03-24,145,1,1031,-887,50668,48638,888,1142,KALIMANTAN BARAT
2022-03-25,119,0,0,119,50787,48638,888,1261,KALIMANTAN BARAT
2022-03-26,154,0,0,154,50941,48638,888,1415,KALIMANTAN BARAT
2022-03-27,100,0,0,100,51041,48638,888,1515,KALIMANTAN BARAT
2022-03-28,36,0,0,36,51077,48638,888,1551,KALIMANTAN BARAT
2022-03-29,66,0,0,66,51143,48638,888,1617,KALIMANTAN BARAT
2022-03-30,56,0,0,56,51199,48638,888,1673,KALIMANTAN BARAT
2022-03-31,56,0,242,-186,51255,48880,888,1487,KALIMANTAN BARAT
2022-04-01,72,0,931,-859,51327,49811,888,628,KALIMANTAN BARAT
2022-04-02,46,1,0,45,51373,49811,889,673,KALIMANTAN BARAT
2022-04-03,80,0,0,80,51453,49811,889,753,KALIMANTAN BARAT
2022-04-04,16,0,357,-341,51469,50168,889,412,KALIMANTAN BARAT
2022-04-05,28,0,63,-35,51497,50231,889,377,KALIMANTAN BARAT
2022-04-06,20,0,0,20,51517,50231,889,397,KALIMANTAN BARAT
2022-04-07,19,0,182,-163,51536,50413,889,234,KALIMANTAN BARAT
2022-04-08,11,0,0,11,51547,50413,889,245,KALIMANTAN BARAT
2022-04-09,15,0,117,-102,51562,50530,889,143,KALIMANTAN BARAT
2022-04-10,13,0,35,-22,51575,50565,889,121,KALIMANTAN BARAT
2022-04-11,18,0,27,-9,51593,50592,889,112,KALIMANTAN BARAT
2022-04-12,36,0,18,18,51629,50610,889,130,KALIMANTAN BARAT
2022-04-13,40,0,0,40,51669,50610,889,170,KALIMANTAN BARAT
2022-04-14,19,1,0,18,51688,50610,890,188,KALIMANTAN BARAT
2022-04-15,43,0,51,-8,51731,50661,890,180,KALIMANTAN BARAT
2022-04-16,3,0,0,3,51734,50661,890,183,KALIMANTAN BARAT
2022-04-17,2,0,56,-54,51736,50717,890,129,KALIMANTAN BARAT
2022-04-18,11,0,0,11,51747,50717,890,140,KALIMANTAN BARAT
2022-04-19,4,0,0,4,51751,50717,890,144,KALIMANTAN BARAT
2022-04-20,1,0,0,1,51752,50717,890,145,KALIMANTAN BARAT
2022-04-21,5,0,59,-54,51757,50776,890,91,KALIMANTAN BARAT
2022-04-22,7,0,0,7,51764,50776,890,98,KALIMANTAN BARAT
2022-04-23,1,0,0,1,51765,50776,890,99,KALIMANTAN BARAT
2022-04-24,2,0,76,-74,51767,50852,890,25,KALIMANTAN BARAT
2022-04-25,0,0,2,-2,51767,50854,890,23,KALIMANTAN BARAT
2022-04-26,9,0,0,9,51776,50854,890,32,KALIMANTAN BARAT
2022-04-27,7,0,7,0,51783,50861,890,32,KALIMANTAN BARAT
2022-04-28,5,0,8,-3,51788,50869,890,29,KALIMANTAN BARAT
2022-04-29,2,0,3,-1,51790,50872,890,28,KALIMANTAN BARAT
2022-04-30,3,0,0,3,51793,50872,890,31,KALIMANTAN BARAT
2022-05-01,1,0,0,1,51794,50872,890,32,KALIMANTAN BARAT
2022-05-02,0,0,0,0,51794,50872,890,32,KALIMANTAN BARAT
2022-05-03,0,0,0,0,51794,50872,890,32,KALIMANTAN BARAT
2022-05-04,1,0,0,1,51795,50872,890,33,KALIMANTAN BARAT
2022-05-05,1,0,19,-18,51796,50891,890,15,KALIMANTAN BARAT
2022-05-06,6,0,0,6,51802,50891,890,21,KALIMANTAN BARAT
2022-05-07,0,0,0,0,51802,50891,890,21,KALIMANTAN BARAT
2022-05-08,0,0,0,0,51802,50891,890,21,KALIMANTAN BARAT
2022-05-09,2,0,11,-9,51804,50902,890,12,KALIMANTAN BARAT
2022-05-10,1,0,0,1,51805,50902,890,13,KALIMANTAN BARAT
2022-05-11,6,0,2,4,51811,50904,890,17,KALIMANTAN BARAT
2022-05-12,3,0,0,3,51814,50904,890,20,KALIMANTAN BARAT
2022-05-13,0,0,0,0,51814,50904,890,20,KALIMANTAN BARAT
2022-05-14,2,0,0,2,51816,50904,890,22,KALIMANTAN BARAT
2022-05-15,0,0,0,0,51816,50904,890,22,KALIMANTAN BARAT
2022-05-16,1,0,0,1,51817,50904,890,23,KALIMANTAN BARAT
2022-05-17,0,0,0,0,51817,50904,890,23,KALIMANTAN BARAT
2022-05-18,1,0,0,1,51818,50904,890,24,KALIMANTAN BARAT
2022-05-19,1,0,17,-16,51819,50921,890,8,KALIMANTAN BARAT
2022-05-20,0,0,0,0,51819,50921,890,8,KALIMANTAN BARAT
2022-05-21,3,0,0,3,51822,50921,890,11,KALIMANTAN BARAT
2022-05-22,0,0,0,0,51822,50921,890,11,KALIMANTAN BARAT
2022-05-23,2,0,0,2,51824,50921,890,13,KALIMANTAN BARAT
2022-05-24,1,0,4,-3,51825,50925,890,10,KALIMANTAN BARAT
2022-05-25,2,0,0,2,51827,50925,890,12,KALIMANTAN BARAT
2022-05-26,1,0,0,1,51828,50925,890,13,KALIMANTAN BARAT
2022-05-27,2,0,3,-1,51830,50928,890,12,KALIMANTAN BARAT
2022-05-28,0,0,0,0,51830,50928,890,12,KALIMANTAN BARAT
2022-05-29,0,0,0,0,51830,50928,890,12,KALIMANTAN BARAT
2022-05-30,0,0,2,-2,51830,50930,890,10,KALIMANTAN BARAT
2022-05-31,2,0,4,-2,51832,50934,890,8,KALIMANTAN BARAT
2022-06-01,0,0,0,0,51832,50934,890,8,KALIMANTAN BARAT
2022-06-02,0,0,0,0,51832,50934,890,8,KALIMANTAN BARAT
2022-06-03,2,0,3,-1,51834,50937,890,7,KALIMANTAN BARAT
2022-06-04,0,0,0,0,51834,50937,890,7,KALIMANTAN BARAT
2022-06-05,0,0,0,0,51834,50937,890,7,KALIMANTAN BARAT
2022-06-06,2,0,0,2,51836,50937,890,9,KALIMANTAN BARAT
2022-06-07,0,0,0,0,51836,50937,890,9,KALIMANTAN BARAT
2022-06-08,1,0,5,-4,51837,50942,890,5,KALIMANTAN BARAT
2022-06-09,3,0,0,3,51840,50942,890,8,KALIMANTAN BARAT
2022-06-10,1,0,0,1,51841,50942,890,9,KALIMANTAN BARAT
2022-06-11,0,0,0,0,51841,50942,890,9,KALIMANTAN BARAT
2022-06-12,0,0,0,0,51841,50942,890,9,KALIMANTAN BARAT
2022-06-13,2,0,3,-1,51843,50945,890,8,KALIMANTAN BARAT
2022-06-14,0,0,0,0,51843,50945,890,8,KALIMANTAN BARAT
2022-06-15,1,0,0,1,51844,50945,890,9,KALIMANTAN BARAT
2022-06-16,2,0,0,2,51846,50945,890,11,KALIMANTAN BARAT
2022-06-17,3,0,1,2,51849,50946,890,13,KALIMANTAN BARAT
2022-06-18,0,0,0,0,51849,50946,890,13,KALIMANTAN BARAT
2022-06-19,0,0,2,-2,51849,50948,890,11,KALIMANTAN BARAT
2022-06-20,1,0,3,-2,51850,50951,890,9,KALIMANTAN BARAT
2022-06-21,1,0,0,1,51851,50951,890,10,KALIMANTAN BARAT
2022-06-22,1,0,0,1,51852,50951,890,11,KALIMANTAN BARAT
2022-06-23,1,0,7,-6,51853,50958,890,5,KALIMANTAN BARAT
2022-06-24,8,0,0,8,51861,50958,890,13,KALIMANTAN BARAT
2022-06-25,0,0,0,0,51861,50958,890,13,KALIMANTAN BARAT
2022-06-26,0,0,0,0,51861,50958,890,13,KALIMANTAN BARAT
2022-06-27,0,0,0,0,51861,50958,890,13,KALIMANTAN BARAT
2022-06-28,1,0,0,1,51862,50958,890,14,KALIMANTAN BARAT
2022-06-29,2,0,0,2,51864,50958,890,16,KALIMANTAN BARAT
2022-06-30,9,0,0,9,51873,50958,890,25,KALIMANTAN BARAT
2022-07-01,0,0,0,0,51873,50958,890,25,KALIMANTAN BARAT
2022-07-02,3,0,10,-7,51876,50968,890,18,KALIMANTAN BARAT
2022-07-03,4,0,0,4,51880,50968,890,22,KALIMANTAN BARAT
2022-07-04,1,0,0,1,51881,50968,890,23,KALIMANTAN BARAT
2022-07-05,3,0,0,3,51884,50968,890,26,KALIMANTAN BARAT
2022-07-06,4,0,0,4,51888,50968,890,30,KALIMANTAN BARAT
2022-07-07,7,1,12,-6,51895,50980,891,24,KALIMANTAN BARAT
2022-07-08,1,0,1,0,51896,50981,891,24,KALIMANTAN BARAT
2022-07-09,7,0,0,7,51903,50981,891,31,KALIMANTAN BARAT
2022-07-10,1,0,0,1,51904,50981,891,32,KALIMANTAN BARAT
2022-07-11,3,0,0,3,51907,50981,891,35,KALIMANTAN BARAT
2022-07-12,5,0,0,5,51912,50981,891,40,KALIMANTAN BARAT
2022-07-13,3,0,0,3,51915,50981,891,43,KALIMANTAN BARAT
2022-07-14,13,0,0,13,51928,50981,891,56,KALIMANTAN BARAT
2022-07-15,3,1,0,2,51931,50981,892,58,KALIMANTAN BARAT
2022-07-16,4,0,0,4,51935,50981,892,62,KALIMANTAN BARAT
2022-07-17,2,0,0,2,51937,50981,892,64,KALIMANTAN BARAT
2022-07-18,6,0,38,-32,51943,51019,892,32,KALIMANTAN BARAT
2022-07-19,14,0,1,13,51957,51020,892,45,KALIMANTAN BARAT
2022-07-20,8,0,0,8,51965,51020,892,53,KALIMANTAN BARAT
2022-07-21,7,0,0,7,51972,51020,892,60,KALIMANTAN BARAT
2022-07-22,2,0,0,2,51974,51020,892,62,KALIMANTAN BARAT
2022-07-23,8,0,0,8,51982,51020,892,70,KALIMANTAN BARAT
2022-07-24,6,0,27,-21,51988,51047,892,49,KALIMANTAN BARAT
2022-07-25,4,0,14,-10,51992,51061,892,39,KALIMANTAN BARAT
2022-07-26,7,0,0,7,51999,51061,892,46,KALIMANTAN BARAT
2022-07-27,3,0,0,3,52002,51061,892,49,KALIMANTAN BARAT
2022-07-28,11,0,0,11,52013,51061,892,60,KALIMANTAN BARAT
2022-07-29,6,0,19,-13,52019,51080,892,47,KALIMANTAN BARAT
2022-07-30,12,0,13,-1,52031,51093,892,46,KALIMANTAN BARAT
2022-07-31,8,0,0,8,52039,51093,892,54,KALIMANTAN BARAT
2022-08-01,7,0,9,-2,52046,51102,892,52,KALIMANTAN BARAT
2022-08-02,7,0,0,7,52053,51102,892,59,KALIMANTAN BARAT
2022-08-03,13,0,0,13,52066,51102,892,72,KALIMANTAN BARAT
2022-08-04,22,1,0,21,52088,51102,893,93,KALIMANTAN BARAT
2022-08-05,9,0,29,-20,52097,51131,893,73,KALIMANTAN BARAT
2022-08-06,8,0,0,8,52105,51131,893,81,KALIMANTAN BARAT
2022-08-07,8,0,0,8,52113,51131,893,89,KALIMANTAN BARAT
2022-08-08,7,0,0,7,52120,51131,893,96,KALIMANTAN BARAT
2022-08-09,16,0,0,16,52136,51131,893,112,KALIMANTAN BARAT
2022-08-10,25,0,0,25,52161,51131,893,137,KALIMANTAN BARAT
2022-08-11,12,0,69,-57,52173,51200,893,80,KALIMANTAN BARAT
2022-08-12,14,0,0,14,52187,51200,893,94,KALIMANTAN BARAT
2022-08-13,15,0,0,15,52202,51200,893,109,KALIMANTAN BARAT
2022-08-14,24,0,0,24,52226,51200,893,133,KALIMANTAN BARAT
2022-08-15,9,1,0,8,52235,51200,894,141,KALIMANTAN BARAT
2022-08-16,22,0,65,-43,52257,51265,894,98,KALIMANTAN BARAT
2022-08-17,17,0,0,17,52274,51265,894,115,KALIMANTAN BARAT
2022-08-18,6,0,0,6,52280,51265,894,121,KALIMANTAN BARAT
2022-08-19,20,0,0,20,52300,51265,894,141,KALIMANTAN BARAT
2022-08-20,14,0,54,-40,52314,51319,894,101,KALIMANTAN BARAT
2022-08-21,8,0,0,8,52322,51319,894,109,KALIMANTAN BARAT
2022-08-22,8,0,34,-26,52330,51353,894,83,KALIMANTAN BARAT
2022-08-23,18,0,0,18,52348,51353,894,101,KALIMANTAN BARAT
2022-08-24,11,0,0,11,52359,51353,894,112,KALIMANTAN BARAT
2022-08-25,8,0,0,8,52367,51353,894,120,KALIMANTAN BARAT
2022-08-26,14,0,0,14,52381,51353,894,134,KALIMANTAN BARAT
2022-08-27,15,0,0,15,52396,51353,894,149,KALIMANTAN BARAT
2022-08-28,7,0,0,7,52403,51353,894,156,KALIMANTAN BARAT
2022-08-29,6,0,0,6,52409,51353,894,162,KALIMANTAN BARAT
2022-08-30,14,0,107,-93,52423,51460,894,69,KALIMANTAN BARAT
2022-08-31,7,0,0,7,52430,51460,894,76,KALIMANTAN BARAT
2022-09-01,16,0,0,16,52446,51460,894,92,KALIMANTAN BARAT
2022-09-02,10,0,0,10,52456,51460,894,102,KALIMANTAN BARAT
2022-09-03,2,0,0,2,52458,51460,894,104,KALIMANTAN BARAT
2022-09-04,9,0,0,9,52467,51460,894,113,KALIMANTAN BARAT
2022-09-05,8,0,0,8,52475,51460,894,121,KALIMANTAN BARAT
2022-09-06,14,0,6,8,52489,51466,894,129,KALIMANTAN BARAT
2022-09-07,16,0,35,-19,52505,51501,894,110,KALIMANTAN BARAT
2022-09-08,16,0,0,16,52521,51501,894,126,KALIMANTAN BARAT
2022-09-09,8,0,0,8,52529,51501,894,134,KALIMANTAN BARAT
2022-09-10,3,0,0,3,52532,51501,894,137,KALIMANTAN BARAT
2022-09-11,5,0,0,5,52537,51501,894,142,KALIMANTAN BARAT
2022-09-12,1,0,73,-72,52538,51574,894,70,KALIMANTAN BARAT
2022-09-13,12,0,0,12,52550,51574,894,82,KALIMANTAN BARAT
2022-09-14,5,0,0,5,52555,51574,894,87,KALIMANTAN BARAT
2022-09-15,14,0,0,14,52569,51574,894,101,KALIMANTAN BARAT
2022-09-16,13,0,0,13,52582,51574,894,114,KALIMANTAN BARAT
2022-09-17,3,0,0,3,52585,51574,894,117,KALIMANTAN BARAT
2022-09-18,3,0,0,3,52588,51574,894,120,KALIMANTAN BARAT
2022-09-19,5,0,0,5,52593,51574,894,125,KALIMANTAN BARAT
2022-09-20,11,0,74,-63,52604,51648,894,62,KALIMANTAN BARAT
2022-09-21,19,0,0,19,52623,51648,894,81,KALIMANTAN BARAT
2022-09-22,9,0,0,9,52632,51648,894,90,KALIMANTAN BARAT
2022-09-23,14,0,0,14,52646,51648,894,104,KALIMANTAN BARAT
2022-09-24,8,0,30,-22,52654,51678,894,82,KALIMANTAN BARAT
2022-09-25,4,0,0,4,52658,51678,894,86,KALIMANTAN BARAT
2022-09-26,5,0,0,5,52663,51678,894,91,KALIMANTAN BARAT
2022-09-27,7,0,0,7,52670,51678,894,98,KALIMANTAN BARAT
2022-09-28,2,0,0,2,52672,51678,894,100,KALIMANTAN BARAT
2022-09-29,6,0,0,6,52678,51678,894,106,KALIMANTAN BARAT
2022-09-30,11,0,0,11,52689,51678,894,117,KALIMANTAN BARAT
2020-03-26,1,0,0,1,1,0,0,1,KALIMANTAN TENGAH
2020-03-27,0,0,0,0,1,0,0,1,KALIMANTAN TENGAH
2020-03-28,1,0,0,1,2,0,0,2,KALIMANTAN TENGAH
2020-03-29,0,0,0,0,2,0,0,2,KALIMANTAN TENGAH
2020-03-30,0,0,0,0,2,0,0,2,KALIMANTAN TENGAH
2020-03-31,3,0,2,1,5,2,0,3,KALIMANTAN TENGAH
2020-04-01,0,0,0,0,5,2,0,3,KALIMANTAN TENGAH
2020-04-02,0,0,0,0,5,2,0,3,KALIMANTAN TENGAH
2020-04-03,2,0,0,2,7,2,0,5,KALIMANTAN TENGAH
2020-04-04,1,0,1,0,8,3,0,5,KALIMANTAN TENGAH
2020-04-05,0,0,0,0,8,3,0,5,KALIMANTAN TENGAH
2020-04-06,8,0,0,8,16,3,0,13,KALIMANTAN TENGAH
2020-04-07,1,0,2,-1,17,5,0,12,KALIMANTAN TENGAH
2020-04-08,0,1,0,-1,17,5,1,11,KALIMANTAN TENGAH
2020-04-09,0,0,0,0,17,5,1,11,KALIMANTAN TENGAH
2020-04-10,4,0,0,4,21,5,1,15,KALIMANTAN TENGAH
2020-04-11,0,0,0,0,21,5,1,15,KALIMANTAN TENGAH
2020-04-12,0,0,0,0,21,5,1,15,KALIMANTAN TENGAH
2020-04-13,1,0,1,0,22,6,1,15,KALIMANTAN TENGAH
2020-04-14,0,1,0,-1,22,6,2,14,KALIMANTAN TENGAH
2020-04-15,7,0,0,7,29,6,2,21,KALIMANTAN TENGAH
2020-04-16,1,0,0,1,30,6,2,22,KALIMANTAN TENGAH
2020-04-17,1,0,0,1,31,6,2,23,KALIMANTAN TENGAH
2020-04-18,4,1,0,3,35,6,3,26,KALIMANTAN TENGAH
2020-04-19,3,0,0,3,38,6,3,29,KALIMANTAN TENGAH
2020-04-20,12,1,1,10,50,7,4,39,KALIMANTAN TENGAH
2020-04-21,5,0,0,5,55,7,4,44,KALIMANTAN TENGAH
2020-04-22,11,0,0,11,66,7,4,55,KALIMANTAN TENGAH
2020-04-23,0,0,0,0,66,7,4,55,KALIMANTAN TENGAH
2020-04-24,10,0,0,10,76,7,4,65,KALIMANTAN TENGAH
2020-04-25,5,0,0,5,81,7,4,70,KALIMANTAN TENGAH
2020-04-26,3,0,1,2,84,8,4,72,KALIMANTAN TENGAH
2020-04-27,6,0,0,6,90,8,4,78,KALIMANTAN TENGAH
2020-04-28,8,1,2,5,98,10,5,83,KALIMANTAN TENGAH
2020-04-29,5,0,0,5,103,10,5,88,KALIMANTAN TENGAH
2020-04-30,14,0,1,13,117,11,5,101,KALIMANTAN TENGAH
2020-05-01,7,1,2,4,124,13,6,105,KALIMANTAN TENGAH
2020-05-02,0,0,0,0,124,13,6,105,KALIMANTAN TENGAH
2020-05-03,0,0,0,0,124,13,6,105,KALIMANTAN TENGAH
2020-05-04,21,0,1,20,145,14,6,125,KALIMANTAN TENGAH
2020-05-05,1,2,0,-1,146,14,8,124,KALIMANTAN TENGAH
2020-05-06,4,0,12,-8,150,26,8,116,KALIMANTAN TENGAH
2020-05-07,2,1,0,1,152,26,9,117,KALIMANTAN TENGAH
2020-05-08,0,0,1,-1,152,27,9,116,KALIMANTAN TENGAH
2020-05-09,1,0,0,1,153,27,9,117,KALIMANTAN TENGAH
2020-05-10,4,0,0,4,157,27,9,121,KALIMANTAN TENGAH
2020-05-11,5,0,0,5,162,27,9,126,KALIMANTAN TENGAH
2020-05-12,3,0,1,2,165,28,9,128,KALIMANTAN TENGAH
2020-05-13,13,0,1,12,178,29,9,140,KALIMANTAN TENGAH
2020-05-14,2,0,9,-7,180,38,9,133,KALIMANTAN TENGAH
2020-05-15,3,0,3,0,183,41,9,133,KALIMANTAN TENGAH
2020-05-16,0,0,0,0,183,41,9,133,KALIMANTAN TENGAH
2020-05-17,0,0,0,0,183,41,9,133,KALIMANTAN TENGAH
2020-05-18,0,0,0,0,183,41,9,133,KALIMANTAN TENGAH
2020-05-19,4,0,0,4,187,41,9,137,KALIMANTAN TENGAH
2020-05-20,8,0,16,-8,195,57,9,129,KALIMANTAN TENGAH
2020-05-21,12,0,9,3,207,66,9,132,KALIMANTAN TENGAH
2020-05-22,29,4,10,15,236,76,13,147,KALIMANTAN TENGAH
2020-05-23,2,0,0,2,238,76,13,149,KALIMANTAN TENGAH
2020-05-24,13,0,0,13,251,76,13,162,KALIMANTAN TENGAH
2020-05-25,1,2,16,-17,252,92,15,145,KALIMANTAN TENGAH
2020-05-26,9,0,0,9,261,92,15,154,KALIMANTAN TENGAH
2020-05-27,7,0,0,7,268,92,15,161,KALIMANTAN TENGAH
2020-05-28,4,0,0,4,272,92,15,165,KALIMANTAN TENGAH
2020-05-29,22,0,6,16,294,98,15,181,KALIMANTAN TENGAH
2020-05-30,24,2,5,17,318,103,17,198,KALIMANTAN TENGAH
2020-05-31,11,0,0,11,329,103,17,209,KALIMANTAN TENGAH
2020-06-01,7,0,1,6,336,104,17,215,KALIMANTAN TENGAH
2020-06-02,8,1,13,-6,344,117,18,209,KALIMANTAN TENGAH
2020-06-03,25,3,7,15,369,124,21,224,KALIMANTAN TENGAH
2020-06-04,9,0,0,9,378,124,21,233,KALIMANTAN TENGAH
2020-06-05,14,2,0,12,392,124,23,245,KALIMANTAN TENGAH
2020-06-06,13,0,0,13,405,124,23,258,KALIMANTAN TENGAH
2020-06-07,1,0,8,-7,406,132,23,251,KALIMANTAN TENGAH
2020-06-08,7,2,2,3,413,134,25,254,KALIMANTAN TENGAH
2020-06-09,16,0,0,16,429,134,25,270,KALIMANTAN TENGAH
2020-06-10,12,0,7,5,441,141,25,275,KALIMANTAN TENGAH
2020-06-11,11,0,0,11,452,141,25,286,KALIMANTAN TENGAH
2020-06-12,10,0,3,7,462,144,25,293,KALIMANTAN TENGAH
2020-06-13,17,1,1,15,479,145,26,308,KALIMANTAN TENGAH
2020-06-14,0,2,12,-14,479,157,28,294,KALIMANTAN TENGAH
2020-06-15,36,4,2,30,515,159,32,324,KALIMANTAN TENGAH
2020-06-16,21,0,9,12,536,168,32,336,KALIMANTAN TENGAH
2020-06-17,41,1,1,39,577,169,33,375,KALIMANTAN TENGAH
2020-06-18,29,3,30,-4,606,199,36,371,KALIMANTAN TENGAH
2020-06-19,0,0,0,0,606,199,36,371,KALIMANTAN TENGAH
2020-06-20,20,2,6,12,626,205,38,383,KALIMANTAN TENGAH
2020-06-21,0,0,0,0,626,205,38,383,KALIMANTAN TENGAH
2020-06-22,17,1,6,10,643,211,39,393,KALIMANTAN TENGAH
2020-06-23,5,1,4,0,648,215,40,393,KALIMANTAN TENGAH
2020-06-24,3,0,0,3,651,215,40,396,KALIMANTAN TENGAH
2020-06-25,5,0,0,5,656,215,40,401,KALIMANTAN TENGAH
2020-06-26,6,2,21,-17,662,236,42,384,KALIMANTAN TENGAH
2020-06-27,4,0,0,4,666,236,42,388,KALIMANTAN TENGAH
2020-06-28,10,0,0,10,676,236,42,398,KALIMANTAN TENGAH
2020-06-29,34,0,44,-10,710,280,42,388,KALIMANTAN TENGAH
2020-06-30,10,2,1,7,720,281,44,395,KALIMANTAN TENGAH
2020-07-01,30,0,0,30,750,281,44,425,KALIMANTAN TENGAH
2020-07-02,14,0,0,14,764,281,44,439,KALIMANTAN TENGAH
2020-07-03,38,3,36,-1,802,317,47,438,KALIMANTAN TENGAH
2020-07-04,6,2,22,-18,808,339,49,420,KALIMANTAN TENGAH
2020-07-05,25,0,4,21,833,343,49,441,KALIMANTAN TENGAH
2020-07-06,7,0,1,6,840,344,49,447,KALIMANTAN TENGAH
2020-07-07,17,0,16,1,857,360,49,448,KALIMANTAN TENGAH
2020-07-08,13,0,5,8,870,365,49,456,KALIMANTAN TENGAH
2020-07-09,20,2,16,2,890,381,51,458,KALIMANTAN TENGAH
2020-07-10,29,0,0,29,919,381,51,487,KALIMANTAN TENGAH
2020-07-11,17,1,21,-5,936,402,52,482,KALIMANTAN TENGAH
2020-07-12,29,3,8,18,965,410,55,500,KALIMANTAN TENGAH
2020-07-13,23,0,3,20,988,413,55,520,KALIMANTAN TENGAH
2020-07-14,23,1,37,-15,1011,450,56,505,KALIMANTAN TENGAH
2020-07-15,0,0,18,-18,1011,468,56,487,KALIMANTAN TENGAH
2020-07-16,12,1,25,-14,1023,493,57,473,KALIMANTAN TENGAH
2020-07-17,42,2,25,15,1065,518,59,488,KALIMANTAN TENGAH
2020-07-18,0,1,6,-7,1065,524,60,481,KALIMANTAN TENGAH
2020-07-19,59,2,58,-1,1124,582,62,480,KALIMANTAN TENGAH
2020-07-20,0,0,0,0,1124,582,62,480,KALIMANTAN TENGAH
2020-07-21,14,0,27,-13,1138,609,62,467,KALIMANTAN TENGAH
2020-07-22,26,1,117,-92,1164,726,63,375,KALIMANTAN TENGAH
2020-07-23,22,0,19,3,1186,745,63,378,KALIMANTAN TENGAH
2020-07-24,34,0,24,10,1220,769,63,388,KALIMANTAN TENGAH
2020-07-25,57,5,54,-2,1277,823,68,386,KALIMANTAN TENGAH
2020-07-26,33,0,25,8,1310,848,68,394,KALIMANTAN TENGAH
2020-07-27,19,1,29,-11,1329,877,69,383,KALIMANTAN TENGAH
2020-07-28,20,0,17,3,1349,894,69,386,KALIMANTAN TENGAH
2020-07-29,0,0,1,-1,1349,895,69,385,KALIMANTAN TENGAH
2020-07-30,18,0,0,18,1367,895,69,403,KALIMANTAN TENGAH
2020-07-31,21,2,28,-9,1388,923,71,394,KALIMANTAN TENGAH
2020-08-01,25,0,14,11,1413,937,71,405,KALIMANTAN TENGAH
2020-08-02,13,0,11,2,1426,948,71,407,KALIMANTAN TENGAH
2020-08-03,11,0,25,-14,1437,973,71,393,KALIMANTAN TENGAH
2020-08-04,35,0,26,9,1472,999,71,402,KALIMANTAN TENGAH
2020-08-05,5,0,21,-16,1477,1020,71,386,KALIMANTAN TENGAH
2020-08-06,19,3,6,10,1496,1026,74,396,KALIMANTAN TENGAH
2020-08-07,29,1,21,7,1525,1047,75,403,KALIMANTAN TENGAH
2020-08-08,52,0,32,20,1577,1079,75,423,KALIMANTAN TENGAH
2020-08-09,25,0,30,-5,1602,1109,75,418,KALIMANTAN TENGAH
2020-08-10,34,0,26,8,1636,1135,75,426,KALIMANTAN TENGAH
2020-08-11,25,1,9,15,1661,1144,76,441,KALIMANTAN TENGAH
2020-08-12,5,0,23,-18,1666,1167,76,423,KALIMANTAN TENGAH
2020-08-13,28,2,58,-32,1694,1225,78,391,KALIMANTAN TENGAH
2020-08-14,15,1,19,-5,1709,1244,79,386,KALIMANTAN TENGAH
2020-08-15,31,0,23,8,1740,1267,79,394,KALIMANTAN TENGAH
2020-08-16,0,0,0,0,1740,1267,79,394,KALIMANTAN TENGAH
2020-08-17,21,0,19,2,1761,1286,79,396,KALIMANTAN TENGAH
2020-08-18,33,1,57,-25,1794,1343,80,371,KALIMANTAN TENGAH
2020-08-19,0,0,0,0,1794,1343,80,371,KALIMANTAN TENGAH
2020-08-20,25,0,8,17,1819,1351,80,388,KALIMANTAN TENGAH
2020-08-21,21,0,16,5,1840,1367,80,393,KALIMANTAN TENGAH
2020-08-22,24,1,20,3,1864,1387,81,396,KALIMANTAN TENGAH
2020-08-23,52,0,27,25,1916,1414,81,421,KALIMANTAN TENGAH
2020-08-24,14,0,6,8,1930,1420,81,429,KALIMANTAN TENGAH
2020-08-25,8,1,23,-16,1938,1443,82,413,KALIMANTAN TENGAH
2020-08-26,7,0,23,-16,1945,1466,82,397,KALIMANTAN TENGAH
2020-08-27,11,1,19,-9,1956,1485,83,388,KALIMANTAN TENGAH
2020-08-28,0,0,0,0,1956,1485,83,388,KALIMANTAN TENGAH
2020-08-29,15,1,34,-20,1971,1519,84,368,KALIMANTAN TENGAH
2020-08-30,19,1,26,-8,1990,1545,85,360,KALIMANTAN TENGAH
2020-08-31,33,0,15,18,2023,1560,85,378,KALIMANTAN TENGAH
2020-09-01,32,0,18,14,2055,1578,85,392,KALIMANTAN TENGAH
2020-09-02,0,0,0,0,2055,1578,85,392,KALIMANTAN TENGAH
2020-09-03,37,1,72,-36,2092,1650,86,356,KALIMANTAN TENGAH
2020-09-04,42,1,72,-31,2134,1722,87,325,KALIMANTAN TENGAH
2020-09-05,0,0,0,0,2134,1722,87,325,KALIMANTAN TENGAH
2020-09-06,44,1,0,43,2178,1722,88,368,KALIMANTAN TENGAH
2020-09-07,50,2,0,48,2228,1722,90,416,KALIMANTAN TENGAH
2020-09-08,0,0,0,0,2228,1722,90,416,KALIMANTAN TENGAH
2020-09-09,31,1,10,20,2259,1732,91,436,KALIMANTAN TENGAH
2020-09-10,30,1,25,4,2289,1757,92,440,KALIMANTAN TENGAH
2020-09-11,28,0,9,19,2317,1766,92,459,KALIMANTAN TENGAH
2020-09-12,39,0,8,31,2356,1774,92,490,KALIMANTAN TENGAH
2020-09-13,32,0,4,28,2388,1778,92,518,KALIMANTAN TENGAH
2020-09-14,0,0,0,0,2388,1778,92,518,KALIMANTAN TENGAH
2020-09-15,50,1,16,33,2438,1794,93,551,KALIMANTAN TENGAH
2020-09-16,50,1,93,-44,2488,1887,94,507,KALIMANTAN TENGAH
2020-09-17,0,0,0,0,2488,1887,94,507,KALIMANTAN TENGAH
2020-09-18,44,1,58,-15,2532,1945,95,492,KALIMANTAN TENGAH
2020-09-19,43,4,25,14,2575,1970,99,506,KALIMANTAN TENGAH
2020-09-20,36,1,11,24,2611,1981,100,530,KALIMANTAN TENGAH
2020-09-21,26,2,15,9,2637,1996,102,539,KALIMANTAN TENGAH
2020-09-22,0,0,0,0,2637,1996,102,539,KALIMANTAN TENGAH
2020-09-23,69,0,35,34,2706,2031,102,573,KALIMANTAN TENGAH
2020-09-24,34,0,15,19,2740,2046,102,592,KALIMANTAN TENGAH
2020-09-25,33,0,26,7,2773,2072,102,599,KALIMANTAN TENGAH
2020-09-26,0,0,0,0,2773,2072,102,599,KALIMANTAN TENGAH
2020-09-27,8,0,22,-14,2781,2094,102,585,KALIMANTAN TENGAH
2020-09-28,49,1,21,27,2830,2115,103,612,KALIMANTAN TENGAH
2020-09-29,68,0,1,67,2898,2116,103,679,KALIMANTAN TENGAH
2020-09-30,9,2,96,-89,2907,2212,105,590,KALIMANTAN TENGAH
2020-10-01,39,0,12,27,2946,2224,105,617,KALIMANTAN TENGAH
2020-10-02,22,0,25,-3,2968,2249,105,614,KALIMANTAN TENGAH
2020-10-03,34,0,61,-27,3002,2310,105,587,KALIMANTAN TENGAH
2020-10-04,15,1,27,-13,3017,2337,106,574,KALIMANTAN TENGAH
2020-10-05,20,0,27,-7,3037,2364,106,567,KALIMANTAN TENGAH
2020-10-06,12,2,36,-26,3049,2400,108,541,KALIMANTAN TENGAH
2020-10-07,26,1,30,-5,3075,2430,109,536,KALIMANTAN TENGAH
2020-10-08,11,1,40,-30,3086,2470,110,506,KALIMANTAN TENGAH
2020-10-09,21,0,7,14,3107,2477,110,520,KALIMANTAN TENGAH
2020-10-10,13,1,11,1,3120,2488,111,521,KALIMANTAN TENGAH
2020-10-11,25,0,22,3,3145,2510,111,524,KALIMANTAN TENGAH
2020-10-12,21,0,33,-12,3166,2543,111,512,KALIMANTAN TENGAH
2020-10-13,10,1,65,-56,3176,2608,112,456,KALIMANTAN TENGAH
2020-10-14,8,2,25,-19,3184,2633,114,437,KALIMANTAN TENGAH
2020-10-15,23,0,28,-5,3207,2661,114,432,KALIMANTAN TENGAH
2020-10-16,20,1,32,-13,3227,2693,115,419,KALIMANTAN TENGAH
2020-10-17,29,0,26,3,3256,2719,115,422,KALIMANTAN TENGAH
2020-10-18,0,0,0,0,3256,2719,115,422,KALIMANTAN TENGAH
2020-10-19,31,0,37,-6,3287,2756,115,416,KALIMANTAN TENGAH
2020-10-20,21,0,57,-36,3308,2813,115,380,KALIMANTAN TENGAH
2020-10-21,11,0,15,-4,3319,2828,115,376,KALIMANTAN TENGAH
2020-10-22,0,0,0,0,3319,2828,115,376,KALIMANTAN TENGAH
2020-10-23,42,2,40,0,3361,2868,117,376,KALIMANTAN TENGAH
2020-10-24,14,1,44,-31,3375,2912,118,345,KALIMANTAN TENGAH
2020-10-25,8,0,21,-13,3383,2933,118,332,KALIMANTAN TENGAH
2020-10-26,18,1,20,-3,3401,2953,119,329,KALIMANTAN TENGAH
2020-10-27,8,0,25,-17,3409,2978,119,312,KALIMANTAN TENGAH
2020-10-28,4,0,13,-9,3413,2991,119,303,KALIMANTAN TENGAH
2020-10-29,28,0,23,5,3441,3014,119,308,KALIMANTAN TENGAH
2020-10-30,9,0,26,-17,3450,3040,119,291,KALIMANTAN TENGAH
2020-10-31,4,0,20,-16,3454,3060,119,275,KALIMANTAN TENGAH
2020-11-01,0,0,0,0,3454,3060,119,275,KALIMANTAN TENGAH
2020-11-02,26,2,20,4,3480,3080,121,279,KALIMANTAN TENGAH
2020-11-03,14,1,16,-3,3494,3096,122,276,KALIMANTAN TENGAH
2020-11-04,14,1,11,2,3508,3107,123,278,KALIMANTAN TENGAH
2020-11-05,39,1,12,26,3547,3119,124,304,KALIMANTAN TENGAH
2020-11-06,40,3,23,14,3587,3142,127,318,KALIMANTAN TENGAH
2020-11-07,33,1,7,25,3620,3149,128,343,KALIMANTAN TENGAH
2020-11-08,45,0,5,40,3665,3154,128,383,KALIMANTAN TENGAH
2020-11-09,32,1,17,14,3697,3171,129,397,KALIMANTAN TENGAH
2020-11-10,15,2,18,-5,3712,3189,131,392,KALIMANTAN TENGAH
2020-11-11,34,0,7,27,3746,3196,131,419,KALIMANTAN TENGAH
2020-11-12,73,0,19,54,3819,3215,131,473,KALIMANTAN TENGAH
2020-11-13,72,2,35,35,3891,3250,133,508,KALIMANTAN TENGAH
2020-11-14,28,1,16,11,3919,3266,134,519,KALIMANTAN TENGAH
2020-11-15,41,0,12,29,3960,3278,134,548,KALIMANTAN TENGAH
2020-11-16,0,0,0,0,3960,3278,134,548,KALIMANTAN TENGAH
2020-11-17,51,1,47,3,4011,3325,135,551,KALIMANTAN TENGAH
2020-11-18,32,0,21,11,4043,3346,135,562,KALIMANTAN TENGAH
2020-11-19,16,4,21,-9,4059,3367,139,553,KALIMANTAN TENGAH
2020-11-20,46,1,15,30,4105,3382,140,583,KALIMANTAN TENGAH
2020-11-21,47,1,36,10,4152,3418,141,593,KALIMANTAN TENGAH
2020-11-22,104,3,26,75,4256,3444,144,668,KALIMANTAN TENGAH
2020-11-23,66,1,29,36,4322,3473,145,704,KALIMANTAN TENGAH
2020-11-24,44,0,24,20,4366,3497,145,724,KALIMANTAN TENGAH
2020-11-25,46,0,37,9,4412,3534,145,733,KALIMANTAN TENGAH
2020-11-26,34,1,37,-4,4446,3571,146,729,KALIMANTAN TENGAH
2020-11-27,68,4,46,18,4514,3617,150,747,KALIMANTAN TENGAH
2020-11-28,69,1,36,32,4583,3653,151,779,KALIMANTAN TENGAH
2020-11-29,127,1,38,88,4710,3691,152,867,KALIMANTAN TENGAH
2020-11-30,0,0,0,0,4710,3691,152,867,KALIMANTAN TENGAH
2020-12-01,143,0,0,143,4853,3691,152,1010,KALIMANTAN TENGAH
2020-12-02,66,0,0,66,4919,3691,152,1076,KALIMANTAN TENGAH
2020-12-03,125,0,0,125,5044,3691,152,1201,KALIMANTAN TENGAH
2020-12-04,0,0,0,0,5044,3691,152,1201,KALIMANTAN TENGAH
2020-12-05,209,0,75,134,5253,3766,152,1335,KALIMANTAN TENGAH
2020-12-06,0,0,0,0,5253,3766,152,1335,KALIMANTAN TENGAH
2020-12-07,171,0,0,171,5424,3766,152,1506,KALIMANTAN TENGAH
2020-12-08,153,0,0,153,5577,3766,152,1659,KALIMANTAN TENGAH
2020-12-09,181,0,78,103,5758,3844,152,1762,KALIMANTAN TENGAH
2020-12-10,152,0,0,152,5910,3844,152,1914,KALIMANTAN TENGAH
2020-12-11,172,0,0,172,6082,3844,152,2086,KALIMANTAN TENGAH
2020-12-12,106,0,0,106,6188,3844,152,2192,KALIMANTAN TENGAH
2020-12-13,125,2,0,123,6313,3844,154,2315,KALIMANTAN TENGAH
2020-12-14,56,0,0,56,6369,3844,154,2371,KALIMANTAN TENGAH
2020-12-15,81,0,0,81,6450,3844,154,2452,KALIMANTAN TENGAH
2020-12-16,0,0,0,0,6450,3844,154,2452,KALIMANTAN TENGAH
2020-12-17,73,0,75,-2,6523,3919,154,2450,KALIMANTAN TENGAH
2020-12-18,92,0,0,92,6615,3919,154,2542,KALIMANTAN TENGAH
2020-12-19,120,2,2,116,6735,3921,156,2658,KALIMANTAN TENGAH
2020-12-20,104,0,238,-134,6839,4159,156,2524,KALIMANTAN TENGAH
2020-12-21,247,0,0,247,7086,4159,156,2771,KALIMANTAN TENGAH
2020-12-22,110,0,84,26,7196,4243,156,2797,KALIMANTAN TENGAH
2020-12-23,87,0,0,87,7283,4243,156,2884,KALIMANTAN TENGAH
2020-12-24,73,0,0,73,7356,4243,156,2957,KALIMANTAN TENGAH
2020-12-25,70,0,0,70,7426,4243,156,3027,KALIMANTAN TENGAH
2020-12-26,62,0,0,62,7488,4243,156,3089,KALIMANTAN TENGAH
2020-12-27,64,0,314,-250,7552,4557,156,2839,KALIMANTAN TENGAH
2020-12-28,37,0,0,37,7589,4557,156,2876,KALIMANTAN TENGAH
2020-12-29,64,0,0,64,7653,4557,156,2940,KALIMANTAN TENGAH
2020-12-30,44,1,78,-35,7697,4635,157,2905,KALIMANTAN TENGAH
2020-12-31,55,0,488,-433,7752,5123,157,2472,KALIMANTAN TENGAH
2021-01-01,79,0,156,-77,7831,5279,157,2395,KALIMANTAN TENGAH
2021-01-02,51,0,85,-34,7882,5364,157,2361,KALIMANTAN TENGAH
2021-01-03,49,0,157,-108,7931,5521,157,2253,KALIMANTAN TENGAH
2021-01-04,20,0,174,-154,7951,5695,157,2099,KALIMANTAN TENGAH
2021-01-05,50,0,3,47,8001,5698,157,2146,KALIMANTAN TENGAH
2021-01-06,52,0,166,-114,8053,5864,157,2032,KALIMANTAN TENGAH
2021-01-07,64,0,245,-181,8117,6109,157,1851,KALIMANTAN TENGAH
2021-01-08,85,0,93,-8,8202,6202,157,1843,KALIMANTAN TENGAH
2021-01-09,46,0,83,-37,8248,6285,157,1806,KALIMANTAN TENGAH
2021-01-10,81,1,166,-86,8329,6451,158,1720,KALIMANTAN TENGAH
2021-01-11,49,1,89,-41,8378,6540,159,1679,KALIMANTAN TENGAH
2021-01-12,55,0,234,-179,8433,6774,159,1500,KALIMANTAN TENGAH
2021-01-13,61,0,82,-21,8494,6856,159,1479,KALIMANTAN TENGAH
2021-01-14,52,0,0,52,8546,6856,159,1531,KALIMANTAN TENGAH
2021-01-15,67,0,150,-83,8613,7006,159,1448,KALIMANTAN TENGAH
2021-01-16,77,0,150,-73,8690,7156,159,1375,KALIMANTAN TENGAH
2021-01-17,72,0,0,72,8762,7156,159,1447,KALIMANTAN TENGAH
2021-01-18,33,0,79,-46,8795,7235,159,1401,KALIMANTAN TENGAH
2021-01-19,52,0,162,-110,8847,7397,159,1291,KALIMANTAN TENGAH
2021-01-20,39,1,0,38,8886,7397,160,1329,KALIMANTAN TENGAH
2021-01-21,49,0,0,49,8935,7397,160,1378,KALIMANTAN TENGAH
2021-01-22,53,1,0,52,8988,7397,161,1430,KALIMANTAN TENGAH
2021-01-23,70,0,79,-9,9058,7476,161,1421,KALIMANTAN TENGAH
2021-01-24,103,1,46,56,9161,7522,162,1477,KALIMANTAN TENGAH
2021-01-25,40,2,66,-28,9201,7588,164,1449,KALIMANTAN TENGAH
2021-01-26,28,0,110,-82,9229,7698,164,1367,KALIMANTAN TENGAH
2021-01-27,51,1,87,-37,9280,7785,165,1330,KALIMANTAN TENGAH
2021-01-28,49,0,14,35,9329,7799,165,1365,KALIMANTAN TENGAH
2021-01-29,106,1,82,23,9435,7881,166,1388,KALIMANTAN TENGAH
2021-01-30,56,0,112,-56,9491,7993,166,1332,KALIMANTAN TENGAH
2021-01-31,50,0,81,-31,9541,8074,166,1301,KALIMANTAN TENGAH
2021-02-01,48,0,78,-30,9589,8152,166,1271,KALIMANTAN TENGAH
2021-02-02,85,0,83,2,9674,8235,166,1273,KALIMANTAN TENGAH
2021-02-03,13,75,3,-65,9687,8238,241,1208,KALIMANTAN TENGAH
2021-02-04,34,0,66,-32,9721,8304,241,1176,KALIMANTAN TENGAH
2021-02-05,66,0,86,-20,9787,8390,241,1156,KALIMANTAN TENGAH
2021-02-06,50,0,101,-51,9837,8491,241,1105,KALIMANTAN TENGAH
2021-02-07,52,0,14,38,9889,8505,241,1143,KALIMANTAN TENGAH
2021-02-08,35,1,93,-59,9924,8598,242,1084,KALIMANTAN TENGAH
2021-02-09,26,1,86,-61,9950,8684,243,1023,KALIMANTAN TENGAH
2021-02-10,23,0,81,-58,9973,8765,243,965,KALIMANTAN TENGAH
2021-02-11,24,1,54,-31,9997,8819,244,934,KALIMANTAN TENGAH
2021-02-12,60,1,57,2,10057,8876,245,936,KALIMANTAN TENGAH
2021-02-13,77,0,82,-5,10134,8958,245,931,KALIMANTAN TENGAH
2021-02-14,30,0,78,-48,10164,9036,245,883,KALIMANTAN TENGAH
2021-02-15,31,0,0,31,10195,9036,245,914,KALIMANTAN TENGAH
2021-02-16,44,0,74,-30,10239,9110,245,884,KALIMANTAN TENGAH
2021-02-17,28,0,45,-17,10267,9155,245,867,KALIMANTAN TENGAH
2021-02-18,67,1,49,17,10334,9204,246,884,KALIMANTAN TENGAH
2021-02-19,79,2,69,8,10413,9273,248,892,KALIMANTAN TENGAH
2021-02-20,81,1,40,40,10494,9313,249,932,KALIMANTAN TENGAH
2021-02-21,127,2,25,100,10621,9338,251,1032,KALIMANTAN TENGAH
2021-02-22,47,1,140,-94,10668,9478,252,938,KALIMANTAN TENGAH
2021-02-23,64,0,92,-28,10732,9570,252,910,KALIMANTAN TENGAH
2021-02-24,49,4,58,-13,10781,9628,256,897,KALIMANTAN TENGAH
2021-02-25,45,1,51,-7,10826,9679,257,890,KALIMANTAN TENGAH
2021-02-26,95,0,10,85,10921,9689,257,975,KALIMANTAN TENGAH
2021-02-27,80,1,29,50,11001,9718,258,1025,KALIMANTAN TENGAH
2021-02-28,61,0,49,12,11062,9767,258,1037,KALIMANTAN TENGAH
2021-03-01,62,2,13,47,11124,9780,260,1084,KALIMANTAN TENGAH
2021-03-02,67,0,42,25,11191,9822,260,1109,KALIMANTAN TENGAH
2021-03-03,74,2,29,43,11265,9851,262,1152,KALIMANTAN TENGAH
2021-03-04,59,0,33,26,11324,9884,262,1178,KALIMANTAN TENGAH
2021-03-05,118,3,34,81,11442,9918,265,1259,KALIMANTAN TENGAH
2021-03-06,100,2,68,30,11542,9986,267,1289,KALIMANTAN TENGAH
2021-03-07,96,0,19,77,11638,10005,267,1366,KALIMANTAN TENGAH
2021-03-08,52,4,17,31,11690,10022,271,1397,KALIMANTAN TENGAH
2021-03-09,110,1,69,40,11800,10091,272,1437,KALIMANTAN TENGAH
2021-03-10,75,3,5,67,11875,10096,275,1504,KALIMANTAN TENGAH
2021-03-11,35,6,111,-82,11910,10207,281,1422,KALIMANTAN TENGAH
2021-03-12,46,2,149,-105,11956,10356,283,1317,KALIMANTAN TENGAH
2021-03-13,76,2,12,62,12032,10368,285,1379,KALIMANTAN TENGAH
2021-03-14,103,3,0,100,12135,10368,288,1479,KALIMANTAN TENGAH
2021-03-15,104,2,54,48,12239,10422,290,1527,KALIMANTAN TENGAH
2021-03-16,61,1,22,38,12300,10444,291,1565,KALIMANTAN TENGAH
2021-03-17,120,0,52,68,12420,10496,291,1633,KALIMANTAN TENGAH
2021-03-18,60,3,97,-40,12480,10593,294,1593,KALIMANTAN TENGAH
2021-03-19,94,1,53,40,12574,10646,295,1633,KALIMANTAN TENGAH
2021-03-20,70,0,32,38,12644,10678,295,1671,KALIMANTAN TENGAH
2021-03-21,150,0,8,142,12794,10686,295,1813,KALIMANTAN TENGAH
2021-03-22,69,5,82,-18,12863,10768,300,1795,KALIMANTAN TENGAH
2021-03-23,129,0,24,105,12992,10792,300,1900,KALIMANTAN TENGAH
2021-03-24,122,0,57,65,13114,10849,300,1965,KALIMANTAN TENGAH
2021-03-25,87,0,17,70,13201,10866,300,2035,KALIMANTAN TENGAH
2021-03-26,81,0,76,5,13282,10942,300,2040,KALIMANTAN TENGAH
2021-03-27,153,0,44,109,13435,10986,300,2149,KALIMANTAN TENGAH
2021-03-28,93,0,32,61,13528,11018,300,2210,KALIMANTAN TENGAH
2021-03-29,61,0,34,27,13589,11052,300,2237,KALIMANTAN TENGAH
2021-03-30,62,3,121,-62,13651,11173,303,2175,KALIMANTAN TENGAH
2021-03-31,139,0,55,84,13790,11228,303,2259,KALIMANTAN TENGAH
2021-04-01,51,1,51,-1,13841,11279,304,2258,KALIMANTAN TENGAH
2021-04-02,83,0,55,28,13924,11334,304,2286,KALIMANTAN TENGAH
2021-04-03,73,3,24,46,13997,11358,307,2332,KALIMANTAN TENGAH
2021-04-04,82,2,37,43,14079,11395,309,2375,KALIMANTAN TENGAH
2021-04-05,86,2,116,-32,14165,11511,311,2343,KALIMANTAN TENGAH
2021-04-06,60,0,107,-47,14225,11618,311,2296,KALIMANTAN TENGAH
2021-04-07,60,1,133,-74,14285,11751,312,2222,KALIMANTAN TENGAH
2021-04-08,52,0,5,47,14337,11756,312,2269,KALIMANTAN TENGAH
2021-04-09,92,1,26,65,14429,11782,313,2334,KALIMANTAN TENGAH
2021-04-10,101,3,94,4,14530,11876,316,2338,KALIMANTAN TENGAH
2021-04-11,123,0,267,-144,14653,12143,316,2194,KALIMANTAN TENGAH
2021-04-12,66,1,112,-47,14719,12255,317,2147,KALIMANTAN TENGAH
2021-04-13,89,0,63,26,14808,12318,317,2173,KALIMANTAN TENGAH
2021-04-14,70,12,416,-358,14878,12734,329,1815,KALIMANTAN TENGAH
2021-04-15,63,1,26,36,14941,12760,330,1851,KALIMANTAN TENGAH
2021-04-16,99,1,43,55,15040,12803,331,1906,KALIMANTAN TENGAH
2021-04-17,90,4,18,68,15130,12821,335,1974,KALIMANTAN TENGAH
2021-04-18,72,2,8,62,15202,12829,337,2036,KALIMANTAN TENGAH
2021-04-19,59,1,145,-87,15261,12974,338,1949,KALIMANTAN TENGAH
2021-04-20,116,1,21,94,15377,12995,339,2043,KALIMANTAN TENGAH
2021-04-21,70,2,53,15,15447,13048,341,2058,KALIMANTAN TENGAH
2021-04-22,50,0,3,47,15497,13051,341,2105,KALIMANTAN TENGAH
2021-04-23,68,0,47,21,15565,13098,341,2126,KALIMANTAN TENGAH
2021-04-24,94,3,47,44,15659,13145,344,2170,KALIMANTAN TENGAH
2021-04-25,64,0,8,56,15723,13153,344,2226,KALIMANTAN TENGAH
2021-04-26,74,1,31,42,15797,13184,345,2268,KALIMANTAN TENGAH
2021-04-27,47,1,17,29,15844,13201,346,2297,KALIMANTAN TENGAH
2021-04-28,99,2,66,31,15943,13267,348,2328,KALIMANTAN TENGAH
2021-04-29,47,2,292,-247,15990,13559,350,2081,KALIMANTAN TENGAH
2021-04-30,91,2,19,70,16081,13578,352,2151,KALIMANTAN TENGAH
2021-05-01,92,1,12,79,16173,13590,353,2230,KALIMANTAN TENGAH
2021-05-02,40,3,11,26,16213,13601,356,2256,KALIMANTAN TENGAH
2021-05-03,53,0,134,-81,16266,13735,356,2175,KALIMANTAN TENGAH
2021-05-04,84,0,203,-119,16350,13938,356,2056,KALIMANTAN TENGAH
2021-05-05,70,0,277,-207,16420,14215,356,1849,KALIMANTAN TENGAH
2021-05-06,60,0,31,29,16480,14246,356,1878,KALIMANTAN TENGAH
2021-05-07,70,0,102,-32,16550,14348,356,1846,KALIMANTAN TENGAH
2021-05-08,106,1,42,63,16656,14390,357,1909,KALIMANTAN TENGAH
2021-05-09,71,0,16,55,16727,14406,357,1964,KALIMANTAN TENGAH
2021-05-10,47,2,116,-71,16774,14522,359,1893,KALIMANTAN TENGAH
2021-05-11,52,8,45,-1,16826,14567,367,1892,KALIMANTAN TENGAH
2021-05-12,59,1,39,19,16885,14606,368,1911,KALIMANTAN TENGAH
2021-05-13,52,0,2,50,16937,14608,368,1961,KALIMANTAN TENGAH
2021-05-14,44,0,3,41,16981,14611,368,2002,KALIMANTAN TENGAH
2021-05-15,20,7,89,-76,17001,14700,375,1926,KALIMANTAN TENGAH
2021-05-16,39,1,34,4,17040,14734,376,1930,KALIMANTAN TENGAH
2021-05-17,41,4,129,-92,17081,14863,380,1838,KALIMANTAN TENGAH
2021-05-18,68,2,40,26,17149,14903,382,1864,KALIMANTAN TENGAH
2021-05-19,65,0,9,56,17214,14912,382,1920,KALIMANTAN TENGAH
2021-05-20,68,0,70,-2,17282,14982,382,1918,KALIMANTAN TENGAH
2021-05-21,70,4,55,11,17352,15037,386,1929,KALIMANTAN TENGAH
2021-05-22,74,0,7,67,17426,15044,386,1996,KALIMANTAN TENGAH
2021-05-23,74,0,2,72,17500,15046,386,2068,KALIMANTAN TENGAH
2021-05-24,53,1,60,-8,17553,15106,387,2060,KALIMANTAN TENGAH
2021-05-25,56,2,63,-9,17609,15169,389,2051,KALIMANTAN TENGAH
2021-05-26,72,0,64,8,17681,15233,389,2059,KALIMANTAN TENGAH
2021-05-27,48,2,24,22,17729,15257,391,2081,KALIMANTAN TENGAH
2021-05-28,60,1,10,49,17789,15267,392,2130,KALIMANTAN TENGAH
2021-05-29,124,2,7,115,17913,15274,394,2245,KALIMANTAN TENGAH
2021-05-30,88,1,20,67,18001,15294,395,2312,KALIMANTAN TENGAH
2021-05-31,55,1,92,-38,18056,15386,396,2274,KALIMANTAN TENGAH
2021-06-01,52,0,6,46,18108,15392,396,2320,KALIMANTAN TENGAH
2021-06-02,56,1,134,-79,18164,15526,397,2241,KALIMANTAN TENGAH
2021-06-03,100,7,52,41,18264,15578,404,2282,KALIMANTAN TENGAH
2021-06-04,100,1,27,72,18364,15605,405,2354,KALIMANTAN TENGAH
2021-06-05,77,1,8,68,18441,15613,406,2422,KALIMANTAN TENGAH
2021-06-06,41,2,13,26,18482,15626,408,2448,KALIMANTAN TENGAH
2021-06-07,65,0,12,53,18547,15638,408,2501,KALIMANTAN TENGAH
2021-06-08,105,0,51,54,18652,15689,408,2555,KALIMANTAN TENGAH
2021-06-09,56,2,89,-35,18708,15778,410,2520,KALIMANTAN TENGAH
2021-06-10,89,0,45,44,18797,15823,410,2564,KALIMANTAN TENGAH
2021-06-11,52,1,18,33,18849,15841,411,2597,KALIMANTAN TENGAH
2021-06-12,100,1,20,79,18949,15861,412,2676,KALIMANTAN TENGAH
2021-06-13,81,0,0,81,19030,15861,412,2757,KALIMANTAN TENGAH
2021-06-14,37,1,132,-96,19067,15993,413,2661,KALIMANTAN TENGAH
2021-06-15,75,0,44,31,19142,16037,413,2692,KALIMANTAN TENGAH
2021-06-16,72,1,12,59,19214,16049,414,2751,KALIMANTAN TENGAH
2021-06-17,56,0,7,49,19270,16056,414,2800,KALIMANTAN TENGAH
2021-06-18,95,0,68,27,19365,16124,414,2827,KALIMANTAN TENGAH
2021-06-19,68,1,20,47,19433,16144,415,2874,KALIMANTAN TENGAH
2021-06-20,61,2,11,48,19494,16155,417,2922,KALIMANTAN TENGAH
2021-06-21,57,0,76,-19,19551,16231,417,2903,KALIMANTAN TENGAH
2021-06-22,108,1,13,94,19659,16244,418,2997,KALIMANTAN TENGAH
2021-06-23,72,0,6,66,19731,16250,418,3063,KALIMANTAN TENGAH
2021-06-24,133,0,5,128,19864,16255,418,3191,KALIMANTAN TENGAH
2021-06-25,94,8,33,53,19958,16288,426,3244,KALIMANTAN TENGAH
2021-06-26,134,0,12,122,20092,16300,426,3366,KALIMANTAN TENGAH
2021-06-27,134,1,19,114,20226,16319,427,3480,KALIMANTAN TENGAH
2021-06-28,92,1,67,24,20318,16386,428,3504,KALIMANTAN TENGAH
2021-06-29,123,0,8,115,20441,16394,428,3619,KALIMANTAN TENGAH
2021-06-30,152,1,13,138,20593,16407,429,3757,KALIMANTAN TENGAH
2021-07-01,206,1,49,156,20799,16456,430,3913,KALIMANTAN TENGAH
2021-07-02,169,0,28,141,20968,16484,430,4054,KALIMANTAN TENGAH
2021-07-03,211,2,43,166,21179,16527,432,4220,KALIMANTAN TENGAH
2021-07-04,209,0,78,131,21388,16605,432,4351,KALIMANTAN TENGAH
2021-07-05,109,1,36,72,21497,16641,433,4423,KALIMANTAN TENGAH
2021-07-06,154,1,12,141,21651,16653,434,4564,KALIMANTAN TENGAH
2021-07-07,228,1,31,196,21879,16684,435,4760,KALIMANTAN TENGAH
2021-07-08,207,3,19,185,22086,16703,438,4945,KALIMANTAN TENGAH
2021-07-09,183,0,119,64,22269,16822,438,5009,KALIMANTAN TENGAH
2021-07-10,185,3,62,120,22454,16884,441,5129,KALIMANTAN TENGAH
2021-07-11,206,3,37,166,22660,16921,444,5295,KALIMANTAN TENGAH
2021-07-12,230,1,72,157,22890,16993,445,5452,KALIMANTAN TENGAH
2021-07-13,193,6,81,106,23083,17074,451,5558,KALIMANTAN TENGAH
2021-07-14,219,1,185,33,23302,17259,452,5591,KALIMANTAN TENGAH
2021-07-15,208,0,11,197,23510,17270,452,5788,KALIMANTAN TENGAH
2021-07-16,208,1,60,147,23718,17330,453,5935,KALIMANTAN TENGAH
2021-07-17,298,1,4,293,24016,17334,454,6228,KALIMANTAN TENGAH
2021-07-18,253,8,121,124,24269,17455,462,6352,KALIMANTAN TENGAH
2021-07-19,97,6,104,-13,24366,17559,468,6339,KALIMANTAN TENGAH
2021-07-20,259,1,367,-109,24625,17926,469,6230,KALIMANTAN TENGAH
2021-07-21,190,8,182,0,24815,18108,477,6230,KALIMANTAN TENGAH
2021-07-22,277,7,285,-15,25092,18393,484,6215,KALIMANTAN TENGAH
2021-07-23,278,10,412,-144,25370,18805,494,6071,KALIMANTAN TENGAH
2021-07-24,325,20,360,-55,25695,19165,514,6016,KALIMANTAN TENGAH
2021-07-25,355,2,227,126,26050,19392,516,6142,KALIMANTAN TENGAH
2021-07-26,324,2,496,-174,26374,19888,518,5968,KALIMANTAN TENGAH
2021-07-27,208,11,270,-73,26582,20158,529,5895,KALIMANTAN TENGAH
2021-07-28,323,34,357,-68,26905,20515,563,5827,KALIMANTAN TENGAH
2021-07-29,308,36,333,-61,27213,20848,599,5766,KALIMANTAN TENGAH
2021-07-30,202,77,361,-236,27415,21209,676,5530,KALIMANTAN TENGAH
2021-07-31,368,35,1772,-1439,27783,22981,711,4091,KALIMANTAN TENGAH
2021-08-01,250,7,201,42,28033,23182,718,4133,KALIMANTAN TENGAH
2021-08-02,217,3,245,-31,28250,23427,721,4102,KALIMANTAN TENGAH
2021-08-03,243,17,246,-20,28493,23673,738,4082,KALIMANTAN TENGAH
2021-08-04,203,9,298,-104,28696,23971,747,3978,KALIMANTAN TENGAH
2021-08-05,286,5,136,145,28982,24107,752,4123,KALIMANTAN TENGAH
2021-08-06,222,3,119,100,29204,24226,755,4223,KALIMANTAN TENGAH
2021-08-07,273,7,145,121,29477,24371,762,4344,KALIMANTAN TENGAH
2021-08-08,243,51,360,-168,29720,24731,813,4176,KALIMANTAN TENGAH
2021-08-09,273,14,377,-118,29993,25108,827,4058,KALIMANTAN TENGAH
2021-08-10,280,56,560,-336,30273,25668,883,3722,KALIMANTAN TENGAH
2021-08-11,254,12,179,63,30527,25847,895,3785,KALIMANTAN TENGAH
2021-08-12,256,12,223,21,30783,26070,907,3806,KALIMANTAN TENGAH
2021-08-13,373,16,187,170,31156,26257,923,3976,KALIMANTAN TENGAH
2021-08-14,323,9,214,100,31479,26471,932,4076,KALIMANTAN TENGAH
2021-08-15,374,12,294,68,31853,26765,944,4144,KALIMANTAN TENGAH
2021-08-16,384,8,263,113,32237,27028,952,4257,KALIMANTAN TENGAH
2021-08-17,283,7,244,32,32520,27272,959,4289,KALIMANTAN TENGAH
2021-08-18,185,7,131,47,32705,27403,966,4336,KALIMANTAN TENGAH
2021-08-19,251,4,159,88,32956,27562,970,4424,KALIMANTAN TENGAH
2021-08-20,191,4,218,-31,33147,27780,974,4393,KALIMANTAN TENGAH
2021-08-21,149,4,281,-136,33296,28061,978,4257,KALIMANTAN TENGAH
2021-08-22,224,5,194,25,33520,28255,983,4282,KALIMANTAN TENGAH
2021-08-23,148,10,417,-279,33668,28672,993,4003,KALIMANTAN TENGAH
2021-08-24,184,6,150,28,33852,28822,999,4031,KALIMANTAN TENGAH
2021-08-25,151,2,268,-119,34003,29090,1001,3912,KALIMANTAN TENGAH
2021-08-26,133,5,312,-184,34136,29402,1006,3728,KALIMANTAN TENGAH
2021-08-27,146,7,164,-25,34282,29566,1013,3703,KALIMANTAN TENGAH
2021-08-28,105,10,307,-212,34387,29873,1023,3491,KALIMANTAN TENGAH
2021-08-29,133,3,200,-70,34520,30073,1026,3421,KALIMANTAN TENGAH
2021-08-30,72,3,116,-47,34592,30189,1029,3374,KALIMANTAN TENGAH
2021-08-31,121,3,161,-43,34713,30350,1032,3331,KALIMANTAN TENGAH
2021-09-01,94,2,103,-11,34807,30453,1034,3320,KALIMANTAN TENGAH
2021-09-02,86,11,137,-62,34893,30590,1045,3258,KALIMANTAN TENGAH
2021-09-03,73,1,79,-7,34966,30669,1046,3251,KALIMANTAN TENGAH
2021-09-04,70,1,171,-102,35036,30840,1047,3149,KALIMANTAN TENGAH
2021-09-05,75,2,91,-18,35111,30931,1049,3131,KALIMANTAN TENGAH
2021-09-06,49,4,144,-99,35160,31075,1053,3032,KALIMANTAN TENGAH
2021-09-07,86,5,171,-90,35246,31246,1058,2942,KALIMANTAN TENGAH
2021-09-08,40,1,101,-62,35286,31347,1059,2880,KALIMANTAN TENGAH
2021-09-09,94,3,262,-171,35380,31609,1062,2709,KALIMANTAN TENGAH
2021-09-10,58,0,97,-39,35438,31706,1062,2670,KALIMANTAN TENGAH
2021-09-11,57,1,92,-36,35495,31798,1063,2634,KALIMANTAN TENGAH
2021-09-12,32,2,82,-52,35527,31880,1065,2582,KALIMANTAN TENGAH
2021-09-13,32,1,110,-79,35559,31990,1066,2503,KALIMANTAN TENGAH
2021-09-14,64,3,96,-35,35623,32086,1069,2468,KALIMANTAN TENGAH
2021-09-15,45,3,50,-8,35668,32136,1072,2460,KALIMANTAN TENGAH
2021-09-16,29,1,112,-84,35697,32248,1073,2376,KALIMANTAN TENGAH
2021-09-17,49,5,588,-544,35746,32836,1078,1832,KALIMANTAN TENGAH
2021-09-18,34,7,168,-141,35780,33004,1085,1691,KALIMANTAN TENGAH
2021-09-19,34,2,154,-122,35814,33158,1087,1569,KALIMANTAN TENGAH
2021-09-20,31,2,191,-162,35845,33349,1089,1407,KALIMANTAN TENGAH
2021-09-21,29,1,76,-48,35874,33425,1090,1359,KALIMANTAN TENGAH
2021-09-22,45,0,72,-27,35919,33497,1090,1332,KALIMANTAN TENGAH
2021-09-23,32,0,52,-20,35951,33549,1090,1312,KALIMANTAN TENGAH
2021-09-24,36,4,53,-21,35987,33602,1094,1291,KALIMANTAN TENGAH
2021-09-25,30,4,37,-11,36017,33639,1098,1280,KALIMANTAN TENGAH
2021-09-26,25,1,48,-24,36042,33687,1099,1256,KALIMANTAN TENGAH
2021-09-27,32,1,48,-17,36074,33735,1100,1239,KALIMANTAN TENGAH
2021-09-28,20,2,40,-22,36094,33775,1102,1217,KALIMANTAN TENGAH
2021-09-29,29,1,38,-10,36123,33813,1103,1207,KALIMANTAN TENGAH
2021-09-30,31,0,39,-8,36154,33852,1103,1199,KALIMANTAN TENGAH
2021-10-01,13,2,37,-26,36167,33889,1105,1173,KALIMANTAN TENGAH
2021-10-02,18,2,35,-19,36185,33924,1107,1154,KALIMANTAN TENGAH
2021-10-03,17,1,20,-4,36202,33944,1108,1150,KALIMANTAN TENGAH
2021-10-04,14,0,32,-18,36216,33976,1108,1132,KALIMANTAN TENGAH
2021-10-05,11,4,67,-60,36227,34043,1112,1072,KALIMANTAN TENGAH
2021-10-06,16,0,38,-22,36243,34081,1112,1050,KALIMANTAN TENGAH
2021-10-07,13,3,36,-26,36256,34117,1115,1024,KALIMANTAN TENGAH
2021-10-08,11,1,38,-28,36267,34155,1116,996,KALIMANTAN TENGAH
2021-10-09,9,1,22,-14,36276,34177,1117,982,KALIMANTAN TENGAH
2021-10-10,13,0,175,-162,36289,34352,1117,820,KALIMANTAN TENGAH
2021-10-11,6,0,363,-357,36295,34715,1117,463,KALIMANTAN TENGAH
2021-10-12,10,1,64,-55,36305,34779,1118,408,KALIMANTAN TENGAH
2021-10-13,5,1,110,-106,36310,34889,1119,302,KALIMANTAN TENGAH
2021-10-14,3,0,82,-79,36313,34971,1119,223,KALIMANTAN TENGAH
2021-10-15,8,3,69,-64,36321,35040,1122,159,KALIMANTAN TENGAH
2021-10-16,10,1,19,-10,36331,35059,1123,149,KALIMANTAN TENGAH
2021-10-17,26,0,22,4,36357,35081,1123,153,KALIMANTAN TENGAH
2021-10-18,12,0,20,-8,36369,35101,1123,145,KALIMANTAN TENGAH
2021-10-19,12,0,14,-2,36381,35115,1123,143,KALIMANTAN TENGAH
2021-10-20,13,1,14,-2,36394,35129,1124,141,KALIMANTAN TENGAH
2021-10-21,13,0,15,-2,36407,35144,1124,139,KALIMANTAN TENGAH
2021-10-22,6,0,5,1,36413,35149,1124,140,KALIMANTAN TENGAH
2021-10-23,12,1,4,7,36425,35153,1125,147,KALIMANTAN TENGAH
2021-10-24,9,1,8,0,36434,35161,1126,147,KALIMANTAN TENGAH
2021-10-25,2,0,15,-13,36436,35176,1126,134,KALIMANTAN TENGAH
2021-10-26,3,0,19,-16,36439,35195,1126,118,KALIMANTAN TENGAH
2021-10-27,2,2,10,-10,36441,35205,1128,108,KALIMANTAN TENGAH
2021-10-28,6,0,9,-3,36447,35214,1128,105,KALIMANTAN TENGAH
2021-10-29,4,0,9,-5,36451,35223,1128,100,KALIMANTAN TENGAH
2021-10-30,5,0,12,-7,36456,35235,1128,93,KALIMANTAN TENGAH
2021-10-31,2,1,4,-3,36458,35239,1129,90,KALIMANTAN TENGAH
2021-11-01,3,0,11,-8,36461,35250,1129,82,KALIMANTAN TENGAH
2021-11-02,3,0,7,-4,36464,35257,1129,78,KALIMANTAN TENGAH
2021-11-03,3,2,2,-1,36467,35259,1131,77,KALIMANTAN TENGAH
2021-11-04,3,0,3,0,36470,35262,1131,77,KALIMANTAN TENGAH
2021-11-05,1,0,0,1,36471,35262,1131,78,KALIMANTAN TENGAH
2021-11-06,1,0,4,-3,36472,35266,1131,75,KALIMANTAN TENGAH
2021-11-07,3,0,7,-4,36475,35273,1131,71,KALIMANTAN TENGAH
2021-11-08,0,0,5,-5,36475,35278,1131,66,KALIMANTAN TENGAH
2021-11-09,1,0,3,-2,36476,35281,1131,64,KALIMANTAN TENGAH
2021-11-10,2,0,1,1,36478,35282,1131,65,KALIMANTAN TENGAH
2021-11-11,1,0,3,-2,36479,35285,1131,63,KALIMANTAN TENGAH
2021-11-12,5,0,4,1,36484,35289,1131,64,KALIMANTAN TENGAH
2021-11-13,2,0,1,1,36486,35290,1131,65,KALIMANTAN TENGAH
2021-11-14,3,0,1,2,36489,35291,1131,67,KALIMANTAN TENGAH
2021-11-15,4,0,5,-1,36493,35296,1131,66,KALIMANTAN TENGAH
2021-11-16,5,0,5,0,36498,35301,1131,66,KALIMANTAN TENGAH
2021-11-17,1,0,1,0,36499,35302,1131,66,KALIMANTAN TENGAH
2021-11-18,3,0,1,2,36502,35303,1131,68,KALIMANTAN TENGAH
2021-11-19,2,0,1,1,36504,35304,1131,69,KALIMANTAN TENGAH
2021-11-20,3,0,2,1,36507,35306,1131,70,KALIMANTAN TENGAH
2021-11-21,1,1,3,-3,36508,35309,1132,67,KALIMANTAN TENGAH
2021-11-22,1,0,1,0,36509,35310,1132,67,KALIMANTAN TENGAH
2021-11-23,4,0,1,3,36513,35311,1132,70,KALIMANTAN TENGAH
2021-11-24,2,0,4,-2,36515,35315,1132,68,KALIMANTAN TENGAH
2021-11-25,4,1,1,2,36519,35316,1133,70,KALIMANTAN TENGAH
2021-11-26,0,0,2,-2,36519,35318,1133,68,KALIMANTAN TENGAH
2021-11-27,0,0,0,0,36519,35318,1133,68,KALIMANTAN TENGAH
2021-11-28,2,0,1,1,36521,35319,1133,69,KALIMANTAN TENGAH
2021-11-29,1,0,0,1,36522,35319,1133,70,KALIMANTAN TENGAH
2021-11-30,1,0,3,-2,36523,35322,1133,68,KALIMANTAN TENGAH
2021-12-01,1,0,1,0,36524,35323,1133,68,KALIMANTAN TENGAH
2021-12-02,4,0,3,1,36528,35326,1133,69,KALIMANTAN TENGAH
2021-12-03,0,0,2,-2,36528,35328,1133,67,KALIMANTAN TENGAH
2021-12-04,2,0,2,0,36530,35330,1133,67,KALIMANTAN TENGAH
2021-12-05,1,0,0,1,36531,35330,1133,68,KALIMANTAN TENGAH
2021-12-06,4,0,2,2,36535,35332,1133,70,KALIMANTAN TENGAH
2021-12-07,1,0,4,-3,36536,35336,1133,67,KALIMANTAN TENGAH
2021-12-08,0,0,1,-1,36536,35337,1133,66,KALIMANTAN TENGAH
2021-12-09,1,0,1,0,36537,35338,1133,66,KALIMANTAN TENGAH
2021-12-10,4,0,3,1,36541,35341,1133,67,KALIMANTAN TENGAH
2021-12-11,1,0,0,1,36542,35341,1133,68,KALIMANTAN TENGAH
2021-12-12,0,0,1,-1,36542,35342,1133,67,KALIMANTAN TENGAH
2021-12-13,1,0,0,1,36543,35342,1133,68,KALIMANTAN TENGAH
2021-12-14,2,1,0,1,36545,35342,1134,69,KALIMANTAN TENGAH
2021-12-15,1,1,4,-4,36546,35346,1135,65,KALIMANTAN TENGAH
2021-12-16,0,0,1,-1,36546,35347,1135,64,KALIMANTAN TENGAH
2021-12-17,1,0,0,1,36547,35347,1135,65,KALIMANTAN TENGAH
2021-12-18,1,0,15,-14,36548,35362,1135,51,KALIMANTAN TENGAH
2021-12-19,0,0,0,0,36548,35362,1135,51,KALIMANTAN TENGAH
2021-12-20,0,0,0,0,36548,35362,1135,51,KALIMANTAN TENGAH
2021-12-21,1,0,2,-1,36549,35364,1135,50,KALIMANTAN TENGAH
2021-12-22,1,0,0,1,36550,35364,1135,51,KALIMANTAN TENGAH
2021-12-23,0,0,2,-2,36550,35366,1135,49,KALIMANTAN TENGAH
2021-12-24,0,0,0,0,36550,35366,1135,49,KALIMANTAN TENGAH
2021-12-25,0,0,0,0,36550,35366,1135,49,KALIMANTAN TENGAH
2021-12-26,0,0,0,0,36550,35366,1135,49,KALIMANTAN TENGAH
2021-12-27,2,0,1,1,36552,35367,1135,50,KALIMANTAN TENGAH
2021-12-28,3,0,0,3,36555,35367,1135,53,KALIMANTAN TENGAH
2021-12-29,0,0,0,0,36555,35367,1135,53,KALIMANTAN TENGAH
2021-12-30,1,0,1,0,36556,35368,1135,53,KALIMANTAN TENGAH
2021-12-31,1,0,2,-1,36557,35370,1135,52,KALIMANTAN TENGAH
2022-01-01,1,0,0,1,36558,35370,1135,53,KALIMANTAN TENGAH
2022-01-02,0,0,1,-1,36558,35371,1135,52,KALIMANTAN TENGAH
2022-01-03,0,0,1,-1,36558,35372,1135,51,KALIMANTAN TENGAH
2022-01-04,4,0,1,3,36562,35373,1135,54,KALIMANTAN TENGAH
2022-01-05,3,0,3,0,36565,35376,1135,54,KALIMANTAN TENGAH
2022-01-06,1,0,1,0,36566,35377,1135,54,KALIMANTAN TENGAH
2022-01-07,1,1,1,-1,36567,35378,1136,53,KALIMANTAN TENGAH
2022-01-08,0,0,1,-1,36567,35379,1136,52,KALIMANTAN TENGAH
2022-01-09,2,0,0,2,36569,35379,1136,54,KALIMANTAN TENGAH
2022-01-10,1,1,1,-1,36570,35380,1137,53,KALIMANTAN TENGAH
2022-01-11,0,0,1,-1,36570,35381,1137,52,KALIMANTAN TENGAH
2022-01-12,0,0,1,-1,36570,35382,1137,51,KALIMANTAN TENGAH
2022-01-13,0,0,0,0,36570,35382,1137,51,KALIMANTAN TENGAH
2022-01-14,2,0,3,-1,36572,35385,1137,50,KALIMANTAN TENGAH
2022-01-15,1,0,1,0,36573,35386,1137,50,KALIMANTAN TENGAH
2022-01-16,0,0,1,-1,36573,35387,1137,49,KALIMANTAN TENGAH
2022-01-17,1,0,1,0,36574,35388,1137,49,KALIMANTAN TENGAH
2022-01-18,0,0,3,-3,36574,35391,1137,46,KALIMANTAN TENGAH
2022-01-19,0,0,0,0,36574,35391,1137,46,KALIMANTAN TENGAH
2022-01-20,0,0,0,0,36574,35391,1137,46,KALIMANTAN TENGAH
2022-01-21,4,0,0,4,36578,35391,1137,50,KALIMANTAN TENGAH
2022-01-22,1,0,0,1,36579,35391,1137,51,KALIMANTAN TENGAH
2022-01-23,3,1,1,1,36582,35392,1138,52,KALIMANTAN TENGAH
2022-01-24,1,0,2,-1,36583,35394,1138,51,KALIMANTAN TENGAH
2022-01-25,1,0,0,1,36584,35394,1138,52,KALIMANTAN TENGAH
2022-01-26,3,0,3,0,36587,35397,1138,52,KALIMANTAN TENGAH
2022-01-27,2,0,0,2,36589,35397,1138,54,KALIMANTAN TENGAH
2022-01-28,4,0,2,2,36593,35399,1138,56,KALIMANTAN TENGAH
2022-01-29,6,0,0,6,36599,35399,1138,62,KALIMANTAN TENGAH
2022-01-30,10,0,0,10,36609,35399,1138,72,KALIMANTAN TENGAH
2022-01-31,5,0,4,1,36614,35403,1138,73,KALIMANTAN TENGAH
2022-02-01,21,0,1,20,36635,35404,1138,93,KALIMANTAN TENGAH
2022-02-02,11,0,0,11,36646,35404,1138,104,KALIMANTAN TENGAH
2022-02-03,19,0,1,18,36665,35405,1138,122,KALIMANTAN TENGAH
2022-02-04,22,0,4,18,36687,35409,1138,140,KALIMANTAN TENGAH
2022-02-05,34,0,0,34,36721,35409,1138,174,KALIMANTAN TENGAH
2022-02-06,45,1,4,40,36766,35413,1139,214,KALIMANTAN TENGAH
2022-02-07,32,0,8,24,36798,35421,1139,238,KALIMANTAN TENGAH
2022-02-08,80,1,3,76,36878,35424,1140,314,KALIMANTAN TENGAH
2022-02-09,95,0,11,84,36973,35435,1140,398,KALIMANTAN TENGAH
2022-02-10,124,1,4,119,37097,35439,1141,517,KALIMANTAN TENGAH
2022-02-11,134,0,3,131,37231,35442,1141,648,KALIMANTAN TENGAH
2022-02-12,187,0,17,170,37418,35459,1141,818,KALIMANTAN TENGAH
2022-02-13,212,0,14,198,37630,35473,1141,1016,KALIMANTAN TENGAH
2022-02-14,122,0,46,76,37752,35519,1141,1092,KALIMANTAN TENGAH
2022-02-15,252,0,45,207,38004,35564,1141,1299,KALIMANTAN TENGAH
2022-02-16,294,0,58,236,38298,35622,1141,1535,KALIMANTAN TENGAH
2022-02-17,365,0,84,281,38663,35706,1141,1816,KALIMANTAN TENGAH
2022-02-18,274,2,55,217,38937,35761,1143,2033,KALIMANTAN TENGAH
2022-02-19,452,0,96,356,39389,35857,1143,2389,KALIMANTAN TENGAH
2022-02-20,379,0,76,303,39768,35933,1143,2692,KALIMANTAN TENGAH
2022-02-21,164,0,125,39,39932,36058,1143,2731,KALIMANTAN TENGAH
2022-02-22,354,2,159,193,40286,36217,1145,2924,KALIMANTAN TENGAH
2022-02-23,346,0,144,202,40632,36361,1145,3126,KALIMANTAN TENGAH
2022-02-24,292,0,186,106,40924,36547,1145,3232,KALIMANTAN TENGAH
2022-02-25,310,4,208,98,41234,36755,1149,3330,KALIMANTAN TENGAH
2022-02-26,252,0,199,53,41486,36954,1149,3383,KALIMANTAN TENGAH
2022-02-27,255,4,256,-5,41741,37210,1153,3378,KALIMANTAN TENGAH
2022-02-28,127,1,205,-79,41868,37415,1154,3299,KALIMANTAN TENGAH
2022-03-01,136,2,221,-87,42004,37636,1156,3212,KALIMANTAN TENGAH
2022-03-02,261,2,221,38,42265,37857,1158,3250,KALIMANTAN TENGAH
2022-03-03,182,0,172,10,42447,38029,1158,3260,KALIMANTAN TENGAH
2022-03-04,144,2,157,-15,42591,38186,1160,3245,KALIMANTAN TENGAH
2022-03-05,202,1,221,-20,42793,38407,1161,3225,KALIMANTAN TENGAH
2022-03-06,112,2,177,-67,42905,38584,1163,3158,KALIMANTAN TENGAH
2022-03-07,115,0,328,-213,43020,38912,1163,2945,KALIMANTAN TENGAH
2022-03-08,120,2,335,-217,43140,39247,1165,2728,KALIMANTAN TENGAH
2022-03-09,150,1,265,-116,43290,39512,1166,2612,KALIMANTAN TENGAH
2022-03-10,117,0,242,-125,43407,39754,1166,2487,KALIMANTAN TENGAH
2022-03-11,63,2,332,-271,43470,40086,1168,2216,KALIMANTAN TENGAH
2022-03-12,74,6,175,-107,43544,40261,1174,2109,KALIMANTAN TENGAH
2022-03-13,72,1,160,-89,43616,40421,1175,2020,KALIMANTAN TENGAH
2022-03-14,51,0,265,-214,43667,40686,1175,1806,KALIMANTAN TENGAH
2022-03-15,76,0,144,-68,43743,40830,1175,1738,KALIMANTAN TENGAH
2022-03-16,93,4,313,-224,43836,41143,1179,1514,KALIMANTAN TENGAH
2022-03-17,55,1,171,-117,43891,41314,1180,1397,KALIMANTAN TENGAH
2022-03-18,67,4,159,-96,43958,41473,1184,1301,KALIMANTAN TENGAH
2022-03-19,46,1,118,-73,44004,41591,1185,1228,KALIMANTAN TENGAH
2022-03-20,27,0,117,-90,44031,41708,1185,1138,KALIMANTAN TENGAH
2022-03-21,19,2,125,-108,44050,41833,1187,1030,KALIMANTAN TENGAH
2022-03-22,48,2,116,-70,44098,41949,1189,960,KALIMANTAN TENGAH
2022-03-23,73,1,81,-9,44171,42030,1190,951,KALIMANTAN TENGAH
2022-03-24,63,1,144,-82,44234,42174,1191,869,KALIMANTAN TENGAH
2022-03-25,44,1,94,-51,44278,42268,1192,818,KALIMANTAN TENGAH
2022-03-26,32,2,63,-33,44310,42331,1194,785,KALIMANTAN TENGAH
2022-03-27,33,1,90,-58,44343,42421,1195,727,KALIMANTAN TENGAH
2022-03-28,31,0,98,-67,44374,42519,1195,660,KALIMANTAN TENGAH
2022-03-29,29,1,87,-59,44403,42606,1196,601,KALIMANTAN TENGAH
2022-03-30,34,1,74,-41,44437,42680,1197,560,KALIMANTAN TENGAH
2022-03-31,35,0,83,-48,44472,42763,1197,512,KALIMANTAN TENGAH
2022-04-01,32,1,98,-67,44504,42861,1198,445,KALIMANTAN TENGAH
2022-04-02,28,1,67,-40,44532,42928,1199,405,KALIMANTAN TENGAH
2022-04-03,10,0,57,-47,44542,42985,1199,358,KALIMANTAN TENGAH
2022-04-04,23,0,54,-31,44565,43039,1199,327,KALIMANTAN TENGAH
2022-04-05,24,2,93,-71,44589,43132,1201,256,KALIMANTAN TENGAH
2022-04-06,29,0,43,-14,44618,43175,1201,242,KALIMANTAN TENGAH
2022-04-07,24,0,43,-19,44642,43218,1201,223,KALIMANTAN TENGAH
2022-04-08,32,0,39,-7,44674,43257,1201,216,KALIMANTAN TENGAH
2022-04-09,27,0,27,0,44701,43284,1201,216,KALIMANTAN TENGAH
2022-04-10,8,1,17,-10,44709,43301,1202,206,KALIMANTAN TENGAH
2022-04-11,15,1,21,-7,44724,43322,1203,199,KALIMANTAN TENGAH
2022-04-12,16,3,20,-7,44740,43342,1206,192,KALIMANTAN TENGAH
2022-04-13,7,0,23,-16,44747,43365,1206,176,KALIMANTAN TENGAH
2022-04-14,6,2,20,-16,44753,43385,1208,160,KALIMANTAN TENGAH
2022-04-15,8,0,16,-8,44761,43401,1208,152,KALIMANTAN TENGAH
2022-04-16,9,1,15,-7,44770,43416,1209,145,KALIMANTAN TENGAH
2022-04-17,1,0,7,-6,44771,43423,1209,139,KALIMANTAN TENGAH
2022-04-18,6,0,13,-7,44777,43436,1209,132,KALIMANTAN TENGAH
2022-04-19,4,0,22,-18,44781,43458,1209,114,KALIMANTAN TENGAH
2022-04-20,5,0,9,-4,44786,43467,1209,110,KALIMANTAN TENGAH
2022-04-21,6,0,14,-8,44792,43481,1209,102,KALIMANTAN TENGAH
2022-04-22,5,0,8,-3,44797,43489,1209,99,KALIMANTAN TENGAH
2022-04-23,5,0,5,0,44802,43494,1209,99,KALIMANTAN TENGAH
2022-04-24,4,0,20,-16,44806,43514,1209,83,KALIMANTAN TENGAH
2022-04-25,2,0,7,-5,44808,43521,1209,78,KALIMANTAN TENGAH
2022-04-26,6,3,1,2,44814,43522,1212,80,KALIMANTAN TENGAH
2022-04-27,3,0,1,2,44817,43523,1212,82,KALIMANTAN TENGAH
2022-04-28,3,0,6,-3,44820,43529,1212,79,KALIMANTAN TENGAH
2022-04-29,2,2,8,-8,44822,43537,1214,71,KALIMANTAN TENGAH
2022-04-30,4,0,7,-3,44826,43544,1214,68,KALIMANTAN TENGAH
2022-05-01,2,0,2,0,44828,43546,1214,68,KALIMANTAN TENGAH
2022-05-02,3,0,0,3,44831,43546,1214,71,KALIMANTAN TENGAH
2022-05-03,0,0,11,-11,44831,43557,1214,60,KALIMANTAN TENGAH
2022-05-04,2,1,1,0,44833,43558,1215,60,KALIMANTAN TENGAH
2022-05-05,3,0,2,1,44836,43560,1215,61,KALIMANTAN TENGAH
2022-05-06,3,0,3,0,44839,43563,1215,61,KALIMANTAN TENGAH
2022-05-07,6,0,3,3,44845,43566,1215,64,KALIMANTAN TENGAH
2022-05-08,1,0,0,1,44846,43566,1215,65,KALIMANTAN TENGAH
2022-05-09,4,0,10,-6,44850,43576,1215,59,KALIMANTAN TENGAH
2022-05-10,1,2,6,-7,44851,43582,1217,52,KALIMANTAN TENGAH
2022-05-11,5,2,2,1,44856,43584,1219,53,KALIMANTAN TENGAH
2022-05-12,1,0,1,0,44857,43585,1219,53,KALIMANTAN TENGAH
2022-05-13,8,0,0,8,44865,43585,1219,61,KALIMANTAN TENGAH
2022-05-14,2,0,2,0,44867,43587,1219,61,KALIMANTAN TENGAH
2022-05-15,3,0,6,-3,44870,43593,1219,58,KALIMANTAN TENGAH
2022-05-16,1,0,1,0,44871,43594,1219,58,KALIMANTAN TENGAH
2022-05-17,2,1,7,-6,44873,43601,1220,52,KALIMANTAN TENGAH
2022-05-18,2,0,4,-2,44875,43605,1220,50,KALIMANTAN TENGAH
2022-05-19,1,0,3,-2,44876,43608,1220,48,KALIMANTAN TENGAH
2022-05-20,4,0,3,1,44880,43611,1220,49,KALIMANTAN TENGAH
2022-05-21,1,0,5,-4,44881,43616,1220,45,KALIMANTAN TENGAH
2022-05-22,0,0,0,0,44881,43616,1220,45,KALIMANTAN TENGAH
2022-05-23,0,0,6,-6,44881,43622,1220,39,KALIMANTAN TENGAH
2022-05-24,0,1,2,-3,44881,43624,1221,36,KALIMANTAN TENGAH
2022-05-25,2,0,1,1,44883,43625,1221,37,KALIMANTAN TENGAH
2022-05-26,0,0,1,-1,44883,43626,1221,36,KALIMANTAN TENGAH
2022-05-27,2,0,0,2,44885,43626,1221,38,KALIMANTAN TENGAH
2022-05-28,3,0,0,3,44888,43626,1221,41,KALIMANTAN TENGAH
2022-05-29,1,0,0,1,44889,43626,1221,42,KALIMANTAN TENGAH
2022-05-30,2,0,6,-4,44891,43632,1221,38,KALIMANTAN TENGAH
2022-05-31,0,0,1,-1,44891,43633,1221,37,KALIMANTAN TENGAH
2022-06-01,2,0,0,2,44893,43633,1221,39,KALIMANTAN TENGAH
2022-06-02,0,0,0,0,44893,43633,1221,39,KALIMANTAN TENGAH
2022-06-03,2,0,2,0,44895,43635,1221,39,KALIMANTAN TENGAH
2022-06-04,2,0,2,0,44897,43637,1221,39,KALIMANTAN TENGAH
2022-06-05,1,0,0,1,44898,43637,1221,40,KALIMANTAN TENGAH
2022-06-06,1,0,1,0,44899,43638,1221,40,KALIMANTAN TENGAH
2022-06-07,0,0,2,-2,44899,43640,1221,38,KALIMANTAN TENGAH
2022-06-08,3,0,0,3,44902,43640,1221,41,KALIMANTAN TENGAH
2022-06-09,3,0,1,2,44905,43641,1221,43,KALIMANTAN TENGAH
2022-06-10,3,0,1,2,44908,43642,1221,45,KALIMANTAN TENGAH
2022-06-11,1,0,0,1,44909,43642,1221,46,KALIMANTAN TENGAH
2022-06-12,3,0,0,3,44912,43642,1221,49,KALIMANTAN TENGAH
2022-06-13,0,0,2,-2,44912,43644,1221,47,KALIMANTAN TENGAH
2022-06-14,0,0,3,-3,44912,43647,1221,44,KALIMANTAN TENGAH
2022-06-15,0,0,0,0,44912,43647,1221,44,KALIMANTAN TENGAH
2022-06-16,2,0,2,0,44914,43649,1221,44,KALIMANTAN TENGAH
2022-06-17,3,0,0,3,44917,43649,1221,47,KALIMANTAN TENGAH
2022-06-18,0,1,0,-1,44917,43649,1222,46,KALIMANTAN TENGAH
2022-06-19,0,0,0,0,44917,43649,1222,46,KALIMANTAN TENGAH
2022-06-20,0,0,2,-2,44917,43651,1222,44,KALIMANTAN TENGAH
2022-06-21,2,0,2,0,44919,43653,1222,44,KALIMANTAN TENGAH
2022-06-22,2,0,0,2,44921,43653,1222,46,KALIMANTAN TENGAH
2022-06-23,7,0,7,0,44928,43660,1222,46,KALIMANTAN TENGAH
2022-06-24,1,0,0,1,44929,43660,1222,47,KALIMANTAN TENGAH
2022-06-25,2,0,0,2,44931,43660,1222,49,KALIMANTAN TENGAH
2022-06-26,1,0,0,1,44932,43660,1222,50,KALIMANTAN TENGAH
2022-06-27,1,0,1,0,44933,43661,1222,50,KALIMANTAN TENGAH
2022-06-28,3,0,6,-3,44936,43667,1222,47,KALIMANTAN TENGAH
2022-06-29,2,0,0,2,44938,43667,1222,49,KALIMANTAN TENGAH
2022-06-30,0,0,2,-2,44938,43669,1222,47,KALIMANTAN TENGAH
2022-07-01,7,0,2,5,44945,43671,1222,52,KALIMANTAN TENGAH
2022-07-02,4,0,0,4,44949,43671,1222,56,KALIMANTAN TENGAH
2022-07-03,2,0,1,1,44951,43672,1222,57,KALIMANTAN TENGAH
2022-07-04,3,0,9,-6,44954,43681,1222,51,KALIMANTAN TENGAH
2022-07-05,8,0,1,7,44962,43682,1222,58,KALIMANTAN TENGAH
2022-07-06,9,0,0,9,44971,43682,1222,67,KALIMANTAN TENGAH
2022-07-07,7,0,3,4,44978,43685,1222,71,KALIMANTAN TENGAH
2022-07-08,4,0,0,4,44982,43685,1222,75,KALIMANTAN TENGAH
2022-07-09,3,0,4,-1,44985,43689,1222,74,KALIMANTAN TENGAH
2022-07-10,6,0,1,5,44991,43690,1222,79,KALIMANTAN TENGAH
2022-07-11,1,0,4,-3,44992,43694,1222,76,KALIMANTAN TENGAH
2022-07-12,6,0,8,-2,44998,43702,1222,74,KALIMANTAN TENGAH
2022-07-13,9,0,0,9,45007,43702,1222,83,KALIMANTAN TENGAH
2022-07-14,9,0,9,0,45016,43711,1222,83,KALIMANTAN TENGAH
2022-07-15,5,0,6,-1,45021,43717,1222,82,KALIMANTAN TENGAH
2022-07-16,19,0,0,19,45040,43717,1222,101,KALIMANTAN TENGAH
2022-07-17,9,0,1,8,45049,43718,1222,109,KALIMANTAN TENGAH
2022-07-18,5,0,18,-13,45054,43736,1222,96,KALIMANTAN TENGAH
2022-07-19,23,0,3,20,45077,43739,1222,116,KALIMANTAN TENGAH
2022-07-20,20,0,4,16,45097,43743,1222,132,KALIMANTAN TENGAH
2022-07-21,30,0,0,30,45127,43743,1222,162,KALIMANTAN TENGAH
2022-07-22,25,0,13,12,45152,43756,1222,174,KALIMANTAN TENGAH
2022-07-23,33,0,0,33,45185,43756,1222,207,KALIMANTAN TENGAH
2022-07-24,17,0,6,11,45202,43762,1222,218,KALIMANTAN TENGAH
2022-07-25,15,0,20,-5,45217,43782,1222,213,KALIMANTAN TENGAH
2022-07-26,29,0,2,27,45246,43784,1222,240,KALIMANTAN TENGAH
2022-07-27,26,0,18,8,45272,43802,1222,248,KALIMANTAN TENGAH
2022-07-28,43,0,21,22,45315,43823,1222,270,KALIMANTAN TENGAH
2022-07-29,27,0,18,9,45342,43841,1222,279,KALIMANTAN TENGAH
2022-07-30,46,0,13,33,45388,43854,1222,312,KALIMANTAN TENGAH
2022-07-31,23,0,13,10,45411,43867,1222,322,KALIMANTAN TENGAH
2022-08-01,16,0,44,-28,45427,43911,1222,294,KALIMANTAN TENGAH
2022-08-02,64,0,26,38,45491,43937,1222,332,KALIMANTAN TENGAH
2022-08-03,48,0,19,29,45539,43956,1222,361,KALIMANTAN TENGAH
2022-08-04,64,2,37,25,45603,43993,1224,386,KALIMANTAN TENGAH
2022-08-05,47,0,18,29,45650,44011,1224,415,KALIMANTAN TENGAH
2022-08-06,29,0,28,1,45679,44039,1224,416,KALIMANTAN TENGAH
2022-08-07,57,0,7,50,45736,44046,1224,466,KALIMANTAN TENGAH
2022-08-08,29,0,55,-26,45765,44101,1224,440,KALIMANTAN TENGAH
2022-08-09,55,0,19,36,45820,44120,1224,476,KALIMANTAN TENGAH
2022-08-10,49,0,31,18,45869,44151,1224,494,KALIMANTAN TENGAH
2022-08-11,32,1,59,-28,45901,44210,1225,466,KALIMANTAN TENGAH
2022-08-12,48,0,72,-24,45949,44282,1225,442,KALIMANTAN TENGAH
2022-08-13,23,0,50,-27,45972,44332,1225,415,KALIMANTAN TENGAH
2022-08-14,43,1,31,11,46015,44363,1226,426,KALIMANTAN TENGAH
2022-08-15,36,0,29,7,46051,44392,1226,433,KALIMANTAN TENGAH
2022-08-16,31,0,49,-18,46082,44441,1226,415,KALIMANTAN TENGAH
2022-08-17,21,1,18,2,46103,44459,1227,417,KALIMANTAN TENGAH
2022-08-18,24,0,41,-17,46127,44500,1227,400,KALIMANTAN TENGAH
2022-08-19,27,0,45,-18,46154,44545,1227,382,KALIMANTAN TENGAH
2022-08-20,20,0,48,-28,46174,44593,1227,354,KALIMANTAN TENGAH
2022-08-21,42,1,25,16,46216,44618,1228,370,KALIMANTAN TENGAH
2022-08-22,29,0,38,-9,46245,44656,1228,361,KALIMANTAN TENGAH
2022-08-23,40,0,35,5,46285,44691,1228,366,KALIMANTAN TENGAH
2022-08-24,37,0,49,-12,46322,44740,1228,354,KALIMANTAN TENGAH
2022-08-25,29,1,24,4,46351,44764,1229,358,KALIMANTAN TENGAH
2022-08-26,27,0,19,8,46378,44783,1229,366,KALIMANTAN TENGAH
2022-08-27,15,1,34,-20,46393,44817,1230,346,KALIMANTAN TENGAH
2022-08-28,17,0,33,-16,46410,44850,1230,330,KALIMANTAN TENGAH
2022-08-29,19,1,24,-6,46429,44874,1231,324,KALIMANTAN TENGAH
2022-08-30,17,0,28,-11,46446,44902,1231,313,KALIMANTAN TENGAH
2022-08-31,18,3,48,-33,46464,44950,1234,280,KALIMANTAN TENGAH
2022-09-01,20,1,25,-6,46484,44975,1235,274,KALIMANTAN TENGAH
2022-09-02,26,0,41,-15,46510,45016,1235,259,KALIMANTAN TENGAH
2022-09-03,14,0,42,-28,46524,45058,1235,231,KALIMANTAN TENGAH
2022-09-04,18,0,12,6,46542,45070,1235,237,KALIMANTAN TENGAH
2022-09-05,4,1,25,-22,46546,45095,1236,215,KALIMANTAN TENGAH
2022-09-06,19,0,26,-7,46565,45121,1236,208,KALIMANTAN TENGAH
2022-09-07,17,1,14,2,46582,45135,1237,210,KALIMANTAN TENGAH
2022-09-08,16,1,13,2,46598,45148,1238,212,KALIMANTAN TENGAH
2022-09-09,12,0,30,-18,46610,45178,1238,194,KALIMANTAN TENGAH
2022-09-10,7,0,11,-4,46617,45189,1238,190,KALIMANTAN TENGAH
2022-09-11,11,0,12,-1,46628,45201,1238,189,KALIMANTAN TENGAH
2022-09-12,13,0,31,-18,46641,45232,1238,171,KALIMANTAN TENGAH
2022-09-13,7,0,28,-21,46648,45260,1238,150,KALIMANTAN TENGAH
2022-09-14,17,0,24,-7,46665,45284,1238,143,KALIMANTAN TENGAH
2022-09-15,12,0,25,-13,46677,45309,1238,130,KALIMANTAN TENGAH
2022-09-16,7,1,14,-8,46684,45323,1239,122,KALIMANTAN TENGAH
2022-09-17,0,0,4,-4,46684,45327,1239,118,KALIMANTAN TENGAH
2022-09-18,5,0,11,-6,46689,45338,1239,112,KALIMANTAN TENGAH
2022-09-19,4,0,16,-12,46693,45354,1239,100,KALIMANTAN TENGAH
2022-09-20,10,0,26,-16,46703,45380,1239,84,KALIMANTAN TENGAH
2022-09-21,1,0,9,-8,46704,45389,1239,76,KALIMANTAN TENGAH
2022-09-22,4,0,14,-10,46708,45403,1239,66,KALIMANTAN TENGAH
2022-09-23,11,0,0,11,46719,45403,1239,77,KALIMANTAN TENGAH
2022-09-24,1,0,12,-11,46720,45415,1239,66,KALIMANTAN TENGAH
2022-09-25,6,0,4,2,46726,45419,1239,68,KALIMANTAN TENGAH
2022-09-26,2,1,5,-4,46728,45424,1240,64,KALIMANTAN TENGAH
2022-09-27,1,0,3,-2,46729,45427,1240,62,KALIMANTAN TENGAH
2022-09-28,2,0,0,2,46731,45427,1240,64,KALIMANTAN TENGAH
2022-09-29,2,0,2,0,46733,45429,1240,64,KALIMANTAN TENGAH
2022-09-30,1,0,0,1,46734,45429,1240,65,KALIMANTAN TENGAH
2020-03-26,1,0,1,0,1,1,0,0,SULAWESI UTARA
2020-03-27,0,0,0,0,1,1,0,0,SULAWESI UTARA
2020-03-28,0,0,0,0,1,1,0,0,SULAWESI UTARA
2020-03-29,0,0,0,0,1,1,0,0,SULAWESI UTARA
2020-03-30,0,0,0,0,1,1,0,0,SULAWESI UTARA
2020-03-31,0,0,0,0,1,1,0,0,SULAWESI UTARA
2020-04-01,1,0,0,1,2,1,0,1,SULAWESI UTARA
2020-04-02,0,0,0,0,2,1,0,1,SULAWESI UTARA
2020-04-03,0,0,0,0,2,1,0,1,SULAWESI UTARA
2020-04-04,0,1,0,-1,2,1,1,0,SULAWESI UTARA
2020-04-05,0,0,0,0,2,1,1,0,SULAWESI UTARA
2020-04-06,2,0,0,2,4,1,1,2,SULAWESI UTARA
2020-04-07,2,1,0,1,6,1,2,3,SULAWESI UTARA
2020-04-08,0,0,0,0,6,1,2,3,SULAWESI UTARA
2020-04-09,0,0,0,0,6,1,2,3,SULAWESI UTARA
2020-04-10,5,1,0,4,11,1,3,7,SULAWESI UTARA
2020-04-11,0,0,1,-1,11,2,3,6,SULAWESI UTARA
2020-04-12,4,0,0,4,15,2,3,10,SULAWESI UTARA
2020-04-13,0,0,0,0,15,2,3,10,SULAWESI UTARA
2020-04-14,0,0,0,0,15,2,3,10,SULAWESI UTARA
2020-04-15,1,0,0,1,16,2,3,11,SULAWESI UTARA
2020-04-16,0,0,1,-1,16,3,3,10,SULAWESI UTARA
2020-04-17,0,0,0,0,16,3,3,10,SULAWESI UTARA
2020-04-18,2,0,0,2,18,3,3,12,SULAWESI UTARA
2020-04-19,0,0,0,0,18,3,3,12,SULAWESI UTARA
2020-04-20,0,0,0,0,18,3,3,12,SULAWESI UTARA
2020-04-21,0,0,0,0,18,3,3,12,SULAWESI UTARA
2020-04-22,0,0,0,0,18,3,3,12,SULAWESI UTARA
2020-04-23,11,0,2,9,29,5,3,21,SULAWESI UTARA
2020-04-24,4,0,0,4,33,5,3,25,SULAWESI UTARA
2020-04-25,0,0,0,0,33,5,3,25,SULAWESI UTARA
2020-04-26,4,0,6,-2,37,11,3,23,SULAWESI UTARA
2020-04-27,0,0,0,0,37,11,3,23,SULAWESI UTARA
2020-04-28,3,0,0,3,40,11,3,26,SULAWESI UTARA
2020-04-29,1,0,1,0,41,12,3,26,SULAWESI UTARA
2020-04-30,1,1,0,0,42,12,4,26,SULAWESI UTARA
2020-05-01,0,0,0,0,42,12,4,26,SULAWESI UTARA
2020-05-02,0,0,2,-2,42,14,4,24,SULAWESI UTARA
2020-05-03,0,0,0,0,42,14,4,24,SULAWESI UTARA
2020-05-04,0,0,0,0,42,14,4,24,SULAWESI UTARA
2020-05-05,0,0,0,0,42,14,4,24,SULAWESI UTARA
2020-05-06,0,0,0,0,42,14,4,24,SULAWESI UTARA
2020-05-07,0,0,0,0,42,14,4,24,SULAWESI UTARA
2020-05-08,2,0,0,2,44,14,4,26,SULAWESI UTARA
2020-05-09,6,1,0,5,50,14,5,31,SULAWESI UTARA
2020-05-10,16,1,0,15,66,14,6,46,SULAWESI UTARA
2020-05-11,0,0,0,0,66,14,6,46,SULAWESI UTARA
2020-05-12,3,0,9,-6,69,23,6,40,SULAWESI UTARA
2020-05-13,8,0,0,8,77,23,6,48,SULAWESI UTARA
2020-05-14,1,1,4,-4,78,27,7,44,SULAWESI UTARA
2020-05-15,18,1,0,17,96,27,8,61,SULAWESI UTARA
2020-05-16,6,0,1,5,102,28,8,66,SULAWESI UTARA
2020-05-17,0,4,0,-4,102,28,12,62,SULAWESI UTARA
2020-05-18,2,1,0,1,104,28,13,63,SULAWESI UTARA
2020-05-19,9,0,0,9,113,28,13,72,SULAWESI UTARA
2020-05-20,19,1,0,18,132,28,14,90,SULAWESI UTARA
2020-05-21,27,3,0,24,159,28,17,114,SULAWESI UTARA
2020-05-22,15,3,0,12,174,28,20,126,SULAWESI UTARA
2020-05-23,2,2,1,-1,176,29,22,125,SULAWESI UTARA
2020-05-24,24,1,2,21,200,31,23,146,SULAWESI UTARA
2020-05-25,7,1,0,6,207,31,24,152,SULAWESI UTARA
2020-05-26,19,4,1,14,226,32,28,166,SULAWESI UTARA
2020-05-27,13,2,1,10,239,33,30,176,SULAWESI UTARA
2020-05-28,10,0,2,8,249,35,30,184,SULAWESI UTARA
2020-05-29,8,0,1,7,257,36,30,191,SULAWESI UTARA
2020-05-30,14,0,1,13,271,37,30,204,SULAWESI UTARA
2020-05-31,12,1,10,1,283,47,31,205,SULAWESI UTARA
2020-06-01,0,0,1,-1,283,48,31,204,SULAWESI UTARA
2020-06-02,12,0,0,12,295,48,31,216,SULAWESI UTARA
2020-06-03,18,4,4,10,313,52,35,226,SULAWESI UTARA
2020-06-04,4,0,6,-2,317,58,35,224,SULAWESI UTARA
2020-06-05,7,1,0,6,324,58,36,230,SULAWESI UTARA
2020-06-06,59,1,0,58,383,58,37,288,SULAWESI UTARA
2020-06-07,20,1,2,17,403,60,38,305,SULAWESI UTARA
2020-06-08,11,2,7,2,414,67,40,307,SULAWESI UTARA
2020-06-09,15,0,0,15,429,67,40,322,SULAWESI UTARA
2020-06-10,15,0,7,8,444,74,40,330,SULAWESI UTARA
2020-06-11,27,1,14,12,471,88,41,342,SULAWESI UTARA
2020-06-12,41,0,0,41,512,88,41,383,SULAWESI UTARA
2020-06-13,12,5,1,6,524,89,46,389,SULAWESI UTARA
2020-06-14,6,0,1,5,530,90,46,394,SULAWESI UTARA
2020-06-15,15,0,6,9,545,96,46,403,SULAWESI UTARA
2020-06-16,18,5,7,6,563,103,51,409,SULAWESI UTARA
2020-06-17,30,0,5,25,593,108,51,434,SULAWESI UTARA
2020-06-18,22,3,6,13,615,114,54,447,SULAWESI UTARA
2020-06-19,19,0,6,13,634,120,54,460,SULAWESI UTARA
2020-06-20,21,2,3,16,655,123,56,476,SULAWESI UTARA
2020-06-21,37,0,3,34,692,126,56,510,SULAWESI UTARA
2020-06-22,0,2,1,-3,692,127,58,507,SULAWESI UTARA
2020-06-23,7,1,1,5,699,128,59,512,SULAWESI UTARA
2020-06-24,24,3,2,19,723,130,62,531,SULAWESI UTARA
2020-06-25,31,3,3,25,754,133,65,556,SULAWESI UTARA
2020-06-26,34,3,16,15,788,149,68,571,SULAWESI UTARA
2020-06-27,42,1,0,41,830,149,69,612,SULAWESI UTARA
2020-06-28,24,0,0,24,854,149,69,636,SULAWESI UTARA
2020-06-29,20,0,4,16,874,153,69,652,SULAWESI UTARA
2020-06-30,19,0,10,9,893,163,69,661,SULAWESI UTARA
2020-07-01,14,2,9,3,907,172,71,664,SULAWESI UTARA
2020-07-02,21,1,16,4,928,188,72,668,SULAWESI UTARA
2020-07-03,11,3,11,-3,939,199,75,665,SULAWESI UTARA
2020-07-04,8,2,10,-4,947,209,77,661,SULAWESI UTARA
2020-07-05,11,1,14,-4,958,223,78,657,SULAWESI UTARA
2020-07-06,7,2,24,-19,965,247,80,638,SULAWESI UTARA
2020-07-07,29,0,15,14,994,262,80,652,SULAWESI UTARA
2020-07-08,70,0,11,59,1064,273,80,711,SULAWESI UTARA
2020-07-09,64,0,19,45,1128,292,80,756,SULAWESI UTARA
2020-07-10,100,1,4,95,1228,296,81,851,SULAWESI UTARA
2020-07-11,59,0,5,54,1287,301,81,905,SULAWESI UTARA
2020-07-12,22,0,0,22,1309,301,81,927,SULAWESI UTARA
2020-07-13,17,0,6,11,1326,307,81,938,SULAWESI UTARA
2020-07-14,13,1,10,2,1339,317,82,940,SULAWESI UTARA
2020-07-15,37,0,8,29,1376,325,82,969,SULAWESI UTARA
2020-07-16,20,1,13,6,1396,338,83,975,SULAWESI UTARA
2020-07-17,23,1,84,-62,1419,422,84,913,SULAWESI UTARA
2020-07-18,39,1,57,-19,1458,479,85,894,SULAWESI UTARA
2020-07-19,34,1,15,18,1492,494,86,912,SULAWESI UTARA
2020-07-20,52,2,32,18,1544,526,88,930,SULAWESI UTARA
2020-07-21,32,2,40,-10,1576,566,90,920,SULAWESI UTARA
2020-07-22,58,1,103,-46,1634,669,91,874,SULAWESI UTARA
2020-07-23,38,0,84,-46,1672,753,91,828,SULAWESI UTARA
2020-07-24,33,0,45,-12,1705,798,91,816,SULAWESI UTARA
2020-07-25,45,1,18,26,1750,816,92,842,SULAWESI UTARA
2020-07-26,37,0,34,3,1787,850,92,845,SULAWESI UTARA
2020-07-27,41,0,20,21,1828,870,92,866,SULAWESI UTARA
2020-07-28,39,2,47,-10,1867,917,94,856,SULAWESI UTARA
2020-07-29,47,0,32,15,1914,949,94,871,SULAWESI UTARA
2020-07-30,69,3,16,50,1983,965,97,921,SULAWESI UTARA
2020-07-31,62,2,12,48,2045,977,99,969,SULAWESI UTARA
2020-08-01,55,0,14,41,2100,991,99,1010,SULAWESI UTARA
2020-08-02,17,0,47,-30,2117,1038,99,980,SULAWESI UTARA
2020-08-03,67,1,36,30,2184,1074,100,1010,SULAWESI UTARA
2020-08-04,24,0,30,-6,2208,1104,100,1004,SULAWESI UTARA
2020-08-05,15,0,29,-14,2223,1133,100,990,SULAWESI UTARA
2020-08-06,24,1,29,-6,2247,1162,101,984,SULAWESI UTARA
2020-08-07,14,2,24,-12,2261,1186,103,972,SULAWESI UTARA
2020-08-08,15,0,69,-54,2276,1255,103,918,SULAWESI UTARA
2020-08-09,34,2,33,-1,2310,1288,105,917,SULAWESI UTARA
2020-08-10,61,0,16,45,2371,1304,105,962,SULAWESI UTARA
2020-08-11,31,3,45,-17,2402,1349,108,945,SULAWESI UTARA
2020-08-12,7,0,26,-19,2409,1375,108,926,SULAWESI UTARA
2020-08-13,102,0,17,85,2511,1392,108,1011,SULAWESI UTARA
2020-08-14,44,0,64,-20,2555,1456,108,991,SULAWESI UTARA
2020-08-15,42,1,46,-5,2597,1502,109,986,SULAWESI UTARA
2020-08-16,14,2,69,-57,2611,1571,111,929,SULAWESI UTARA
2020-08-17,6,1,58,-53,2617,1629,112,876,SULAWESI UTARA
2020-08-18,21,1,67,-47,2638,1696,113,829,SULAWESI UTARA
2020-08-19,18,0,28,-10,2656,1724,113,819,SULAWESI UTARA
2020-08-20,54,1,29,24,2710,1753,114,843,SULAWESI UTARA
2020-08-21,41,0,103,-62,2751,1856,114,781,SULAWESI UTARA
2020-08-22,60,0,26,34,2811,1882,114,815,SULAWESI UTARA
2020-08-23,28,0,58,-30,2839,1940,114,785,SULAWESI UTARA
2020-08-24,2,5,24,-27,2841,1964,119,758,SULAWESI UTARA
2020-08-25,36,0,21,15,2877,1985,119,773,SULAWESI UTARA
2020-08-26,15,1,29,-15,2892,2014,120,758,SULAWESI UTARA
2020-08-27,31,0,17,14,2923,2031,120,772,SULAWESI UTARA
2020-08-28,29,0,49,-20,2952,2080,120,752,SULAWESI UTARA
2020-08-29,48,0,40,8,3000,2120,120,760,SULAWESI UTARA
2020-08-30,67,1,42,24,3067,2162,121,784,SULAWESI UTARA
2020-08-31,13,0,29,-16,3080,2191,121,768,SULAWESI UTARA
2020-09-01,40,0,26,14,3120,2217,121,782,SULAWESI UTARA
2020-09-02,13,1,40,-28,3133,2257,122,754,SULAWESI UTARA
2020-09-03,24,1,25,-2,3157,2282,123,752,SULAWESI UTARA
2020-09-04,21,0,35,-14,3178,2317,123,738,SULAWESI UTARA
2020-09-05,16,0,38,-22,3194,2355,123,716,SULAWESI UTARA
2020-09-06,7,1,17,-11,3201,2372,124,705,SULAWESI UTARA
2020-09-07,1,0,42,-41,3202,2414,124,664,SULAWESI UTARA
2020-09-08,19,0,12,7,3221,2426,124,671,SULAWESI UTARA
2020-09-09,17,0,20,-3,3238,2446,124,668,SULAWESI UTARA
2020-09-10,13,0,30,-17,3251,2476,124,651,SULAWESI UTARA
2020-09-11,20,0,22,-2,3271,2498,124,649,SULAWESI UTARA
2020-09-12,18,0,32,-14,3289,2530,124,635,SULAWESI UTARA
2020-09-13,37,1,10,26,3326,2540,125,661,SULAWESI UTARA
2020-09-14,12,1,38,-27,3338,2578,126,634,SULAWESI UTARA
2020-09-15,5,0,19,-14,3343,2597,126,620,SULAWESI UTARA
2020-09-16,11,2,15,-6,3354,2612,128,614,SULAWESI UTARA
2020-09-17,26,1,16,9,3380,2628,129,623,SULAWESI UTARA
2020-09-18,16,0,22,-6,3396,2650,129,617,SULAWESI UTARA
2020-09-19,20,2,26,-8,3416,2676,131,609,SULAWESI UTARA
2020-09-20,32,1,20,11,3448,2696,132,620,SULAWESI UTARA
2020-09-21,17,1,16,0,3465,2712,133,620,SULAWESI UTARA
2020-09-22,11,0,16,-5,3476,2728,133,615,SULAWESI UTARA
2020-09-23,6,0,14,-8,3482,2742,133,607,SULAWESI UTARA
2020-09-24,16,0,33,-17,3498,2775,133,590,SULAWESI UTARA
2020-09-25,31,0,8,23,3529,2783,133,613,SULAWESI UTARA
2020-09-26,19,1,25,-7,3548,2808,134,606,SULAWESI UTARA
2020-09-27,19,0,19,0,3567,2827,134,606,SULAWESI UTARA
2020-09-28,4,0,31,-27,3571,2858,134,579,SULAWESI UTARA
2020-09-29,9,2,12,-5,3580,2870,136,574,SULAWESI UTARA
2020-09-30,26,0,13,13,3606,2883,136,587,SULAWESI UTARA
2020-10-01,14,0,21,-7,3620,2904,136,580,SULAWESI UTARA
2020-10-02,21,1,32,-12,3641,2936,137,568,SULAWESI UTARA
2020-10-03,19,0,21,-2,3660,2957,137,566,SULAWESI UTARA
2020-10-04,19,0,24,-5,3679,2981,137,561,SULAWESI UTARA
2020-10-05,14,1,29,-16,3693,3010,138,545,SULAWESI UTARA
2020-10-06,21,0,12,9,3714,3022,138,554,SULAWESI UTARA
2020-10-07,15,1,42,-28,3729,3064,139,526,SULAWESI UTARA
2020-10-08,25,0,17,8,3754,3081,139,534,SULAWESI UTARA
2020-10-09,16,1,27,-12,3770,3108,140,522,SULAWESI UTARA
2020-10-10,31,0,22,9,3801,3130,140,531,SULAWESI UTARA
2020-10-11,48,0,40,8,3849,3170,140,539,SULAWESI UTARA
2020-10-12,5,1,35,-31,3854,3205,141,508,SULAWESI UTARA
2020-10-13,6,0,16,-10,3860,3221,141,498,SULAWESI UTARA
2020-10-14,39,1,19,19,3899,3240,142,517,SULAWESI UTARA
2020-10-15,10,0,23,-13,3909,3263,142,504,SULAWESI UTARA
2020-10-16,48,2,33,13,3957,3296,144,517,SULAWESI UTARA
2020-10-17,26,0,23,3,3983,3319,144,520,SULAWESI UTARA
2020-10-18,19,0,32,-13,4002,3351,144,507,SULAWESI UTARA
2020-10-19,33,2,18,13,4035,3369,146,520,SULAWESI UTARA
2020-10-20,19,2,23,-6,4054,3392,148,514,SULAWESI UTARA
2020-10-21,22,2,21,-1,4076,3413,150,513,SULAWESI UTARA
2020-10-22,11,2,22,-13,4087,3435,152,500,SULAWESI UTARA
2020-10-23,36,0,25,11,4123,3460,152,511,SULAWESI UTARA
2020-10-24,37,1,25,11,4160,3485,153,522,SULAWESI UTARA
2020-10-25,26,0,29,-3,4186,3514,153,519,SULAWESI UTARA
2020-10-26,21,0,24,-3,4207,3538,153,516,SULAWESI UTARA
2020-10-27,10,1,21,-12,4217,3559,154,504,SULAWESI UTARA
2020-10-28,38,2,12,24,4255,3571,156,528,SULAWESI UTARA
2020-10-29,59,1,27,31,4314,3598,157,559,SULAWESI UTARA
2020-10-30,31,0,31,0,4345,3629,157,559,SULAWESI UTARA
2020-10-31,16,4,19,-7,4361,3648,161,552,SULAWESI UTARA
2020-11-01,13,0,17,-4,4374,3665,161,548,SULAWESI UTARA
2020-11-02,23,1,14,8,4397,3679,162,556,SULAWESI UTARA
2020-11-03,17,0,44,-27,4414,3723,162,529,SULAWESI UTARA
2020-11-04,7,2,22,-17,4421,3745,164,512,SULAWESI UTARA
2020-11-05,39,0,14,25,4460,3759,164,537,SULAWESI UTARA
2020-11-06,1,2,33,-34,4461,3792,166,503,SULAWESI UTARA
2020-11-07,46,2,20,24,4507,3812,168,527,SULAWESI UTARA
2020-11-08,50,1,8,41,4557,3820,169,568,SULAWESI UTARA
2020-11-09,33,1,34,-2,4590,3854,170,566,SULAWESI UTARA
2020-11-10,23,1,16,6,4613,3870,171,572,SULAWESI UTARA
2020-11-11,69,0,1,68,4682,3871,171,640,SULAWESI UTARA
2020-11-12,33,0,46,-13,4715,3917,171,627,SULAWESI UTARA
2020-11-13,13,5,14,-6,4728,3931,176,621,SULAWESI UTARA
2020-11-14,53,3,14,36,4781,3945,179,657,SULAWESI UTARA
2020-11-15,41,0,18,23,4822,3963,179,680,SULAWESI UTARA
2020-11-16,78,2,24,52,4900,3987,181,732,SULAWESI UTARA
2020-11-17,34,0,24,10,4934,4011,181,742,SULAWESI UTARA
2020-11-18,5,0,9,-4,4939,4020,181,738,SULAWESI UTARA
2020-11-19,98,3,8,87,5037,4028,184,825,SULAWESI UTARA
2020-11-20,118,0,42,76,5155,4070,184,901,SULAWESI UTARA
2020-11-21,15,0,12,3,5170,4082,184,904,SULAWESI UTARA
2020-11-22,17,2,18,-3,5187,4100,186,901,SULAWESI UTARA
2020-11-23,18,0,34,-16,5205,4134,186,885,SULAWESI UTARA
2020-11-24,24,1,30,-7,5229,4164,187,878,SULAWESI UTARA
2020-11-25,64,0,21,43,5293,4185,187,921,SULAWESI UTARA
2020-11-26,35,2,17,16,5328,4202,189,937,SULAWESI UTARA
2020-11-27,117,0,31,86,5445,4233,189,1023,SULAWESI UTARA
2020-11-28,35,0,14,21,5480,4247,189,1044,SULAWESI UTARA
2020-11-29,15,2,22,-9,5495,4269,191,1035,SULAWESI UTARA
2020-11-30,89,3,53,33,5584,4322,194,1068,SULAWESI UTARA
2020-12-01,31,0,44,-13,5615,4366,194,1055,SULAWESI UTARA
2020-12-02,83,0,35,48,5698,4401,194,1103,SULAWESI UTARA
2020-12-03,79,2,24,53,5777,4425,196,1156,SULAWESI UTARA
2020-12-04,45,3,44,-2,5822,4469,199,1154,SULAWESI UTARA
2020-12-05,20,1,32,-13,5842,4501,200,1141,SULAWESI UTARA
2020-12-06,84,0,45,39,5926,4546,200,1180,SULAWESI UTARA
2020-12-07,58,2,14,42,5984,4560,202,1222,SULAWESI UTARA
2020-12-08,37,1,57,-21,6021,4617,203,1201,SULAWESI UTARA
2020-12-09,48,2,56,-10,6069,4673,205,1191,SULAWESI UTARA
2020-12-10,104,1,29,74,6173,4702,206,1265,SULAWESI UTARA
2020-12-11,109,5,16,88,6282,4718,211,1353,SULAWESI UTARA
2020-12-12,65,1,20,44,6347,4738,212,1397,SULAWESI UTARA
2020-12-13,76,3,19,54,6423,4757,215,1451,SULAWESI UTARA
2020-12-14,67,1,26,40,6490,4783,216,1491,SULAWESI UTARA
2020-12-15,38,0,26,12,6528,4809,216,1503,SULAWESI UTARA
2020-12-16,146,1,65,80,6674,4874,217,1583,SULAWESI UTARA
2020-12-17,93,1,16,76,6767,4890,218,1659,SULAWESI UTARA
2020-12-18,162,3,56,103,6929,4946,221,1762,SULAWESI UTARA
2020-12-19,129,2,57,70,7058,5003,223,1832,SULAWESI UTARA
2020-12-20,121,6,36,79,7179,5039,229,1911,SULAWESI UTARA
2020-12-21,79,3,82,-6,7258,5121,232,1905,SULAWESI UTARA
2020-12-22,23,0,57,-34,7281,5178,232,1871,SULAWESI UTARA
2020-12-23,56,1,90,-35,7337,5268,233,1836,SULAWESI UTARA
2020-12-24,75,2,31,42,7412,5299,235,1878,SULAWESI UTARA
2020-12-25,52,1,26,25,7464,5325,236,1903,SULAWESI UTARA
2020-12-26,39,1,0,38,7503,5325,237,1941,SULAWESI UTARA
2020-12-27,55,1,81,-27,7558,5406,238,1914,SULAWESI UTARA
2020-12-28,66,2,98,-34,7624,5504,240,1880,SULAWESI UTARA
2020-12-29,43,4,56,-17,7667,5560,244,1863,SULAWESI UTARA
2020-12-30,29,4,98,-73,7696,5658,248,1790,SULAWESI UTARA
2020-12-31,69,1,63,5,7765,5721,249,1795,SULAWESI UTARA
2021-01-01,39,0,59,-20,7804,5780,249,1775,SULAWESI UTARA
2021-01-02,48,11,59,-22,7852,5839,260,1753,SULAWESI UTARA
2021-01-03,59,0,13,46,7911,5852,260,1799,SULAWESI UTARA
2021-01-04,43,0,22,21,7954,5874,260,1820,SULAWESI UTARA
2021-01-05,31,0,8,23,7985,5882,260,1843,SULAWESI UTARA
2021-01-06,34,1,61,-28,8019,5943,261,1815,SULAWESI UTARA
2021-01-07,63,4,35,24,8082,5978,265,1839,SULAWESI UTARA
2021-01-08,63,3,75,-15,8145,6053,268,1824,SULAWESI UTARA
2021-01-09,120,0,9,111,8265,6062,268,1935,SULAWESI UTARA
2021-01-10,137,2,13,122,8402,6075,270,2057,SULAWESI UTARA
2021-01-11,128,7,127,-6,8530,6202,277,2051,SULAWESI UTARA
2021-01-12,66,1,80,-15,8596,6282,278,2036,SULAWESI UTARA
2021-01-13,76,1,28,47,8672,6310,279,2083,SULAWESI UTARA
2021-01-14,79,2,77,0,8751,6387,281,2083,SULAWESI UTARA
2021-01-15,111,0,41,70,8862,6428,281,2153,SULAWESI UTARA
2021-01-16,141,3,97,41,9003,6525,284,2194,SULAWESI UTARA
2021-01-17,117,1,23,93,9120,6548,285,2287,SULAWESI UTARA
2021-01-18,115,0,145,-30,9235,6693,285,2257,SULAWESI UTARA
2021-01-19,92,1,52,39,9327,6745,286,2296,SULAWESI UTARA
2021-01-20,205,1,35,169,9532,6780,287,2465,SULAWESI UTARA
2021-01-21,77,1,71,5,9609,6851,288,2470,SULAWESI UTARA
2021-01-22,122,8,33,81,9731,6884,296,2551,SULAWESI UTARA
2021-01-23,112,0,39,73,9843,6923,296,2624,SULAWESI UTARA
2021-01-24,187,1,21,165,10030,6944,297,2789,SULAWESI UTARA
2021-01-25,115,4,139,-28,10145,7083,301,2761,SULAWESI UTARA
2021-01-26,159,5,153,1,10304,7236,306,2762,SULAWESI UTARA
2021-01-27,123,2,65,56,10427,7301,308,2818,SULAWESI UTARA
2021-01-28,119,24,26,69,10546,7327,332,2887,SULAWESI UTARA
2021-01-29,93,3,54,36,10639,7381,335,2923,SULAWESI UTARA
2021-01-30,94,2,139,-47,10733,7520,337,2876,SULAWESI UTARA
2021-01-31,74,4,84,-14,10807,7604,341,2862,SULAWESI UTARA
2021-02-01,62,2,43,17,10869,7647,343,2879,SULAWESI UTARA
2021-02-02,76,8,38,30,10945,7685,351,2909,SULAWESI UTARA
2021-02-03,59,2,192,-135,11004,7877,353,2774,SULAWESI UTARA
2021-02-04,46,5,55,-14,11050,7932,358,2760,SULAWESI UTARA
2021-02-05,17,2,43,-28,11067,7975,360,2732,SULAWESI UTARA
2021-02-06,85,0,126,-41,11152,8101,360,2691,SULAWESI UTARA
2021-02-07,72,5,75,-8,11224,8176,365,2683,SULAWESI UTARA
2021-02-08,25,13,155,-143,11249,8331,378,2540,SULAWESI UTARA
2021-02-09,83,0,117,-34,11332,8448,378,2506,SULAWESI UTARA
2021-02-10,24,4,85,-65,11356,8533,382,2441,SULAWESI UTARA
2021-02-11,127,1,38,88,11483,8571,383,2529,SULAWESI UTARA
2021-02-12,58,0,38,20,11541,8609,383,2549,SULAWESI UTARA
2021-02-13,76,1,47,28,11617,8656,384,2577,SULAWESI UTARA
2021-02-14,45,1,62,-18,11662,8718,385,2559,SULAWESI UTARA
2021-02-15,77,0,128,-51,11739,8846,385,2508,SULAWESI UTARA
2021-02-16,11,0,31,-20,11750,8877,385,2488,SULAWESI UTARA
2021-02-17,3,0,14,-11,11753,8891,385,2477,SULAWESI UTARA
2021-02-18,22,0,104,-82,11775,8995,385,2395,SULAWESI UTARA
2021-02-19,45,0,58,-13,11820,9053,385,2382,SULAWESI UTARA
2021-02-20,43,0,126,-83,11863,9179,385,2299,SULAWESI UTARA
2021-02-21,32,0,14,18,11895,9193,385,2317,SULAWESI UTARA
2021-02-22,17,2,81,-66,11912,9274,387,2251,SULAWESI UTARA
2021-02-23,7,0,29,-22,11919,9303,387,2229,SULAWESI UTARA
2021-02-24,13,0,97,-84,11932,9400,387,2145,SULAWESI UTARA
2021-02-25,14,1,22,-9,11946,9422,388,2136,SULAWESI UTARA
2021-02-26,50,2,93,-45,11996,9515,390,2091,SULAWESI UTARA
2021-02-27,31,0,22,9,12027,9537,390,2100,SULAWESI UTARA
2021-02-28,8,0,15,-7,12035,9552,390,2093,SULAWESI UTARA
2021-03-01,17,1,52,-36,12052,9604,391,2057,SULAWESI UTARA
2021-03-02,4,0,15,-11,12056,9619,391,2046,SULAWESI UTARA
2021-03-03,16,0,15,1,12072,9634,391,2047,SULAWESI UTARA
2021-03-04,15,0,9,6,12087,9643,391,2053,SULAWESI UTARA
2021-03-05,9,1,13,-5,12096,9656,392,2048,SULAWESI UTARA
2021-03-06,20,1,6,13,12116,9662,393,2061,SULAWESI UTARA
2021-03-07,25,0,1,24,12141,9663,393,2085,SULAWESI UTARA
2021-03-08,1,0,39,-38,12142,9702,393,2047,SULAWESI UTARA
2021-03-09,9,0,27,-18,12151,9729,393,2029,SULAWESI UTARA
2021-03-10,19,0,5,14,12170,9734,393,2043,SULAWESI UTARA
2021-03-11,3,0,14,-11,12173,9748,393,2032,SULAWESI UTARA
2021-03-12,2,0,18,-16,12175,9766,393,2016,SULAWESI UTARA
2021-03-13,17,0,12,5,12192,9778,393,2021,SULAWESI UTARA
2021-03-14,12,0,12,0,12204,9790,393,2021,SULAWESI UTARA
2021-03-15,3,0,33,-30,12207,9823,393,1991,SULAWESI UTARA
2021-03-16,0,0,7,-7,12207,9830,393,1984,SULAWESI UTARA
2021-03-17,9,0,8,1,12216,9838,393,1985,SULAWESI UTARA
2021-03-18,7,0,32,-25,12223,9870,393,1960,SULAWESI UTARA
2021-03-19,9,0,5,4,12232,9875,393,1964,SULAWESI UTARA
2021-03-20,12,0,5,7,12244,9880,393,1971,SULAWESI UTARA
2021-03-21,4,0,5,-1,12248,9885,393,1970,SULAWESI UTARA
2021-03-22,12,0,46,-34,12260,9931,393,1936,SULAWESI UTARA
2021-03-23,0,0,2,-2,12260,9933,393,1934,SULAWESI UTARA
2021-03-24,0,0,11,-11,12260,9944,393,1923,SULAWESI UTARA
2021-03-25,24,0,6,18,12284,9950,393,1941,SULAWESI UTARA
2021-03-26,12,0,5,7,12296,9955,393,1948,SULAWESI UTARA
2021-03-27,17,0,3,14,12313,9958,393,1962,SULAWESI UTARA
2021-03-28,4,0,3,1,12317,9961,393,1963,SULAWESI UTARA
2021-03-29,2,0,10,-8,12319,9971,393,1955,SULAWESI UTARA
2021-03-30,7,0,28,-21,12326,9999,393,1934,SULAWESI UTARA
2021-03-31,1,0,6,-5,12327,10005,393,1929,SULAWESI UTARA
2021-04-01,2,0,9,-7,12329,10014,393,1922,SULAWESI UTARA
2021-04-02,5,1,4,0,12334,10018,394,1922,SULAWESI UTARA
2021-04-03,10,1,4,5,12344,10022,395,1927,SULAWESI UTARA
2021-04-04,0,0,5,-5,12344,10027,395,1922,SULAWESI UTARA
2021-04-05,0,0,4,-4,12344,10031,395,1918,SULAWESI UTARA
2021-04-06,9,0,0,9,12353,10031,395,1927,SULAWESI UTARA
2021-04-07,6,0,21,-15,12359,10052,395,1912,SULAWESI UTARA
2021-04-08,11,1,2,8,12370,10054,396,1920,SULAWESI UTARA
2021-04-09,0,0,0,0,12370,10054,396,1920,SULAWESI UTARA
2021-04-10,1,0,3,-2,12371,10057,396,1918,SULAWESI UTARA
2021-04-11,9,0,118,-109,12380,10175,396,1809,SULAWESI UTARA
2021-04-12,0,0,2,-2,12380,10177,396,1807,SULAWESI UTARA
2021-04-13,8,0,1,7,12388,10178,396,1814,SULAWESI UTARA
2021-04-14,2,0,2,0,12390,10180,396,1814,SULAWESI UTARA
2021-04-15,22,0,18,4,12412,10198,396,1818,SULAWESI UTARA
2021-04-16,5,0,1,4,12417,10199,396,1822,SULAWESI UTARA
2021-04-17,2,0,1,1,12419,10200,396,1823,SULAWESI UTARA
2021-04-18,0,0,8,-8,12419,10208,396,1815,SULAWESI UTARA
2021-04-19,4,0,45,-41,12423,10253,396,1774,SULAWESI UTARA
2021-04-20,2,0,0,2,12425,10253,396,1776,SULAWESI UTARA
2021-04-21,1,0,9,-8,12426,10262,396,1768,SULAWESI UTARA
2021-04-22,18,0,0,18,12444,10262,396,1786,SULAWESI UTARA
2021-04-23,51,1,6,44,12495,10268,397,1830,SULAWESI UTARA
2021-04-24,6,0,1,5,12501,10269,397,1835,SULAWESI UTARA
2021-04-25,38,0,9,29,12539,10278,397,1864,SULAWESI UTARA
2021-04-26,2,1,126,-125,12541,10404,398,1739,SULAWESI UTARA
2021-04-27,4,0,1,3,12545,10405,398,1742,SULAWESI UTARA
2021-04-28,3,0,0,3,12548,10405,398,1745,SULAWESI UTARA
2021-04-29,3,0,6,-3,12551,10411,398,1742,SULAWESI UTARA
2021-04-30,3,0,89,-86,12554,10500,398,1656,SULAWESI UTARA
2021-05-01,6,0,14,-8,12560,10514,398,1648,SULAWESI UTARA
2021-05-02,1,3,109,-111,12561,10623,401,1537,SULAWESI UTARA
2021-05-03,0,1,9,-10,12561,10632,402,1527,SULAWESI UTARA
2021-05-04,3,0,52,-49,12564,10684,402,1478,SULAWESI UTARA
2021-05-05,2,0,4,-2,12566,10688,402,1476,SULAWESI UTARA
2021-05-06,0,0,102,-102,12566,10790,402,1374,SULAWESI UTARA
2021-05-07,6,0,26,-20,12572,10816,402,1354,SULAWESI UTARA
2021-05-08,7,0,27,-20,12579,10843,402,1334,SULAWESI UTARA
2021-05-09,0,0,43,-43,12579,10886,402,1291,SULAWESI UTARA
2021-05-10,1,0,5,-4,12580,10891,402,1287,SULAWESI UTARA
2021-05-11,4,0,1,3,12584,10892,402,1290,SULAWESI UTARA
2021-05-12,9,6,41,-38,12593,10933,408,1252,SULAWESI UTARA
2021-05-13,19,1,0,18,12612,10933,409,1270,SULAWESI UTARA
2021-05-14,0,1,266,-267,12612,11199,410,1003,SULAWESI UTARA
2021-05-15,0,6,313,-319,12612,11512,416,684,SULAWESI UTARA
2021-05-16,0,3,138,-141,12612,11650,419,543,SULAWESI UTARA
2021-05-17,0,0,206,-206,12612,11856,419,337,SULAWESI UTARA
2021-05-18,0,0,1,-1,12612,11857,419,336,SULAWESI UTARA
2021-05-19,3,0,10,-7,12615,11867,419,329,SULAWESI UTARA
2021-05-20,5,2,7,-4,12620,11874,421,325,SULAWESI UTARA
2021-05-21,1,0,23,-22,12621,11897,421,303,SULAWESI UTARA
2021-05-22,7,0,0,7,12628,11897,421,310,SULAWESI UTARA
2021-05-23,6,0,19,-13,12634,11916,421,297,SULAWESI UTARA
2021-05-24,0,0,23,-23,12634,11939,421,274,SULAWESI UTARA
2021-05-25,1,0,15,-14,12635,11954,421,260,SULAWESI UTARA
2021-05-26,3,0,5,-2,12638,11959,421,258,SULAWESI UTARA
2021-05-27,3,5,12,-14,12641,11971,426,244,SULAWESI UTARA
2021-05-28,0,0,2,-2,12641,11973,426,242,SULAWESI UTARA
2021-05-29,1,0,0,1,12642,11973,426,243,SULAWESI UTARA
2021-05-30,2,0,10,-8,12644,11983,426,235,SULAWESI UTARA
2021-05-31,3,0,9,-6,12647,11992,426,229,SULAWESI UTARA
2021-06-01,4,0,4,0,12651,11996,426,229,SULAWESI UTARA
2021-06-02,7,0,3,4,12658,11999,426,233,SULAWESI UTARA
2021-06-03,3,0,24,-21,12661,12023,426,212,SULAWESI UTARA
2021-06-04,8,0,1,7,12669,12024,426,219,SULAWESI UTARA
2021-06-05,5,0,0,5,12674,12024,426,224,SULAWESI UTARA
2021-06-06,11,0,11,0,12685,12035,426,224,SULAWESI UTARA
2021-06-07,1,1,0,0,12686,12035,427,224,SULAWESI UTARA
2021-06-08,6,0,7,-1,12692,12042,427,223,SULAWESI UTARA
2021-06-09,10,0,10,0,12702,12052,427,223,SULAWESI UTARA
2021-06-10,6,0,8,-2,12708,12060,427,221,SULAWESI UTARA
2021-06-11,13,0,20,-7,12721,12080,427,214,SULAWESI UTARA
2021-06-12,0,0,1,-1,12721,12081,427,213,SULAWESI UTARA
2021-06-13,2,0,2,0,12723,12083,427,213,SULAWESI UTARA
2021-06-14,17,0,2,15,12740,12085,427,228,SULAWESI UTARA
2021-06-15,18,0,5,13,12758,12090,427,241,SULAWESI UTARA
2021-06-16,0,0,6,-6,12758,12096,427,235,SULAWESI UTARA
2021-06-17,14,0,0,14,12772,12096,427,249,SULAWESI UTARA
2021-06-18,15,1,43,-29,12787,12139,428,220,SULAWESI UTARA
2021-06-19,16,0,33,-17,12803,12172,428,203,SULAWESI UTARA
2021-06-20,0,1,6,-7,12803,12178,429,196,SULAWESI UTARA
2021-06-21,14,0,19,-5,12817,12197,429,191,SULAWESI UTARA
2021-06-22,29,1,19,9,12846,12216,430,200,SULAWESI UTARA
2021-06-23,39,0,5,34,12885,12221,430,234,SULAWESI UTARA
2021-06-24,15,0,22,-7,12900,12243,430,227,SULAWESI UTARA
2021-06-25,32,1,7,24,12932,12250,431,251,SULAWESI UTARA
2021-06-26,17,0,29,-12,12949,12279,431,239,SULAWESI UTARA
2021-06-27,9,0,5,4,12958,12284,431,243,SULAWESI UTARA
2021-06-28,30,1,8,21,12988,12292,432,264,SULAWESI UTARA
2021-06-29,34,2,4,28,13022,12296,434,292,SULAWESI UTARA
2021-06-30,35,1,20,14,13057,12316,435,306,SULAWESI UTARA
2021-07-01,31,0,7,24,13088,12323,435,330,SULAWESI UTARA
2021-07-02,68,0,15,53,13156,12338,435,383,SULAWESI UTARA
2021-07-03,101,1,12,88,13257,12350,436,471,SULAWESI UTARA
2021-07-04,69,0,36,33,13326,12386,436,504,SULAWESI UTARA
2021-07-05,2,0,19,-17,13328,12405,436,487,SULAWESI UTARA
2021-07-06,134,2,8,124,13462,12413,438,611,SULAWESI UTARA
2021-07-07,103,1,11,91,13565,12424,439,702,SULAWESI UTARA
2021-07-08,184,1,45,138,13749,12469,440,840,SULAWESI UTARA
2021-07-09,218,8,8,202,13967,12477,448,1042,SULAWESI UTARA
2021-07-10,171,2,27,142,14138,12504,450,1184,SULAWESI UTARA
2021-07-11,109,2,19,88,14247,12523,452,1272,SULAWESI UTARA
2021-07-12,94,3,30,61,14341,12553,455,1333,SULAWESI UTARA
2021-07-13,215,2,15,198,14556,12568,457,1531,SULAWESI UTARA
2021-07-14,211,2,95,114,14767,12663,459,1645,SULAWESI UTARA
2021-07-15,293,2,12,279,15060,12675,461,1924,SULAWESI UTARA
2021-07-16,282,4,51,227,15342,12726,465,2151,SULAWESI UTARA
2021-07-17,199,5,16,178,15541,12742,470,2329,SULAWESI UTARA
2021-07-18,242,6,68,168,15783,12810,476,2497,SULAWESI UTARA
2021-07-19,60,1,142,-83,15843,12952,477,2414,SULAWESI UTARA
2021-07-20,239,4,79,156,16082,13031,481,2570,SULAWESI UTARA
2021-07-21,210,2,73,135,16292,13104,483,2705,SULAWESI UTARA
2021-07-22,291,3,64,224,16583,13168,486,2929,SULAWESI UTARA
2021-07-23,271,0,65,206,16854,13233,486,3135,SULAWESI UTARA
2021-07-24,194,6,176,12,17048,13409,492,3147,SULAWESI UTARA
2021-07-25,408,4,183,221,17456,13592,496,3368,SULAWESI UTARA
2021-07-26,153,8,181,-36,17609,13773,504,3332,SULAWESI UTARA
2021-07-27,369,8,201,160,17978,13974,512,3492,SULAWESI UTARA
2021-07-28,277,8,209,60,18255,14183,520,3552,SULAWESI UTARA
2021-07-29,436,4,151,281,18691,14334,524,3833,SULAWESI UTARA
2021-07-30,363,11,218,134,19054,14552,535,3967,SULAWESI UTARA
2021-07-31,567,15,156,396,19621,14708,550,4363,SULAWESI UTARA
2021-08-01,242,15,261,-34,19863,14969,565,4329,SULAWESI UTARA
2021-08-02,104,8,257,-161,19967,15226,573,4168,SULAWESI UTARA
2021-08-03,299,9,180,110,20266,15406,582,4278,SULAWESI UTARA
2021-08-04,152,3,124,25,20418,15530,585,4303,SULAWESI UTARA
2021-08-05,366,4,281,81,20784,15811,589,4384,SULAWESI UTARA
2021-08-06,495,7,155,333,21279,15966,596,4717,SULAWESI UTARA
2021-08-07,441,4,333,104,21720,16299,600,4821,SULAWESI UTARA
2021-08-08,424,16,320,88,22144,16619,616,4909,SULAWESI UTARA
2021-08-09,104,6,376,-278,22248,16995,622,4631,SULAWESI UTARA
2021-08-10,135,3,213,-81,22383,17208,625,4550,SULAWESI UTARA
2021-08-11,218,5,218,-5,22601,17426,630,4545,SULAWESI UTARA
2021-08-12,423,8,192,223,23024,17618,638,4768,SULAWESI UTARA
2021-08-13,241,4,237,0,23265,17855,642,4768,SULAWESI UTARA
2021-08-14,281,13,80,188,23546,17935,655,4956,SULAWESI UTARA
2021-08-15,192,7,321,-136,23738,18256,662,4820,SULAWESI UTARA
2021-08-16,144,9,281,-146,23882,18537,671,4674,SULAWESI UTARA
2021-08-17,142,0,199,-57,24024,18736,671,4617,SULAWESI UTARA
2021-08-18,215,7,313,-105,24239,19049,678,4512,SULAWESI UTARA
2021-08-19,135,11,195,-71,24374,19244,689,4441,SULAWESI UTARA
2021-08-20,187,1,366,-180,24561,19610,690,4261,SULAWESI UTARA
2021-08-21,172,5,292,-125,24733,19902,695,4136,SULAWESI UTARA
2021-08-22,190,4,409,-223,24923,20311,699,3913,SULAWESI UTARA
2021-08-23,46,5,620,-579,24969,20931,704,3334,SULAWESI UTARA
2021-08-24,144,3,373,-232,25113,21304,707,3102,SULAWESI UTARA
2021-08-25,201,2,328,-129,25314,21632,709,2973,SULAWESI UTARA
2021-08-26,160,13,219,-72,25474,21851,722,2901,SULAWESI UTARA
2021-08-27,109,4,266,-161,25583,22117,726,2740,SULAWESI UTARA
2021-08-28,101,4,195,-98,25684,22312,730,2642,SULAWESI UTARA
2021-08-29,57,10,223,-176,25741,22535,740,2466,SULAWESI UTARA
2021-08-30,38,5,240,-207,25779,22775,745,2259,SULAWESI UTARA
2021-08-31,136,3,387,-254,25915,23162,748,2005,SULAWESI UTARA
2021-09-01,168,8,352,-192,26083,23514,756,1813,SULAWESI UTARA
2021-09-02,93,3,104,-14,26176,23618,759,1799,SULAWESI UTARA
2021-09-03,63,2,78,-17,26239,23696,761,1782,SULAWESI UTARA
2021-09-04,74,3,142,-71,26313,23838,764,1711,SULAWESI UTARA
2021-09-05,57,4,95,-42,26370,23933,768,1669,SULAWESI UTARA
2021-09-06,45,2,70,-27,26415,24003,770,1642,SULAWESI UTARA
2021-09-07,83,4,100,-21,26498,24103,774,1621,SULAWESI UTARA
2021-09-08,125,0,47,78,26623,24150,774,1699,SULAWESI UTARA
2021-09-09,96,3,256,-163,26719,24406,777,1536,SULAWESI UTARA
2021-09-10,84,5,84,-5,26803,24490,782,1531,SULAWESI UTARA
2021-09-11,72,1,75,-4,26875,24565,783,1527,SULAWESI UTARA
2021-09-12,31,1,110,-80,26906,24675,784,1447,SULAWESI UTARA
2021-09-13,11,1,165,-155,26917,24840,785,1292,SULAWESI UTARA
2021-09-14,40,0,62,-22,26957,24902,785,1270,SULAWESI UTARA
2021-09-15,34,5,156,-127,26991,25058,790,1143,SULAWESI UTARA
2021-09-16,45,1,82,-38,27036,25140,791,1105,SULAWESI UTARA
2021-09-17,42,2,98,-58,27078,25238,793,1047,SULAWESI UTARA
2021-09-18,43,6,67,-30,27121,25305,799,1017,SULAWESI UTARA
2021-09-19,35,2,78,-45,27156,25383,801,972,SULAWESI UTARA
2021-09-20,13,0,10,3,27169,25393,801,975,SULAWESI UTARA
2021-09-21,40,0,98,-58,27209,25491,801,917,SULAWESI UTARA
2021-09-22,22,3,109,-90,27231,25600,804,827,SULAWESI UTARA
2021-09-23,43,0,19,24,27274,25619,804,851,SULAWESI UTARA
2021-09-24,36,0,51,-15,27310,25670,804,836,SULAWESI UTARA
2021-09-25,20,1,57,-38,27330,25727,805,798,SULAWESI UTARA
2021-09-26,24,0,53,-29,27354,25780,805,769,SULAWESI UTARA
2021-09-27,5,1,69,-65,27359,25849,806,704,SULAWESI UTARA
2021-09-28,30,0,51,-21,27389,25900,806,683,SULAWESI UTARA
2021-09-29,22,2,48,-28,27411,25948,808,655,SULAWESI UTARA
2021-09-30,24,0,11,13,27435,25959,808,668,SULAWESI UTARA
2021-10-01,18,0,24,-6,27453,25983,808,662,SULAWESI UTARA
2021-10-02,20,2,41,-23,27473,26024,810,639,SULAWESI UTARA
2021-10-03,3,0,5,-2,27476,26029,810,637,SULAWESI UTARA
2021-10-04,8,0,22,-14,27484,26051,810,623,SULAWESI UTARA
2021-10-05,21,0,37,-16,27505,26088,810,607,SULAWESI UTARA
2021-10-06,29,1,21,7,27534,26109,811,614,SULAWESI UTARA
2021-10-07,20,1,33,-14,27554,26142,812,600,SULAWESI UTARA
2021-10-08,73,1,36,36,27627,26178,813,636,SULAWESI UTARA
2021-10-09,9,0,14,-5,27636,26192,813,631,SULAWESI UTARA
2021-10-10,11,0,14,-3,27647,26206,813,628,SULAWESI UTARA
2021-10-11,9,0,91,-82,27656,26297,813,546,SULAWESI UTARA
2021-10-12,21,0,16,5,27677,26313,813,551,SULAWESI UTARA
2021-10-13,12,1,35,-24,27689,26348,814,527,SULAWESI UTARA
2021-10-14,12,0,91,-79,27701,26439,814,448,SULAWESI UTARA
2021-10-15,10,0,23,-13,27711,26462,814,435,SULAWESI UTARA
2021-10-16,8,0,6,2,27719,26468,814,437,SULAWESI UTARA
2021-10-17,0,1,16,-17,27719,26484,815,420,SULAWESI UTARA
2021-10-18,2,0,6,-4,27721,26490,815,416,SULAWESI UTARA
2021-10-19,9,1,4,4,27730,26494,816,420,SULAWESI UTARA
2021-10-20,14,0,6,8,27744,26500,816,428,SULAWESI UTARA
2021-10-21,2,0,18,-16,27746,26518,816,412,SULAWESI UTARA
2021-10-22,11,0,8,3,27757,26526,816,415,SULAWESI UTARA
2021-10-23,1,0,25,-24,27758,26551,816,391,SULAWESI UTARA
2021-10-24,3,0,19,-16,27761,26570,816,375,SULAWESI UTARA
2021-10-25,3,0,11,-8,27764,26581,816,367,SULAWESI UTARA
2021-10-26,3,0,7,-4,27767,26588,816,363,SULAWESI UTARA
2021-10-27,6,0,18,-12,27773,26606,816,351,SULAWESI UTARA
2021-10-28,7,0,1,6,27780,26607,816,357,SULAWESI UTARA
2021-10-29,2,0,4,-2,27782,26611,816,355,SULAWESI UTARA
2021-10-30,6,0,15,-9,27788,26626,816,346,SULAWESI UTARA
2021-10-31,5,0,2,3,27793,26628,816,349,SULAWESI UTARA
2021-11-01,3,0,7,-4,27796,26635,816,345,SULAWESI UTARA
2021-11-02,2,1,117,-116,27798,26752,817,229,SULAWESI UTARA
2021-11-03,8,1,18,-11,27806,26770,818,218,SULAWESI UTARA
2021-11-04,2,0,8,-6,27808,26778,818,212,SULAWESI UTARA
2021-11-05,2,1,4,-3,27810,26782,819,209,SULAWESI UTARA
2021-11-06,4,0,0,4,27814,26782,819,213,SULAWESI UTARA
2021-11-07,1,2,46,-47,27815,26828,821,166,SULAWESI UTARA
2021-11-08,0,0,29,-29,27815,26857,821,137,SULAWESI UTARA
2021-11-09,2,0,2,0,27817,26859,821,137,SULAWESI UTARA
2021-11-10,4,0,6,-2,27821,26865,821,135,SULAWESI UTARA
2021-11-11,0,0,4,-4,27821,26869,821,131,SULAWESI UTARA
2021-11-12,7,6,0,1,27828,26869,827,132,SULAWESI UTARA
2021-11-13,3,1,8,-6,27831,26877,828,126,SULAWESI UTARA
2021-11-14,2,0,24,-22,27833,26901,828,104,SULAWESI UTARA
2021-11-15,1,0,14,-13,27834,26915,828,91,SULAWESI UTARA
2021-11-16,3,0,5,-2,27837,26920,828,89,SULAWESI UTARA
2021-11-17,1,0,0,1,27838,26920,828,90,SULAWESI UTARA
2021-11-18,3,0,3,0,27841,26923,828,90,SULAWESI UTARA
2021-11-19,1,0,7,-6,27842,26930,828,84,SULAWESI UTARA
2021-11-20,7,0,5,2,27849,26935,828,86,SULAWESI UTARA
2021-11-21,2,0,1,1,27851,26936,828,87,SULAWESI UTARA
2021-11-22,3,0,4,-1,27854,26940,828,86,SULAWESI UTARA
2021-11-23,5,0,0,5,27859,26940,828,91,SULAWESI UTARA
2021-11-24,1,0,0,1,27860,26940,828,92,SULAWESI UTARA
2021-11-25,0,0,0,0,27860,26940,828,92,SULAWESI UTARA
2021-11-26,3,5,26,-28,27863,26966,833,64,SULAWESI UTARA
2021-11-27,0,0,0,0,27863,26966,833,64,SULAWESI UTARA
2021-11-28,1,0,0,1,27864,26966,833,65,SULAWESI UTARA
2021-11-29,6,0,1,5,27870,26967,833,70,SULAWESI UTARA
2021-11-30,3,0,1,2,27873,26968,833,72,SULAWESI UTARA
2021-12-01,0,1,6,-7,27873,26974,834,65,SULAWESI UTARA
2021-12-02,2,1,0,1,27875,26974,835,66,SULAWESI UTARA
2021-12-03,0,0,2,-2,27875,26976,835,64,SULAWESI UTARA
2021-12-04,3,0,0,3,27878,26976,835,67,SULAWESI UTARA
2021-12-05,0,0,7,-7,27878,26983,835,60,SULAWESI UTARA
2021-12-06,0,0,0,0,27878,26983,835,60,SULAWESI UTARA
2021-12-07,9,2,0,7,27887,26983,837,67,SULAWESI UTARA
2021-12-08,4,0,1,3,27891,26984,837,70,SULAWESI UTARA
2021-12-09,3,2,2,-1,27894,26986,839,69,SULAWESI UTARA
2021-12-10,4,0,0,4,27898,26986,839,73,SULAWESI UTARA
2021-12-11,6,0,1,5,27904,26987,839,78,SULAWESI UTARA
2021-12-12,2,0,0,2,27906,26987,839,80,SULAWESI UTARA
2021-12-13,0,0,3,-3,27906,26990,839,77,SULAWESI UTARA
2021-12-14,1,0,3,-2,27907,26993,839,75,SULAWESI UTARA
2021-12-15,2,0,0,2,27909,26993,839,77,SULAWESI UTARA
2021-12-16,1,0,4,-3,27910,26997,839,74,SULAWESI UTARA
2021-12-17,9,0,1,8,27919,26998,839,82,SULAWESI UTARA
2021-12-18,4,0,1,3,27923,26999,839,85,SULAWESI UTARA
2021-12-19,1,0,1,0,27924,27000,839,85,SULAWESI UTARA
2021-12-20,0,0,1,-1,27924,27001,839,84,SULAWESI UTARA
2021-12-21,5,0,0,5,27929,27001,839,89,SULAWESI UTARA
2021-12-22,0,0,6,-6,27929,27007,839,83,SULAWESI UTARA
2021-12-23,1,0,2,-1,27930,27009,839,82,SULAWESI UTARA
2021-12-24,0,0,0,0,27930,27009,839,82,SULAWESI UTARA
2021-12-25,1,0,2,-1,27931,27011,839,81,SULAWESI UTARA
2021-12-26,0,0,0,0,27931,27011,839,81,SULAWESI UTARA
2021-12-27,0,0,3,-3,27931,27014,839,78,SULAWESI UTARA
2021-12-28,1,0,0,1,27932,27014,839,79,SULAWESI UTARA
2021-12-29,1,0,4,-3,27933,27018,839,76,SULAWESI UTARA
2021-12-30,3,0,1,2,27936,27019,839,78,SULAWESI UTARA
2021-12-31,2,0,2,0,27938,27021,839,78,SULAWESI UTARA
2022-01-01,3,0,0,3,27941,27021,839,81,SULAWESI UTARA
2022-01-02,1,0,0,1,27942,27021,839,82,SULAWESI UTARA
2022-01-03,0,0,0,0,27942,27021,839,82,SULAWESI UTARA
2022-01-04,0,0,0,0,27942,27021,839,82,SULAWESI UTARA
2022-01-05,4,0,0,4,27946,27021,839,86,SULAWESI UTARA
2022-01-06,1,0,0,1,27947,27021,839,87,SULAWESI UTARA
2022-01-07,3,0,0,3,27950,27021,839,90,SULAWESI UTARA
2022-01-08,2,0,0,2,27952,27021,839,92,SULAWESI UTARA
2022-01-09,0,0,0,0,27952,27021,839,92,SULAWESI UTARA
2022-01-10,0,0,0,0,27952,27021,839,92,SULAWESI UTARA
2022-01-11,3,0,1,2,27955,27022,839,94,SULAWESI UTARA
2022-01-12,3,1,1,1,27958,27023,840,95,SULAWESI UTARA
2022-01-13,5,0,2,3,27963,27025,840,98,SULAWESI UTARA
2022-01-14,5,0,1,4,27968,27026,840,102,SULAWESI UTARA
2022-01-15,0,0,0,0,27968,27026,840,102,SULAWESI UTARA
2022-01-16,1,0,2,-1,27969,27028,840,101,SULAWESI UTARA
2022-01-17,3,1,0,2,27972,27028,841,103,SULAWESI UTARA
2022-01-18,2,0,0,2,27974,27028,841,105,SULAWESI UTARA
2022-01-19,5,0,1,4,27979,27029,841,109,SULAWESI UTARA
2022-01-20,4,0,0,4,27983,27029,841,113,SULAWESI UTARA
2022-01-21,4,0,0,4,27987,27029,841,117,SULAWESI UTARA
2022-01-22,3,0,2,1,27990,27031,841,118,SULAWESI UTARA
2022-01-23,5,2,10,-7,27995,27041,843,111,SULAWESI UTARA
2022-01-24,2,0,22,-20,27997,27063,843,91,SULAWESI UTARA
2022-01-25,6,0,3,3,28003,27066,843,94,SULAWESI UTARA
2022-01-26,9,0,0,9,28012,27066,843,103,SULAWESI UTARA
2022-01-27,8,0,0,8,28020,27066,843,111,SULAWESI UTARA
2022-01-28,15,0,5,10,28035,27071,843,121,SULAWESI UTARA
2022-01-29,22,0,16,6,28057,27087,843,127,SULAWESI UTARA
2022-01-30,8,0,2,6,28065,27089,843,133,SULAWESI UTARA
2022-01-31,3,0,35,-32,28068,27124,843,101,SULAWESI UTARA
2022-02-01,29,1,0,28,28097,27124,844,129,SULAWESI UTARA
2022-02-02,8,0,0,8,28105,27124,844,137,SULAWESI UTARA
2022-02-03,50,0,5,45,28155,27129,844,182,SULAWESI UTARA
2022-02-04,76,0,5,71,28231,27134,844,253,SULAWESI UTARA
2022-02-05,40,0,16,24,28271,27150,844,277,SULAWESI UTARA
2022-02-06,42,0,4,38,28313,27154,844,315,SULAWESI UTARA
2022-02-07,35,0,2,33,28348,27156,844,348,SULAWESI UTARA
2022-02-08,98,0,12,86,28446,27168,844,434,SULAWESI UTARA
2022-02-09,146,0,5,141,28592,27173,844,575,SULAWESI UTARA
2022-02-10,204,0,5,199,28796,27178,844,774,SULAWESI UTARA
2022-02-11,303,0,2,301,29099,27180,844,1075,SULAWESI UTARA
2022-02-12,343,0,28,315,29442,27208,844,1390,SULAWESI UTARA
2022-02-13,291,0,32,259,29733,27240,844,1649,SULAWESI UTARA
2022-02-14,238,0,7,231,29971,27247,844,1880,SULAWESI UTARA
2022-02-15,423,0,68,355,30394,27315,844,2235,SULAWESI UTARA
2022-02-16,788,2,37,749,31182,27352,846,2984,SULAWESI UTARA
2022-02-17,817,1,30,786,31999,27382,847,3770,SULAWESI UTARA
2022-02-18,761,0,27,734,32760,27409,847,4504,SULAWESI UTARA
2022-02-19,788,1,182,605,33548,27591,848,5109,SULAWESI UTARA
2022-02-20,890,2,55,833,34438,27646,850,5942,SULAWESI UTARA
2022-02-21,450,3,20,427,34888,27666,853,6369,SULAWESI UTARA
2022-02-22,899,2,109,788,35787,27775,855,7157,SULAWESI UTARA
2022-02-23,886,2,323,561,36673,28098,857,7718,SULAWESI UTARA
2022-02-24,689,3,238,448,37362,28336,860,8166,SULAWESI UTARA
2022-02-25,674,1,288,385,38036,28624,861,8551,SULAWESI UTARA
2022-02-26,449,4,708,-263,38485,29332,865,8288,SULAWESI UTARA
2022-02-27,348,8,418,-78,38833,29750,873,8210,SULAWESI UTARA
2022-02-28,186,1,197,-12,39019,29947,874,8198,SULAWESI UTARA
2022-03-01,314,1,427,-114,39333,30374,875,8084,SULAWESI UTARA
2022-03-02,298,3,580,-285,39631,30954,878,7799,SULAWESI UTARA
2022-03-03,270,4,532,-266,39901,31486,882,7533,SULAWESI UTARA
2022-03-04,153,1,583,-431,40054,32069,883,7102,SULAWESI UTARA
2022-03-05,149,6,541,-398,40203,32610,889,6704,SULAWESI UTARA
2022-03-06,126,1,257,-132,40329,32867,890,6572,SULAWESI UTARA
2022-03-07,114,1,361,-248,40443,33228,891,6324,SULAWESI UTARA
2022-03-08,175,12,427,-264,40618,33655,903,6060,SULAWESI UTARA
2022-03-09,101,5,360,-264,40719,34015,908,5796,SULAWESI UTARA
2022-03-10,63,3,369,-309,40782,34384,911,5487,SULAWESI UTARA
2022-03-11,35,2,1255,-1222,40817,35639,913,4265,SULAWESI UTARA
2022-03-12,43,5,1078,-1040,40860,36717,918,3225,SULAWESI UTARA
2022-03-13,30,3,1503,-1476,40890,38220,921,1749,SULAWESI UTARA
2022-03-14,14,0,52,-38,40904,38272,921,1711,SULAWESI UTARA
2022-03-15,55,9,437,-391,40959,38709,930,1320,SULAWESI UTARA
2022-03-16,26,2,245,-221,40985,38954,932,1099,SULAWESI UTARA
2022-03-17,25,4,195,-174,41010,39149,936,925,SULAWESI UTARA
2022-03-18,36,0,94,-58,41046,39243,936,867,SULAWESI UTARA
2022-03-19,13,0,69,-56,41059,39312,936,811,SULAWESI UTARA
2022-03-20,16,1,135,-120,41075,39447,937,691,SULAWESI UTARA
2022-03-21,10,0,31,-21,41085,39478,937,670,SULAWESI UTARA
2022-03-22,29,1,115,-87,41114,39593,938,583,SULAWESI UTARA
2022-03-23,18,0,121,-103,41132,39714,938,480,SULAWESI UTARA
2022-03-24,17,0,28,-11,41149,39742,938,469,SULAWESI UTARA
2022-03-25,19,1,34,-16,41168,39776,939,453,SULAWESI UTARA
2022-03-26,10,0,5,5,41178,39781,939,458,SULAWESI UTARA
2022-03-27,4,0,21,-17,41182,39802,939,441,SULAWESI UTARA
2022-03-28,6,0,70,-64,41188,39872,939,377,SULAWESI UTARA
2022-03-29,1,0,69,-68,41189,39941,939,309,SULAWESI UTARA
2022-03-30,11,0,106,-95,41200,40047,939,214,SULAWESI UTARA
2022-03-31,14,0,17,-3,41214,40064,939,211,SULAWESI UTARA
2022-04-01,5,0,4,1,41219,40068,939,212,SULAWESI UTARA
2022-04-02,0,0,6,-6,41219,40074,939,206,SULAWESI UTARA
2022-04-03,0,0,31,-31,41219,40105,939,175,SULAWESI UTARA
2022-04-04,3,1,21,-19,41222,40126,940,156,SULAWESI UTARA
2022-04-05,7,0,2,5,41229,40128,940,161,SULAWESI UTARA
2022-04-06,9,0,8,1,41238,40136,940,162,SULAWESI UTARA
2022-04-07,6,0,47,-41,41244,40183,940,121,SULAWESI UTARA
2022-04-08,3,0,2,1,41247,40185,940,122,SULAWESI UTARA
2022-04-09,2,0,0,2,41249,40185,940,124,SULAWESI UTARA
2022-04-10,0,0,3,-3,41249,40188,940,121,SULAWESI UTARA
2022-04-11,1,0,3,-2,41250,40191,940,119,SULAWESI UTARA
2022-04-12,4,0,3,1,41254,40194,940,120,SULAWESI UTARA
2022-04-13,7,0,8,-1,41261,40202,940,119,SULAWESI UTARA
2022-04-14,3,0,4,-1,41264,40206,940,118,SULAWESI UTARA
2022-04-15,3,0,0,3,41267,40206,940,121,SULAWESI UTARA
2022-04-16,0,0,4,-4,41267,40210,940,117,SULAWESI UTARA
2022-04-17,1,0,1,0,41268,40211,940,117,SULAWESI UTARA
2022-04-18,1,1,19,-19,41269,40230,941,98,SULAWESI UTARA
2022-04-19,4,0,0,4,41273,40230,941,102,SULAWESI UTARA
2022-04-20,2,0,6,-4,41275,40236,941,98,SULAWESI UTARA
2022-04-21,1,0,7,-6,41276,40243,941,92,SULAWESI UTARA
2022-04-22,1,0,0,1,41277,40243,941,93,SULAWESI UTARA
2022-04-23,0,0,0,0,41277,40243,941,93,SULAWESI UTARA
2022-04-24,1,0,0,1,41278,40243,941,94,SULAWESI UTARA
2022-04-25,2,0,0,2,41280,40243,941,96,SULAWESI UTARA
2022-04-26,0,0,50,-50,41280,40293,941,46,SULAWESI UTARA
2022-04-27,2,0,1,1,41282,40294,941,47,SULAWESI UTARA
2022-04-28,3,0,3,0,41285,40297,941,47,SULAWESI UTARA
2022-04-29,1,0,0,1,41286,40297,941,48,SULAWESI UTARA
2022-04-30,2,0,3,-1,41288,40300,941,47,SULAWESI UTARA
2022-05-01,2,0,0,2,41290,40300,941,49,SULAWESI UTARA
2022-05-02,0,0,0,0,41290,40300,941,49,SULAWESI UTARA
2022-05-03,1,0,0,1,41291,40300,941,50,SULAWESI UTARA
2022-05-04,1,0,0,1,41292,40300,941,51,SULAWESI UTARA
2022-05-05,2,0,1,1,41294,40301,941,52,SULAWESI UTARA
2022-05-06,0,0,0,0,41294,40301,941,52,SULAWESI UTARA
2022-05-07,0,0,0,0,41294,40301,941,52,SULAWESI UTARA
2022-05-08,0,0,0,0,41294,40301,941,52,SULAWESI UTARA
2022-05-09,0,0,10,-10,41294,40311,941,42,SULAWESI UTARA
2022-05-10,1,0,7,-6,41295,40318,941,36,SULAWESI UTARA
2022-05-11,0,0,2,-2,41295,40320,941,34,SULAWESI UTARA
2022-05-12,4,0,6,-2,41299,40326,941,32,SULAWESI UTARA
2022-05-13,0,0,5,-5,41299,40331,941,27,SULAWESI UTARA
2022-05-14,0,0,0,0,41299,40331,941,27,SULAWESI UTARA
2022-05-15,0,0,0,0,41299,40331,941,27,SULAWESI UTARA
2022-05-16,0,0,0,0,41299,40331,941,27,SULAWESI UTARA
2022-05-17,0,0,1,-1,41299,40332,941,26,SULAWESI UTARA
2022-05-18,0,0,0,0,41299,40332,941,26,SULAWESI UTARA
2022-05-19,0,0,0,0,41299,40332,941,26,SULAWESI UTARA
2022-05-20,0,0,1,-1,41299,40333,941,25,SULAWESI UTARA
2022-05-21,1,0,1,0,41300,40334,941,25,SULAWESI UTARA
2022-05-22,0,0,1,-1,41300,40335,941,24,SULAWESI UTARA
2022-05-23,0,0,0,0,41300,40335,941,24,SULAWESI UTARA
2022-05-24,1,0,1,0,41301,40336,941,24,SULAWESI UTARA
2022-05-25,0,0,0,0,41301,40336,941,24,SULAWESI UTARA
2022-05-26,0,0,0,0,41301,40336,941,24,SULAWESI UTARA
2022-05-27,0,0,0,0,41301,40336,941,24,SULAWESI UTARA
2022-05-28,0,0,0,0,41301,40336,941,24,SULAWESI UTARA
2022-05-29,1,0,0,1,41302,40336,941,25,SULAWESI UTARA
2022-05-30,0,1,3,-4,41302,40339,942,21,SULAWESI UTARA
2022-05-31,0,0,1,-1,41302,40340,942,20,SULAWESI UTARA
2022-06-01,1,0,0,1,41303,40340,942,21,SULAWESI UTARA
2022-06-02,0,0,0,0,41303,40340,942,21,SULAWESI UTARA
2022-06-03,0,0,0,0,41303,40340,942,21,SULAWESI UTARA
2022-06-04,5,0,0,5,41308,40340,942,26,SULAWESI UTARA
2022-06-05,1,0,0,1,41309,40340,942,27,SULAWESI UTARA
2022-06-06,0,0,0,0,41309,40340,942,27,SULAWESI UTARA
2022-06-07,1,0,4,-3,41310,40344,942,24,SULAWESI UTARA
2022-06-08,0,0,0,0,41310,40344,942,24,SULAWESI UTARA
2022-06-09,0,0,0,0,41310,40344,942,24,SULAWESI UTARA
2022-06-10,0,0,0,0,41310,40344,942,24,SULAWESI UTARA
2022-06-11,0,0,0,0,41310,40344,942,24,SULAWESI UTARA
2022-06-12,0,0,0,0,41310,40344,942,24,SULAWESI UTARA
2022-06-13,0,0,0,0,41310,40344,942,24,SULAWESI UTARA
2022-06-14,0,0,0,0,41310,40344,942,24,SULAWESI UTARA
2022-06-15,0,0,0,0,41310,40344,942,24,SULAWESI UTARA
2022-06-16,0,0,1,-1,41310,40345,942,23,SULAWESI UTARA
2022-06-17,0,0,4,-4,41310,40349,942,19,SULAWESI UTARA
2022-06-18,0,0,0,0,41310,40349,942,19,SULAWESI UTARA
2022-06-19,0,0,1,-1,41310,40350,942,18,SULAWESI UTARA
2022-06-20,0,0,1,-1,41310,40351,942,17,SULAWESI UTARA
2022-06-21,0,0,0,0,41310,40351,942,17,SULAWESI UTARA
2022-06-22,0,0,1,-1,41310,40352,942,16,SULAWESI UTARA
2022-06-23,0,0,0,0,41310,40352,942,16,SULAWESI UTARA
2022-06-24,0,0,0,0,41310,40352,942,16,SULAWESI UTARA
2022-06-25,1,0,0,1,41311,40352,942,17,SULAWESI UTARA
2022-06-26,0,0,0,0,41311,40352,942,17,SULAWESI UTARA
2022-06-27,1,0,0,1,41312,40352,942,18,SULAWESI UTARA
2022-06-28,0,0,0,0,41312,40352,942,18,SULAWESI UTARA
2022-06-29,0,0,0,0,41312,40352,942,18,SULAWESI UTARA
2022-06-30,1,0,0,1,41313,40352,942,19,SULAWESI UTARA
2022-07-01,3,0,0,3,41316,40352,942,22,SULAWESI UTARA
2022-07-02,0,0,0,0,41316,40352,942,22,SULAWESI UTARA
2022-07-03,0,0,0,0,41316,40352,942,22,SULAWESI UTARA
2022-07-04,0,0,0,0,41316,40352,942,22,SULAWESI UTARA
2022-07-05,0,0,0,0,41316,40352,942,22,SULAWESI UTARA
2022-07-06,2,0,0,2,41318,40352,942,24,SULAWESI UTARA
2022-07-07,1,0,0,1,41319,40352,942,25,SULAWESI UTARA
2022-07-08,0,0,0,0,41319,40352,942,25,SULAWESI UTARA
2022-07-09,1,0,1,0,41320,40353,942,25,SULAWESI UTARA
2022-07-10,0,0,0,0,41320,40353,942,25,SULAWESI UTARA
2022-07-11,2,0,0,2,41322,40353,942,27,SULAWESI UTARA
2022-07-12,1,0,0,1,41323,40353,942,28,SULAWESI UTARA
2022-07-13,1,0,2,-1,41324,40355,942,27,SULAWESI UTARA
2022-07-14,2,0,0,2,41326,40355,942,29,SULAWESI UTARA
2022-07-15,0,0,3,-3,41326,40358,942,26,SULAWESI UTARA
2022-07-16,2,0,0,2,41328,40358,942,28,SULAWESI UTARA
2022-07-17,1,0,0,1,41329,40358,942,29,SULAWESI UTARA
2022-07-18,1,0,17,-16,41330,40375,942,13,SULAWESI UTARA
2022-07-19,5,0,0,5,41335,40375,942,18,SULAWESI UTARA
2022-07-20,2,0,1,1,41337,40376,942,19,SULAWESI UTARA
2022-07-21,18,0,1,17,41355,40377,942,36,SULAWESI UTARA
2022-07-22,3,0,0,3,41358,40377,942,39,SULAWESI UTARA
2022-07-23,6,0,0,6,41364,40377,942,45,SULAWESI UTARA
2022-07-24,1,0,0,1,41365,40377,942,46,SULAWESI UTARA
2022-07-25,2,1,3,-2,41367,40380,943,44,SULAWESI UTARA
2022-07-26,4,0,4,0,41371,40384,943,44,SULAWESI UTARA
2022-07-27,11,0,0,11,41382,40384,943,55,SULAWESI UTARA
2022-07-28,4,0,2,2,41386,40386,943,57,SULAWESI UTARA
2022-07-29,4,0,0,4,41390,40386,943,61,SULAWESI UTARA
2022-07-30,4,0,8,-4,41394,40394,943,57,SULAWESI UTARA
2022-07-31,1,0,1,0,41395,40395,943,57,SULAWESI UTARA
2022-08-01,6,0,10,-4,41401,40405,943,53,SULAWESI UTARA
2022-08-02,7,1,10,-4,41408,40415,944,49,SULAWESI UTARA
2022-08-03,19,0,10,9,41427,40425,944,58,SULAWESI UTARA
2022-08-04,14,0,5,9,41441,40430,944,67,SULAWESI UTARA
2022-08-05,6,0,0,6,41447,40430,944,73,SULAWESI UTARA
2022-08-06,11,0,0,11,41458,40430,944,84,SULAWESI UTARA
2022-08-07,5,0,0,5,41463,40430,944,89,SULAWESI UTARA
2022-08-08,4,0,3,1,41467,40433,944,90,SULAWESI UTARA
2022-08-09,8,0,5,3,41475,40438,944,93,SULAWESI UTARA
2022-08-10,23,0,1,22,41498,40439,944,115,SULAWESI UTARA
2022-08-11,7,0,0,7,41505,40439,944,122,SULAWESI UTARA
2022-08-12,10,0,5,5,41515,40444,944,127,SULAWESI UTARA
2022-08-13,21,0,1,20,41536,40445,944,147,SULAWESI UTARA
2022-08-14,3,0,34,-31,41539,40479,944,116,SULAWESI UTARA
2022-08-15,12,3,3,6,41551,40482,947,122,SULAWESI UTARA
2022-08-16,21,0,0,21,41572,40482,947,143,SULAWESI UTARA
2022-08-17,24,0,4,20,41596,40486,947,163,SULAWESI UTARA
2022-08-18,36,0,22,14,41632,40508,947,177,SULAWESI UTARA
2022-08-19,0,0,4,-4,41632,40512,947,173,SULAWESI UTARA
2022-08-20,6,0,0,6,41638,40512,947,179,SULAWESI UTARA
2022-08-21,7,0,21,-14,41645,40533,947,165,SULAWESI UTARA
2022-08-22,9,0,6,3,41654,40539,947,168,SULAWESI UTARA
2022-08-23,31,0,0,31,41685,40539,947,199,SULAWESI UTARA
2022-08-24,33,0,18,15,41718,40557,947,214,SULAWESI UTARA
2022-08-25,10,1,8,1,41728,40565,948,215,SULAWESI UTARA
2022-08-26,61,0,0,61,41789,40565,948,276,SULAWESI UTARA
2022-08-27,15,0,2,13,41804,40567,948,289,SULAWESI UTARA
2022-08-28,19,0,0,19,41823,40567,948,308,SULAWESI UTARA
2022-08-29,13,1,3,9,41836,40570,949,317,SULAWESI UTARA
2022-08-30,12,0,7,5,41848,40577,949,322,SULAWESI UTARA
2022-08-31,47,0,89,-42,41895,40666,949,280,SULAWESI UTARA
2022-09-01,23,0,2,21,41918,40668,949,301,SULAWESI UTARA
2022-09-02,34,1,11,22,41952,40679,950,323,SULAWESI UTARA
2022-09-03,65,0,1,64,42017,40680,950,387,SULAWESI UTARA
2022-09-04,31,0,28,3,42048,40708,950,390,SULAWESI UTARA
2022-09-05,26,0,24,2,42074,40732,950,392,SULAWESI UTARA
2022-09-06,46,4,10,32,42120,40742,954,424,SULAWESI UTARA
2022-09-07,25,3,28,-6,42145,40770,957,418,SULAWESI UTARA
2022-09-08,43,0,16,27,42188,40786,957,445,SULAWESI UTARA
2022-09-09,39,2,44,-7,42227,40830,959,438,SULAWESI UTARA
2022-09-10,18,0,1,17,42245,40831,959,455,SULAWESI UTARA
2022-09-11,19,2,20,-3,42264,40851,961,452,SULAWESI UTARA
2022-09-12,13,1,43,-31,42277,40894,962,421,SULAWESI UTARA
2022-09-13,34,0,43,-9,42311,40937,962,412,SULAWESI UTARA
2022-09-14,35,0,51,-16,42346,40988,962,396,SULAWESI UTARA
2022-09-15,31,0,1,30,42377,40989,962,426,SULAWESI UTARA
2022-09-16,19,1,35,-17,42396,41024,963,409,SULAWESI UTARA
2022-09-17,31,1,89,-59,42427,41113,964,350,SULAWESI UTARA
2022-09-18,9,0,3,6,42436,41116,964,356,SULAWESI UTARA
2022-09-19,6,2,36,-32,42442,41152,966,324,SULAWESI UTARA
2022-09-20,19,0,20,-1,42461,41172,966,323,SULAWESI UTARA
2022-09-21,21,0,17,4,42482,41189,966,327,SULAWESI UTARA
2022-09-22,26,1,18,7,42508,41207,967,334,SULAWESI UTARA
2022-09-23,27,0,6,21,42535,41213,967,355,SULAWESI UTARA
2022-09-24,23,0,15,8,42558,41228,967,363,SULAWESI UTARA
2022-09-25,11,0,0,11,42569,41228,967,374,SULAWESI UTARA
2022-09-26,15,0,38,-23,42584,41266,967,351,SULAWESI UTARA
2022-09-27,7,1,85,-79,42591,41351,968,272,SULAWESI UTARA
2022-09-28,32,0,0,32,42623,41351,968,304,SULAWESI UTARA
2022-09-29,10,1,0,9,42633,41351,969,313,SULAWESI UTARA
2022-09-30,25,0,1,24,42658,41352,969,337,SULAWESI UTARA
2020-03-20,1,0,0,1,1,0,0,1,JAMBI
2020-03-21,0,0,0,0,1,0,0,1,JAMBI
2020-03-22,0,0,0,0,1,0,0,1,JAMBI
2020-03-23,0,0,0,0,1,0,0,1,JAMBI
2020-03-24,0,0,0,0,1,0,0,1,JAMBI
2020-03-25,0,0,0,0,1,0,0,1,JAMBI
2020-03-26,0,0,0,0,1,0,0,1,JAMBI
2020-03-27,0,0,0,0,1,0,0,1,JAMBI
2020-03-28,0,0,0,0,1,0,0,1,JAMBI
2020-03-29,0,0,0,0,1,0,0,1,JAMBI
2020-03-30,1,0,0,1,2,0,0,2,JAMBI
2020-03-31,0,0,0,0,2,0,0,2,JAMBI
2020-04-01,0,0,0,0,2,0,0,2,JAMBI
2020-04-02,0,0,0,0,2,0,0,2,JAMBI
2020-04-03,0,0,0,0,2,0,0,2,JAMBI
2020-04-04,0,0,0,0,2,0,0,2,JAMBI
2020-04-05,0,0,0,0,2,0,0,2,JAMBI
2020-04-06,0,0,0,0,2,0,0,2,JAMBI
2020-04-07,0,0,0,0,2,0,0,2,JAMBI
2020-04-08,0,0,0,0,2,0,0,2,JAMBI
2020-04-09,0,0,0,0,2,0,0,2,JAMBI
2020-04-10,0,0,0,0,2,0,0,2,JAMBI
2020-04-11,1,0,0,1,3,0,0,3,JAMBI
2020-04-12,0,0,0,0,3,0,0,3,JAMBI
2020-04-13,0,0,0,0,3,0,0,3,JAMBI
2020-04-14,1,0,0,1,4,0,0,4,JAMBI
2020-04-15,0,0,0,0,4,0,0,4,JAMBI
2020-04-16,0,0,0,0,4,0,0,4,JAMBI
2020-04-17,1,0,0,1,5,0,0,5,JAMBI
2020-04-18,0,0,1,-1,5,1,0,4,JAMBI
2020-04-19,0,0,0,0,5,1,0,4,JAMBI
2020-04-20,0,0,0,0,5,1,0,4,JAMBI
2020-04-21,3,0,0,3,8,1,0,7,JAMBI
2020-04-22,0,0,0,0,8,1,0,7,JAMBI
2020-04-23,1,0,0,1,9,1,0,8,JAMBI
2020-04-24,2,0,0,2,11,1,0,10,JAMBI
2020-04-25,2,0,0,2,13,1,0,12,JAMBI
2020-04-26,6,0,0,6,19,1,0,18,JAMBI
2020-04-27,0,0,0,0,19,1,0,18,JAMBI
2020-04-28,0,0,0,0,19,1,0,18,JAMBI
2020-04-29,0,0,0,0,19,1,0,18,JAMBI
2020-04-30,0,0,0,0,19,1,0,18,JAMBI
2020-05-01,0,0,0,0,19,1,0,18,JAMBI
2020-05-02,0,0,0,0,19,1,0,18,JAMBI
2020-05-03,4,0,0,4,23,1,0,22,JAMBI
2020-05-04,0,0,0,0,23,1,0,22,JAMBI
2020-05-05,4,0,0,4,27,1,0,26,JAMBI
2020-05-06,2,0,0,2,29,1,0,28,JAMBI
2020-05-07,0,0,0,0,29,1,0,28,JAMBI
2020-05-08,0,0,0,0,29,1,0,28,JAMBI
2020-05-09,10,0,1,9,39,2,0,37,JAMBI
2020-05-10,2,0,0,2,41,2,0,39,JAMBI
2020-05-11,1,0,0,1,42,2,0,40,JAMBI
2020-05-12,0,0,0,0,42,2,0,40,JAMBI
2020-05-13,0,0,0,0,42,2,0,40,JAMBI
2020-05-14,1,0,0,1,43,2,0,41,JAMBI
2020-05-15,3,0,0,3,46,2,0,44,JAMBI
2020-05-16,8,0,1,7,54,3,0,51,JAMBI
2020-05-17,1,0,0,1,55,3,0,52,JAMBI
2020-05-18,1,0,0,1,56,3,0,53,JAMBI
2020-05-19,3,0,0,3,59,3,0,56,JAMBI
2020-05-20,4,0,2,2,63,5,0,58,JAMBI
2020-05-21,0,0,1,-1,63,6,0,57,JAMBI
2020-05-22,2,0,0,2,65,6,0,59,JAMBI
2020-05-23,0,0,2,-2,65,8,0,57,JAMBI
2020-05-24,4,0,1,3,69,9,0,60,JAMBI
2020-05-25,0,0,0,0,69,9,0,60,JAMBI
2020-05-26,0,0,0,0,69,9,0,60,JAMBI
2020-05-27,0,0,0,0,69,9,0,60,JAMBI
2020-05-28,0,0,0,0,69,9,0,60,JAMBI
2020-05-29,0,0,0,0,69,9,0,60,JAMBI
2020-05-30,0,0,0,0,69,9,0,60,JAMBI
2020-05-31,0,0,0,0,69,9,0,60,JAMBI
2020-06-01,0,0,4,-4,69,13,0,56,JAMBI
2020-06-02,0,0,0,0,69,13,0,56,JAMBI
2020-06-03,0,0,6,-6,69,19,0,50,JAMBI
2020-06-04,2,0,0,2,71,19,0,52,JAMBI
2020-06-05,2,0,0,2,73,19,0,54,JAMBI
2020-06-06,1,0,0,1,74,19,0,55,JAMBI
2020-06-07,0,0,0,0,74,19,0,55,JAMBI
2020-06-08,0,0,0,0,74,19,0,55,JAMBI
2020-06-09,0,0,0,0,74,19,0,55,JAMBI
2020-06-10,1,0,0,1,75,19,0,56,JAMBI
2020-06-11,0,0,0,0,75,19,0,56,JAMBI
2020-06-12,1,0,0,1,76,19,0,57,JAMBI
2020-06-13,2,0,7,-5,78,26,0,52,JAMBI
2020-06-14,0,0,0,0,78,26,0,52,JAMBI
2020-06-15,0,0,0,0,78,26,0,52,JAMBI
2020-06-16,0,0,4,-4,78,30,0,48,JAMBI
2020-06-17,1,0,0,1,79,30,0,49,JAMBI
2020-06-18,0,0,0,0,79,30,0,49,JAMBI
2020-06-19,3,0,0,3,82,30,0,52,JAMBI
2020-06-20,0,0,0,0,82,30,0,52,JAMBI
2020-06-21,0,0,0,0,82,30,0,52,JAMBI
2020-06-22,0,0,0,0,82,30,0,52,JAMBI
2020-06-23,2,0,16,-14,84,46,0,38,JAMBI
2020-06-24,0,0,0,0,84,46,0,38,JAMBI
2020-06-25,0,1,0,-1,84,46,1,37,JAMBI
2020-06-26,0,0,0,0,84,46,1,37,JAMBI
2020-06-27,1,0,3,-2,85,49,1,35,JAMBI
2020-06-28,0,0,0,0,85,49,1,35,JAMBI
2020-06-29,0,0,0,0,85,49,1,35,JAMBI
2020-06-30,0,0,0,0,85,49,1,35,JAMBI
2020-07-01,0,0,6,-6,85,55,1,29,JAMBI
2020-07-02,0,0,0,0,85,55,1,29,JAMBI
2020-07-03,0,0,0,0,85,55,1,29,JAMBI
2020-07-04,0,0,0,0,85,55,1,29,JAMBI
2020-07-05,3,1,3,-1,88,58,2,28,JAMBI
2020-07-06,0,0,0,0,88,58,2,28,JAMBI
2020-07-07,0,0,0,0,88,58,2,28,JAMBI
2020-07-08,0,0,0,0,88,58,2,28,JAMBI
2020-07-09,1,0,0,1,89,58,2,29,JAMBI
2020-07-10,0,0,2,-2,89,60,2,27,JAMBI
2020-07-11,0,0,0,0,89,60,2,27,JAMBI
2020-07-12,0,0,6,-6,89,66,2,21,JAMBI
2020-07-13,0,1,0,-1,89,66,3,20,JAMBI
2020-07-14,2,0,0,2,91,66,3,22,JAMBI
2020-07-15,1,0,2,-1,92,68,3,21,JAMBI
2020-07-16,0,0,0,0,92,68,3,21,JAMBI
2020-07-17,0,0,2,-2,92,70,3,19,JAMBI
2020-07-18,6,0,3,3,98,73,3,22,JAMBI
2020-07-19,0,0,1,-1,98,74,3,21,JAMBI
2020-07-20,0,0,0,0,98,74,3,21,JAMBI
2020-07-21,2,0,0,2,100,74,3,23,JAMBI
2020-07-22,0,0,3,-3,100,77,3,20,JAMBI
2020-07-23,0,0,2,-2,100,79,3,18,JAMBI
2020-07-24,2,0,1,1,102,80,3,19,JAMBI
2020-07-25,1,0,1,0,103,81,3,19,JAMBI
2020-07-26,0,0,0,0,103,81,3,19,JAMBI
2020-07-27,0,0,0,0,103,81,3,19,JAMBI
2020-07-28,0,0,1,-1,103,82,3,18,JAMBI
2020-07-29,12,2,1,9,115,83,5,27,JAMBI
2020-07-30,2,0,0,2,117,83,5,29,JAMBI
2020-07-31,5,0,0,5,122,83,5,34,JAMBI
2020-08-01,6,0,0,6,128,83,5,40,JAMBI
2020-08-02,1,0,0,1,129,83,5,41,JAMBI
2020-08-03,0,0,0,0,129,83,5,41,JAMBI
2020-08-04,18,0,1,17,147,84,5,58,JAMBI
2020-08-05,4,0,0,4,151,84,5,62,JAMBI
2020-08-06,0,0,0,0,151,84,5,62,JAMBI
2020-08-07,11,0,0,11,162,84,5,73,JAMBI
2020-08-08,4,0,0,4,166,84,5,77,JAMBI
2020-08-09,0,0,1,-1,166,85,5,76,JAMBI
2020-08-10,0,0,0,0,166,85,5,76,JAMBI
2020-08-11,0,0,0,0,166,85,5,76,JAMBI
2020-08-12,4,0,0,4,170,85,5,80,JAMBI
2020-08-13,0,0,0,0,170,85,5,80,JAMBI
2020-08-14,6,0,1,5,176,86,5,85,JAMBI
2020-08-15,2,0,0,2,178,86,5,87,JAMBI
2020-08-16,0,0,0,0,178,86,5,87,JAMBI
2020-08-17,16,0,1,15,194,87,5,102,JAMBI
2020-08-18,0,0,0,0,194,87,5,102,JAMBI
2020-08-19,5,0,4,1,199,91,5,103,JAMBI
2020-08-20,0,0,0,0,199,91,5,103,JAMBI
2020-08-21,17,1,4,12,216,95,6,115,JAMBI
2020-08-22,2,0,1,1,218,96,6,116,JAMBI
2020-08-23,0,0,0,0,218,96,6,116,JAMBI
2020-08-24,0,0,0,0,218,96,6,116,JAMBI
2020-08-25,7,0,2,5,225,98,6,121,JAMBI
2020-08-26,7,0,3,4,232,101,6,125,JAMBI
2020-08-27,5,0,0,5,237,101,6,130,JAMBI
2020-08-28,5,0,5,0,242,106,6,130,JAMBI
2020-08-29,0,0,6,-6,242,112,6,124,JAMBI
2020-08-30,0,0,0,0,242,112,6,124,JAMBI
2020-08-31,0,0,7,-7,242,119,6,117,JAMBI
2020-09-01,0,0,0,0,242,119,6,117,JAMBI
2020-09-02,1,0,0,1,243,119,6,118,JAMBI
2020-09-03,0,0,1,-1,243,120,6,117,JAMBI
2020-09-04,0,0,12,-12,243,132,6,105,JAMBI
2020-09-05,0,0,9,-9,243,141,6,96,JAMBI
2020-09-06,0,0,0,0,243,141,6,96,JAMBI
2020-09-07,0,0,0,0,243,141,6,96,JAMBI
2020-09-08,0,0,0,0,243,141,6,96,JAMBI
2020-09-09,3,0,6,-3,246,147,6,93,JAMBI
2020-09-10,1,0,21,-20,247,168,6,73,JAMBI
2020-09-11,4,1,9,-6,251,177,7,67,JAMBI
2020-09-12,3,0,6,-3,254,183,7,64,JAMBI
2020-09-13,2,0,3,-1,256,186,7,63,JAMBI
2020-09-14,0,0,0,0,256,186,7,63,JAMBI
2020-09-15,9,0,0,9,265,186,7,72,JAMBI
2020-09-16,10,0,8,2,275,194,7,74,JAMBI
2020-09-17,5,1,5,-1,280,199,8,73,JAMBI
2020-09-18,5,0,2,3,285,201,8,76,JAMBI
2020-09-19,13,0,2,11,298,203,8,87,JAMBI
2020-09-20,11,0,1,10,309,204,8,97,JAMBI
2020-09-21,0,0,1,-1,309,205,8,96,JAMBI
2020-09-22,0,0,0,0,309,205,8,96,JAMBI
2020-09-23,5,0,2,3,314,207,8,99,JAMBI
2020-09-24,4,0,2,2,318,209,8,101,JAMBI
2020-09-25,9,0,1,8,327,210,8,109,JAMBI
2020-09-26,13,1,0,12,340,210,9,121,JAMBI
2020-09-27,17,0,1,16,357,211,9,137,JAMBI
2020-09-28,20,0,0,20,377,211,9,157,JAMBI
2020-09-29,18,2,0,16,395,211,11,173,JAMBI
2020-09-30,17,0,0,17,412,211,11,190,JAMBI
2020-10-01,18,0,2,16,430,213,11,206,JAMBI
2020-10-02,18,0,3,15,448,216,11,221,JAMBI
2020-10-03,10,0,3,7,458,219,11,228,JAMBI
2020-10-04,16,0,4,12,474,223,11,240,JAMBI
2020-10-05,21,0,4,17,495,227,11,257,JAMBI
2020-10-06,21,0,6,15,516,233,11,272,JAMBI
2020-10-07,21,0,9,12,537,242,11,284,JAMBI
2020-10-08,39,0,0,39,576,242,11,323,JAMBI
2020-10-09,38,1,4,33,614,246,12,356,JAMBI
2020-10-10,27,0,1,26,641,247,12,382,JAMBI
2020-10-11,16,2,5,9,657,252,14,391,JAMBI
2020-10-12,12,0,0,12,669,252,14,403,JAMBI
2020-10-13,32,0,2,30,701,254,14,433,JAMBI
2020-10-14,21,0,0,21,722,254,14,454,JAMBI
2020-10-15,19,0,3,16,741,257,14,470,JAMBI
2020-10-16,18,0,18,0,759,275,14,470,JAMBI
2020-10-17,19,0,22,-3,778,297,14,467,JAMBI
2020-10-18,11,0,0,11,789,297,14,478,JAMBI
2020-10-19,6,0,3,3,795,300,14,481,JAMBI
2020-10-20,29,2,5,22,824,305,16,503,JAMBI
2020-10-21,18,0,0,18,842,305,16,521,JAMBI
2020-10-22,12,0,37,-25,854,342,16,496,JAMBI
2020-10-23,16,0,3,13,870,345,16,509,JAMBI
2020-10-24,23,0,15,8,893,360,16,517,JAMBI
2020-10-25,17,0,44,-27,910,404,16,490,JAMBI
2020-10-26,6,1,15,-10,916,419,17,480,JAMBI
2020-10-27,6,1,19,-14,922,438,18,466,JAMBI
2020-10-28,23,1,28,-6,945,466,19,460,JAMBI
2020-10-29,26,0,16,10,971,482,19,470,JAMBI
2020-10-30,5,0,13,-8,976,495,19,462,JAMBI
2020-10-31,0,0,10,-10,976,505,19,452,JAMBI
2020-11-01,0,0,0,0,976,505,19,452,JAMBI
2020-11-02,0,0,0,0,976,505,19,452,JAMBI
2020-11-03,6,0,26,-20,982,531,19,432,JAMBI
2020-11-04,5,0,3,2,987,534,19,434,JAMBI
2020-11-05,9,0,17,-8,996,551,19,426,JAMBI
2020-11-06,13,0,16,-3,1009,567,19,423,JAMBI
2020-11-07,16,0,13,3,1025,580,19,426,JAMBI
2020-11-08,31,0,22,9,1056,602,19,435,JAMBI
2020-11-09,31,0,26,5,1087,628,19,440,JAMBI
2020-11-10,9,0,39,-30,1096,667,19,410,JAMBI
2020-11-11,8,1,26,-19,1104,693,20,391,JAMBI
2020-11-12,11,1,24,-14,1115,717,21,377,JAMBI
2020-11-13,17,1,14,2,1132,731,22,379,JAMBI
2020-11-14,16,1,18,-3,1148,749,23,376,JAMBI
2020-11-15,14,0,27,-13,1162,776,23,363,JAMBI
2020-11-16,0,0,8,-8,1162,784,23,355,JAMBI
2020-11-17,9,2,4,3,1171,788,25,358,JAMBI
2020-11-18,22,0,24,-2,1193,812,25,356,JAMBI
2020-11-19,33,1,39,-7,1226,851,26,349,JAMBI
2020-11-20,37,0,33,4,1263,884,26,353,JAMBI
2020-11-21,35,0,30,5,1298,914,26,358,JAMBI
2020-11-22,22,0,0,22,1320,914,26,380,JAMBI
2020-11-23,0,0,22,-22,1320,936,26,358,JAMBI
2020-11-24,37,1,7,29,1357,943,27,387,JAMBI
2020-11-25,38,0,38,0,1395,981,27,387,JAMBI
2020-11-26,30,0,3,27,1425,984,27,414,JAMBI
2020-11-27,36,1,34,1,1461,1018,28,415,JAMBI
2020-11-28,34,0,5,29,1495,1023,28,444,JAMBI
2020-11-29,35,0,29,6,1530,1052,28,450,JAMBI
2020-11-30,28,0,20,8,1558,1072,28,458,JAMBI
2020-12-01,35,0,35,0,1593,1107,28,458,JAMBI
2020-12-02,62,0,38,24,1655,1145,28,482,JAMBI
2020-12-03,78,2,17,59,1733,1162,30,541,JAMBI
2020-12-04,44,0,0,44,1777,1162,30,585,JAMBI
2020-12-05,87,0,17,70,1864,1179,30,655,JAMBI
2020-12-06,19,1,1,17,1883,1180,31,672,JAMBI
2020-12-07,0,0,13,-13,1883,1193,31,659,JAMBI
2020-12-08,58,1,11,46,1941,1204,32,705,JAMBI
2020-12-09,57,0,4,53,1998,1208,32,758,JAMBI
2020-12-10,26,0,0,26,2024,1208,32,784,JAMBI
2020-12-11,31,2,5,24,2055,1213,34,808,JAMBI
2020-12-12,50,0,21,29,2105,1234,34,837,JAMBI
2020-12-13,51,2,19,30,2156,1253,36,867,JAMBI
2020-12-14,0,0,0,0,2156,1253,36,867,JAMBI
2020-12-15,35,0,51,-16,2191,1304,36,851,JAMBI
2020-12-16,17,0,35,-18,2208,1339,36,833,JAMBI
2020-12-17,65,0,73,-8,2273,1412,36,825,JAMBI
2020-12-18,17,1,56,-40,2290,1468,37,785,JAMBI
2020-12-19,30,0,33,-3,2320,1501,37,782,JAMBI
2020-12-20,29,0,8,21,2349,1509,37,803,JAMBI
2020-12-21,15,1,39,-25,2364,1548,38,778,JAMBI
2020-12-22,27,0,51,-24,2391,1599,38,754,JAMBI
2020-12-23,34,2,10,22,2425,1609,40,776,JAMBI
2020-12-24,33,0,40,-7,2458,1649,40,769,JAMBI
2020-12-25,21,0,33,-12,2479,1682,40,757,JAMBI
2020-12-26,0,1,35,-36,2479,1717,41,721,JAMBI
2020-12-27,15,0,22,-7,2494,1739,41,714,JAMBI
2020-12-28,8,0,29,-21,2502,1768,41,693,JAMBI
2020-12-29,21,2,12,7,2523,1780,43,700,JAMBI
2020-12-30,27,0,47,-20,2550,1827,43,680,JAMBI
2020-12-31,28,1,40,-13,2578,1867,44,667,JAMBI
2021-01-01,32,0,26,6,2610,1893,44,673,JAMBI
2021-01-02,26,0,26,0,2636,1919,44,673,JAMBI
2021-01-03,21,1,0,20,2657,1919,45,693,JAMBI
2021-01-04,11,0,11,0,2668,1930,45,693,JAMBI
2021-01-05,13,0,31,-18,2681,1961,45,675,JAMBI
2021-01-06,36,0,26,10,2717,1987,45,685,JAMBI
2021-01-07,48,0,40,8,2765,2027,45,693,JAMBI
2021-01-08,55,0,29,26,2820,2056,45,719,JAMBI
2021-01-09,32,0,36,-4,2852,2092,45,715,JAMBI
2021-01-10,25,1,12,12,2877,2104,46,727,JAMBI
2021-01-11,9,0,6,3,2886,2110,46,730,JAMBI
2021-01-12,30,0,8,22,2916,2118,46,752,JAMBI
2021-01-13,62,1,13,48,2978,2131,47,800,JAMBI
2021-01-14,59,0,1,58,3037,2132,47,858,JAMBI
2021-01-15,36,0,34,2,3073,2166,47,860,JAMBI
2021-01-16,22,2,1,19,3095,2167,49,879,JAMBI
2021-01-17,43,0,46,-3,3138,2213,49,876,JAMBI
2021-01-18,26,0,3,23,3164,2216,49,899,JAMBI
2021-01-19,43,0,5,38,3207,2221,49,937,JAMBI
2021-01-20,25,0,32,-7,3232,2253,49,930,JAMBI
2021-01-21,59,0,12,47,3291,2265,49,977,JAMBI
2021-01-22,52,0,32,20,3343,2297,49,997,JAMBI
2021-01-23,29,0,10,19,3372,2307,49,1016,JAMBI
2021-01-24,31,0,49,-18,3403,2356,49,998,JAMBI
2021-01-25,20,0,7,13,3423,2363,49,1011,JAMBI
2021-01-26,30,0,21,9,3453,2384,49,1020,JAMBI
2021-01-27,48,1,49,-2,3501,2433,50,1018,JAMBI
2021-01-28,56,0,33,23,3557,2466,50,1041,JAMBI
2021-01-29,35,0,43,-8,3592,2509,50,1033,JAMBI
2021-01-30,30,0,23,7,3622,2532,50,1040,JAMBI
2021-01-31,32,1,31,0,3654,2563,51,1040,JAMBI
2021-02-01,0,0,0,0,3654,2563,51,1040,JAMBI
2021-02-02,40,0,22,18,3694,2585,51,1058,JAMBI
2021-02-03,50,0,5,45,3744,2590,51,1103,JAMBI
2021-02-04,38,0,12,26,3782,2602,51,1129,JAMBI
2021-02-05,43,2,106,-65,3825,2708,53,1064,JAMBI
2021-02-06,31,0,49,-18,3856,2757,53,1046,JAMBI
2021-02-07,22,0,27,-5,3878,2784,53,1041,JAMBI
2021-02-08,1,0,10,-9,3879,2794,53,1032,JAMBI
2021-02-09,19,0,18,1,3898,2812,53,1033,JAMBI
2021-02-10,41,0,59,-18,3939,2871,53,1015,JAMBI
2021-02-11,28,0,30,-2,3967,2901,53,1013,JAMBI
2021-02-12,26,0,19,7,3993,2920,53,1020,JAMBI
2021-02-13,28,0,2,26,4021,2922,53,1046,JAMBI
2021-02-14,24,0,15,9,4045,2937,53,1055,JAMBI
2021-02-15,8,0,12,-4,4053,2949,53,1051,JAMBI
2021-02-16,17,0,0,17,4070,2949,53,1068,JAMBI
2021-02-17,17,0,2,15,4087,2951,53,1083,JAMBI
2021-02-18,43,2,44,-3,4130,2995,55,1080,JAMBI
2021-02-19,9,0,24,-15,4139,3019,55,1065,JAMBI
2021-02-20,17,0,29,-12,4156,3048,55,1053,JAMBI
2021-02-21,19,0,19,0,4175,3067,55,1053,JAMBI
2021-02-22,16,0,11,5,4191,3078,55,1058,JAMBI
2021-02-23,19,0,19,0,4210,3097,55,1058,JAMBI
2021-02-24,44,0,39,5,4254,3136,55,1063,JAMBI
2021-02-25,21,1,34,-14,4275,3170,56,1049,JAMBI
2021-02-26,21,1,31,-11,4296,3201,57,1038,JAMBI
2021-02-27,71,0,35,36,4367,3236,57,1074,JAMBI
2021-02-28,23,0,29,-6,4390,3265,57,1068,JAMBI
2021-03-01,0,0,33,-33,4390,3298,57,1035,JAMBI
2021-03-02,37,0,0,37,4427,3298,57,1072,JAMBI
2021-03-03,7,0,49,-42,4434,3347,57,1030,JAMBI
2021-03-04,33,0,16,17,4467,3363,57,1047,JAMBI
2021-03-05,7,2,19,-14,4474,3382,59,1033,JAMBI
2021-03-06,14,0,35,-21,4488,3417,59,1012,JAMBI
2021-03-07,19,0,13,6,4507,3430,59,1018,JAMBI
2021-03-08,6,0,9,-3,4513,3439,59,1015,JAMBI
2021-03-09,10,1,38,-29,4523,3477,60,986,JAMBI
2021-03-10,13,0,40,-27,4536,3517,60,959,JAMBI
2021-03-11,8,0,10,-2,4544,3527,60,957,JAMBI
2021-03-12,22,0,0,22,4566,3527,60,979,JAMBI
2021-03-13,15,0,40,-25,4581,3567,60,954,JAMBI
2021-03-14,0,0,20,-20,4581,3587,60,934,JAMBI
2021-03-15,4,0,27,-23,4585,3614,60,911,JAMBI
2021-03-16,27,0,43,-16,4612,3657,60,895,JAMBI
2021-03-17,21,0,9,12,4633,3666,60,907,JAMBI
2021-03-18,28,2,67,-41,4661,3733,62,866,JAMBI
2021-03-19,24,2,75,-53,4685,3808,64,813,JAMBI
2021-03-20,24,6,58,-40,4709,3866,70,773,JAMBI
2021-03-21,16,0,10,6,4725,3876,70,779,JAMBI
2021-03-22,13,0,25,-12,4738,3901,70,767,JAMBI
2021-03-23,15,0,19,-4,4753,3920,70,763,JAMBI
2021-03-24,20,0,8,12,4773,3928,70,775,JAMBI
2021-03-25,36,0,1,35,4809,3929,70,810,JAMBI
2021-03-26,10,1,9,0,4819,3938,71,810,JAMBI
2021-03-27,33,1,20,12,4852,3958,72,822,JAMBI
2021-03-28,44,0,10,34,4896,3968,72,856,JAMBI
2021-03-29,38,2,25,11,4934,3993,74,867,JAMBI
2021-03-30,15,0,11,4,4949,4004,74,871,JAMBI
2021-03-31,25,0,58,-33,4974,4062,74,838,JAMBI
2021-04-01,48,0,14,34,5022,4076,74,872,JAMBI
2021-04-02,35,0,8,27,5057,4084,74,899,JAMBI
2021-04-03,25,1,21,3,5082,4105,75,902,JAMBI
2021-04-04,20,0,14,6,5102,4119,75,908,JAMBI
2021-04-05,18,0,11,7,5120,4130,75,915,JAMBI
2021-04-06,50,0,30,20,5170,4160,75,935,JAMBI
2021-04-07,39,1,24,14,5209,4184,76,949,JAMBI
2021-04-08,41,0,23,18,5250,4207,76,967,JAMBI
2021-04-09,39,0,20,19,5289,4227,76,986,JAMBI
2021-04-10,7,0,38,-31,5296,4265,76,955,JAMBI
2021-04-11,18,1,6,11,5314,4271,77,966,JAMBI
2021-04-12,4,0,6,-2,5318,4277,77,964,JAMBI
2021-04-13,32,0,42,-10,5350,4319,77,954,JAMBI
2021-04-14,35,0,23,12,5385,4342,77,966,JAMBI
2021-04-15,43,0,52,-9,5428,4394,77,957,JAMBI
2021-04-16,41,0,38,3,5469,4432,77,960,JAMBI
2021-04-17,55,2,38,15,5524,4470,79,975,JAMBI
2021-04-18,36,0,18,18,5560,4488,79,993,JAMBI
2021-04-19,18,1,23,-6,5578,4511,80,987,JAMBI
2021-04-20,58,2,37,19,5636,4548,82,1006,JAMBI
2021-04-21,48,0,21,27,5684,4569,82,1033,JAMBI
2021-04-22,70,1,32,37,5754,4601,83,1070,JAMBI
2021-04-23,33,1,63,-31,5787,4664,84,1039,JAMBI
2021-04-24,52,0,58,-6,5839,4722,84,1033,JAMBI
2021-04-25,23,0,17,6,5862,4739,84,1039,JAMBI
2021-04-26,30,2,35,-7,5892,4774,86,1032,JAMBI
2021-04-27,24,1,17,6,5916,4791,87,1038,JAMBI
2021-04-28,78,1,37,40,5994,4828,88,1078,JAMBI
2021-04-29,78,1,81,-4,6072,4909,89,1074,JAMBI
2021-04-30,60,0,20,40,6132,4929,89,1114,JAMBI
2021-05-01,43,2,39,2,6175,4968,91,1116,JAMBI
2021-05-02,62,1,23,38,6237,4991,92,1154,JAMBI
2021-05-03,67,0,36,31,6304,5027,92,1185,JAMBI
2021-05-04,40,1,49,-10,6344,5076,93,1175,JAMBI
2021-05-05,84,2,54,28,6428,5130,95,1203,JAMBI
2021-05-06,65,2,38,25,6493,5168,97,1228,JAMBI
2021-05-07,73,8,76,-11,6566,5244,105,1217,JAMBI
2021-05-08,76,3,29,44,6642,5273,108,1261,JAMBI
2021-05-09,61,0,49,12,6703,5322,108,1273,JAMBI
2021-05-10,49,1,53,-5,6752,5375,109,1268,JAMBI
2021-05-11,50,1,47,2,6802,5422,110,1270,JAMBI
2021-05-12,50,0,48,2,6852,5470,110,1272,JAMBI
2021-05-13,10,0,14,-4,6862,5484,110,1268,JAMBI
2021-05-14,53,2,33,18,6915,5517,112,1286,JAMBI
2021-05-15,0,0,59,-59,6915,5576,112,1227,JAMBI
2021-05-16,18,1,16,1,6933,5592,113,1228,JAMBI
2021-05-17,16,0,36,-20,6949,5628,113,1208,JAMBI
2021-05-18,4,0,50,-46,6953,5678,113,1162,JAMBI
2021-05-19,42,1,50,-9,6995,5728,114,1153,JAMBI
2021-05-20,70,3,35,32,7065,5763,117,1185,JAMBI
2021-05-21,53,1,32,20,7118,5795,118,1205,JAMBI
2021-05-22,54,4,48,2,7172,5843,122,1207,JAMBI
2021-05-23,42,5,79,-42,7214,5922,127,1165,JAMBI
2021-05-24,67,0,44,23,7281,5966,127,1188,JAMBI
2021-05-25,45,3,51,-9,7326,6017,130,1179,JAMBI
2021-05-26,67,0,63,4,7393,6080,130,1183,JAMBI
2021-05-27,59,1,16,42,7452,6096,131,1225,JAMBI
2021-05-28,50,0,109,-59,7502,6205,131,1166,JAMBI
2021-05-29,63,2,39,22,7565,6244,133,1188,JAMBI
2021-05-30,66,8,1,57,7631,6245,141,1245,JAMBI
2021-05-31,72,2,3,67,7703,6248,143,1312,JAMBI
2021-06-01,54,0,50,4,7757,6298,143,1316,JAMBI
2021-06-02,75,1,26,48,7832,6324,144,1364,JAMBI
2021-06-03,55,0,47,8,7887,6371,144,1372,JAMBI
2021-06-04,67,1,62,4,7954,6433,145,1376,JAMBI
2021-06-05,65,2,24,39,8019,6457,147,1415,JAMBI
2021-06-06,77,1,49,27,8096,6506,148,1442,JAMBI
2021-06-07,100,2,52,46,8196,6558,150,1488,JAMBI
2021-06-08,120,2,66,52,8316,6624,152,1540,JAMBI
2021-06-09,118,1,53,64,8434,6677,153,1604,JAMBI
2021-06-10,99,0,44,55,8533,6721,153,1659,JAMBI
2021-06-11,71,3,117,-49,8604,6838,156,1610,JAMBI
2021-06-12,123,1,163,-41,8727,7001,157,1569,JAMBI
2021-06-13,113,1,185,-73,8840,7186,158,1496,JAMBI
2021-06-14,80,3,125,-48,8920,7311,161,1448,JAMBI
2021-06-15,103,0,52,51,9023,7363,161,1499,JAMBI
2021-06-16,100,2,73,25,9123,7436,163,1524,JAMBI
2021-06-17,106,2,69,35,9229,7505,165,1559,JAMBI
2021-06-18,127,0,89,38,9356,7594,165,1597,JAMBI
2021-06-19,113,1,166,-54,9469,7760,166,1543,JAMBI
2021-06-20,87,4,112,-29,9556,7872,170,1514,JAMBI
2021-06-21,99,6,52,41,9655,7924,176,1555,JAMBI
2021-06-22,107,3,115,-11,9762,8039,179,1544,JAMBI
2021-06-23,93,1,75,17,9855,8114,180,1561,JAMBI
2021-06-24,37,2,110,-75,9892,8224,182,1486,JAMBI
2021-06-25,121,4,120,-3,10013,8344,186,1483,JAMBI
2021-06-26,50,1,123,-74,10063,8467,187,1409,JAMBI
2021-06-27,34,1,42,-9,10097,8509,188,1400,JAMBI
2021-06-28,38,3,127,-92,10135,8636,191,1308,JAMBI
2021-06-29,96,2,111,-17,10231,8747,193,1291,JAMBI
2021-06-30,93,2,80,11,10324,8827,195,1302,JAMBI
2021-07-01,79,0,42,37,10403,8869,195,1339,JAMBI
2021-07-02,150,7,112,31,10553,8981,202,1370,JAMBI
2021-07-03,47,3,58,-14,10600,9039,205,1356,JAMBI
2021-07-04,96,6,65,25,10696,9104,211,1381,JAMBI
2021-07-05,95,2,83,10,10791,9187,213,1391,JAMBI
2021-07-06,51,2,121,-72,10842,9308,215,1319,JAMBI
2021-07-07,79,3,36,40,10921,9344,218,1359,JAMBI
2021-07-08,100,1,110,-11,11021,9454,219,1348,JAMBI
2021-07-09,151,0,91,60,11172,9545,219,1408,JAMBI
2021-07-10,110,4,64,42,11282,9609,223,1450,JAMBI
2021-07-11,116,4,217,-105,11398,9826,227,1345,JAMBI
2021-07-12,31,4,92,-65,11429,9918,231,1280,JAMBI
2021-07-13,300,0,30,270,11729,9948,231,1550,JAMBI
2021-07-14,317,1,37,279,12046,9985,232,1829,JAMBI
2021-07-15,305,1,76,228,12351,10061,233,2057,JAMBI
2021-07-16,240,4,99,137,12591,10160,237,2194,JAMBI
2021-07-17,244,1,49,194,12835,10209,238,2388,JAMBI
2021-07-18,355,6,110,239,13190,10319,244,2627,JAMBI
2021-07-19,171,1,82,88,13361,10401,245,2715,JAMBI
2021-07-20,180,2,40,138,13541,10441,247,2853,JAMBI
2021-07-21,14,5,153,-144,13555,10594,252,2709,JAMBI
2021-07-22,281,8,15,258,13836,10609,260,2967,JAMBI
2021-07-23,364,5,30,329,14200,10639,265,3296,JAMBI
2021-07-24,312,7,42,263,14512,10681,272,3559,JAMBI
2021-07-25,145,9,43,93,14657,10724,281,3652,JAMBI
2021-07-26,82,6,128,-52,14739,10852,287,3600,JAMBI
2021-07-27,176,4,154,18,14915,11006,291,3618,JAMBI
2021-07-28,458,3,164,291,15373,11170,294,3909,JAMBI
2021-07-29,312,13,196,103,15685,11366,307,4012,JAMBI
2021-07-30,306,8,174,124,15991,11540,315,4136,JAMBI
2021-07-31,240,7,157,76,16231,11697,322,4212,JAMBI
2021-08-01,330,5,101,224,16561,11798,327,4436,JAMBI
2021-08-02,47,3,230,-186,16608,12028,330,4250,JAMBI
2021-08-03,345,7,110,228,16953,12138,337,4478,JAMBI
2021-08-04,313,17,326,-30,17266,12464,354,4448,JAMBI
2021-08-05,276,12,249,15,17542,12713,366,4463,JAMBI
2021-08-06,295,21,633,-359,17837,13346,387,4104,JAMBI
2021-08-07,256,8,343,-95,18093,13689,395,4009,JAMBI
2021-08-08,205,2,205,-2,18298,13894,397,4007,JAMBI
2021-08-09,22,6,209,-193,18320,14103,403,3814,JAMBI
2021-08-10,363,7,126,230,18683,14229,410,4044,JAMBI
2021-08-11,368,8,250,110,19051,14479,418,4154,JAMBI
2021-08-12,79,4,446,-371,19130,14925,422,3783,JAMBI
2021-08-13,312,9,361,-58,19442,15286,431,3725,JAMBI
2021-08-14,340,5,196,139,19782,15482,436,3864,JAMBI
2021-08-15,306,6,233,67,20088,15715,442,3931,JAMBI
2021-08-16,140,6,195,-61,20228,15910,448,3870,JAMBI
2021-08-17,276,6,308,-38,20504,16218,454,3832,JAMBI
2021-08-18,100,6,537,-443,20604,16755,460,3389,JAMBI
2021-08-19,296,6,359,-69,20900,17114,466,3320,JAMBI
2021-08-20,255,5,179,71,21155,17293,471,3391,JAMBI
2021-08-21,261,4,101,156,21416,17394,475,3547,JAMBI
2021-08-22,157,8,466,-317,21573,17860,483,3230,JAMBI
2021-08-23,51,9,229,-187,21624,18089,492,3043,JAMBI
2021-08-24,125,5,286,-166,21749,18375,497,2877,JAMBI
2021-08-25,223,10,174,39,21972,18549,507,2916,JAMBI
2021-08-26,125,7,498,-380,22097,19047,514,2536,JAMBI
2021-08-27,104,5,247,-148,22201,19294,519,2388,JAMBI
2021-08-28,138,12,287,-161,22339,19581,531,2227,JAMBI
2021-08-29,88,13,246,-171,22427,19827,544,2056,JAMBI
2021-08-30,45,3,177,-135,22472,20004,547,1921,JAMBI
2021-08-31,90,3,172,-85,22562,20176,550,1836,JAMBI
2021-09-01,103,6,178,-81,22665,20354,556,1755,JAMBI
2021-09-02,78,6,85,-13,22743,20439,562,1742,JAMBI
2021-09-03,86,1,137,-52,22829,20576,563,1690,JAMBI
2021-09-04,97,1,141,-45,22926,20717,564,1645,JAMBI
2021-09-05,52,3,111,-62,22978,20828,567,1583,JAMBI
2021-09-06,34,3,144,-113,23012,20972,570,1470,JAMBI
2021-09-07,38,5,129,-96,23050,21101,575,1374,JAMBI
2021-09-08,54,6,119,-71,23104,21220,581,1303,JAMBI
2021-09-09,52,1,94,-43,23156,21314,582,1260,JAMBI
2021-09-10,44,4,161,-121,23200,21475,586,1139,JAMBI
2021-09-11,44,2,43,-1,23244,21518,588,1138,JAMBI
2021-09-12,42,2,175,-135,23286,21693,590,1003,JAMBI
2021-09-13,14,3,112,-101,23300,21805,593,902,JAMBI
2021-09-14,33,2,63,-32,23333,21868,595,870,JAMBI
2021-09-15,32,1,43,-12,23365,21911,596,858,JAMBI
2021-09-16,19,1,84,-66,23384,21995,597,792,JAMBI
2021-09-17,47,1,35,11,23431,22030,598,803,JAMBI
2021-09-18,19,0,74,-55,23450,22104,598,748,JAMBI
2021-09-19,19,0,80,-61,23469,22184,598,687,JAMBI
2021-09-20,13,4,94,-85,23482,22278,602,602,JAMBI
2021-09-21,15,1,41,-27,23497,22319,603,575,JAMBI
2021-09-22,23,0,81,-58,23520,22400,603,517,JAMBI
2021-09-23,18,1,43,-26,23538,22443,604,491,JAMBI
2021-09-24,21,0,35,-14,23559,22478,604,477,JAMBI
2021-09-25,8,0,40,-32,23567,22518,604,445,JAMBI
2021-09-26,18,1,44,-27,23585,22562,605,418,JAMBI
2021-09-27,11,0,32,-21,23596,22594,605,397,JAMBI
2021-09-28,27,0,51,-24,23623,22645,605,373,JAMBI
2021-09-29,17,2,25,-10,23640,22670,607,363,JAMBI
2021-09-30,16,0,9,7,23656,22679,607,370,JAMBI
2021-10-01,32,0,41,-9,23688,22720,607,361,JAMBI
2021-10-02,13,0,28,-15,23701,22748,607,346,JAMBI
2021-10-03,13,0,8,5,23714,22756,607,351,JAMBI
2021-10-04,3,4,29,-30,23717,22785,611,321,JAMBI
2021-10-05,9,1,22,-14,23726,22807,612,307,JAMBI
2021-10-06,11,7,8,-4,23737,22815,619,303,JAMBI
2021-10-07,8,0,16,-8,23745,22831,619,295,JAMBI
2021-10-08,4,1,31,-28,23749,22862,620,267,JAMBI
2021-10-09,6,0,19,-13,23755,22881,620,254,JAMBI
2021-10-10,4,0,23,-19,23759,22904,620,235,JAMBI
2021-10-11,3,0,20,-17,23762,22924,620,218,JAMBI
2021-10-12,4,0,22,-18,23766,22946,620,200,JAMBI
2021-10-13,1,0,7,-6,23767,22953,620,194,JAMBI
2021-10-14,2,0,18,-16,23769,22971,620,178,JAMBI
2021-10-15,8,0,18,-10,23777,22989,620,168,JAMBI
2021-10-16,5,1,9,-5,23782,22998,621,163,JAMBI
2021-10-17,7,0,33,-26,23789,23031,621,137,JAMBI
2021-10-18,0,0,13,-13,23789,23044,621,124,JAMBI
2021-10-19,2,0,25,-23,23791,23069,621,101,JAMBI
2021-10-20,9,0,15,-6,23800,23084,621,95,JAMBI
2021-10-21,2,0,23,-21,23802,23107,621,74,JAMBI
2021-10-22,5,0,15,-10,23807,23122,621,64,JAMBI
2021-10-23,0,0,2,-2,23807,23124,621,62,JAMBI
2021-10-24,2,0,2,0,23809,23126,621,62,JAMBI
2021-10-25,1,0,14,-13,23810,23140,621,49,JAMBI
2021-10-26,2,0,11,-9,23812,23151,621,40,JAMBI
2021-10-27,2,0,3,-1,23814,23154,621,39,JAMBI
2021-10-28,2,0,2,0,23816,23156,621,39,JAMBI
2021-10-29,0,0,3,-3,23816,23159,621,36,JAMBI
2021-10-30,0,0,1,-1,23816,23160,621,35,JAMBI
2021-10-31,1,0,2,-1,23817,23162,621,34,JAMBI
2021-11-01,0,0,3,-3,23817,23165,621,31,JAMBI
2021-11-02,2,0,1,1,23819,23166,621,32,JAMBI
2021-11-03,0,0,1,-1,23819,23167,621,31,JAMBI
2021-11-04,0,0,0,0,23819,23167,621,31,JAMBI
2021-11-05,0,0,2,-2,23819,23169,621,29,JAMBI
2021-11-06,3,0,1,2,23822,23170,621,31,JAMBI
2021-11-07,0,0,10,-10,23822,23180,621,21,JAMBI
2021-11-08,0,0,0,0,23822,23180,621,21,JAMBI
2021-11-09,5,0,3,2,23827,23183,621,23,JAMBI
2021-11-10,2,0,1,1,23829,23184,621,24,JAMBI
2021-11-11,0,0,2,-2,23829,23186,621,22,JAMBI
2021-11-12,0,0,1,-1,23829,23187,621,21,JAMBI
2021-11-13,0,0,0,0,23829,23187,621,21,JAMBI
2021-11-14,2,0,1,1,23831,23188,621,22,JAMBI
2021-11-15,0,0,0,0,23831,23188,621,22,JAMBI
2021-11-16,0,0,3,-3,23831,23191,621,19,JAMBI
2021-11-17,1,0,1,0,23832,23192,621,19,JAMBI
2021-11-18,1,0,0,1,23833,23192,621,20,JAMBI
2021-11-19,1,0,0,1,23834,23192,621,21,JAMBI
2021-11-20,1,0,0,1,23835,23192,621,22,JAMBI
2021-11-21,0,0,0,0,23835,23192,621,22,JAMBI
2021-11-22,2,0,1,1,23837,23193,621,23,JAMBI
2021-11-23,0,0,2,-2,23837,23195,621,21,JAMBI
2021-11-24,1,0,0,1,23838,23195,621,22,JAMBI
2021-11-25,0,0,4,-4,23838,23199,621,18,JAMBI
2021-11-26,0,0,0,0,23838,23199,621,18,JAMBI
2021-11-27,1,0,0,1,23839,23199,621,19,JAMBI
2021-11-28,0,0,3,-3,23839,23202,621,16,JAMBI
2021-11-29,0,0,0,0,23839,23202,621,16,JAMBI
2021-11-30,1,0,2,-1,23840,23204,621,15,JAMBI
2021-12-01,0,0,0,0,23840,23204,621,15,JAMBI
2021-12-02,2,0,2,0,23842,23206,621,15,JAMBI
2021-12-03,0,0,0,0,23842,23206,621,15,JAMBI
2021-12-04,1,0,0,1,23843,23206,621,16,JAMBI
2021-12-05,0,0,1,-1,23843,23207,621,15,JAMBI
2021-12-06,1,0,0,1,23844,23207,621,16,JAMBI
2021-12-07,0,0,0,0,23844,23207,621,16,JAMBI
2021-12-08,1,1,0,0,23845,23207,622,16,JAMBI
2021-12-09,0,0,0,0,23845,23207,622,16,JAMBI
2021-12-10,0,0,1,-1,23845,23208,622,15,JAMBI
2021-12-11,0,0,0,0,23845,23208,622,15,JAMBI
2021-12-12,0,0,0,0,23845,23208,622,15,JAMBI
2021-12-13,1,0,0,1,23846,23208,622,16,JAMBI
2021-12-14,0,0,2,-2,23846,23210,622,14,JAMBI
2021-12-15,4,0,0,4,23850,23210,622,18,JAMBI
2021-12-16,2,0,2,0,23852,23212,622,18,JAMBI
2021-12-17,1,0,1,0,23853,23213,622,18,JAMBI
2021-12-18,0,0,0,0,23853,23213,622,18,JAMBI
2021-12-19,0,0,0,0,23853,23213,622,18,JAMBI
2021-12-20,0,0,0,0,23853,23213,622,18,JAMBI
2021-12-21,0,0,0,0,23853,23213,622,18,JAMBI
2021-12-22,0,0,0,0,23853,23213,622,18,JAMBI
2021-12-23,2,0,3,-1,23855,23216,622,17,JAMBI
2021-12-24,0,0,0,0,23855,23216,622,17,JAMBI
2021-12-25,0,0,3,-3,23855,23219,622,14,JAMBI
2021-12-26,0,0,0,0,23855,23219,622,14,JAMBI
2021-12-27,0,0,3,-3,23855,23222,622,11,JAMBI
2021-12-28,1,0,0,1,23856,23222,622,12,JAMBI
2021-12-29,2,0,2,0,23858,23224,622,12,JAMBI
2021-12-30,0,0,0,0,23858,23224,622,12,JAMBI
2021-12-31,1,0,0,1,23859,23224,622,13,JAMBI
2022-01-01,0,0,0,0,23859,23224,622,13,JAMBI
2022-01-02,0,0,0,0,23859,23224,622,13,JAMBI
2022-01-03,0,0,1,-1,23859,23225,622,12,JAMBI
2022-01-04,0,0,1,-1,23859,23226,622,11,JAMBI
2022-01-05,1,0,0,1,23860,23226,622,12,JAMBI
2022-01-06,0,1,0,-1,23860,23226,623,11,JAMBI
2022-01-07,0,0,2,-2,23860,23228,623,9,JAMBI
2022-01-08,0,0,1,-1,23860,23229,623,8,JAMBI
2022-01-09,0,0,0,0,23860,23229,623,8,JAMBI
2022-01-10,1,0,2,-1,23861,23231,623,7,JAMBI
2022-01-11,0,0,0,0,23861,23231,623,7,JAMBI
2022-01-12,0,0,0,0,23861,23231,623,7,JAMBI
2022-01-13,0,0,1,-1,23861,23232,623,6,JAMBI
2022-01-14,0,0,0,0,23861,23232,623,6,JAMBI
2022-01-15,1,0,0,1,23862,23232,623,7,JAMBI
2022-01-16,0,0,0,0,23862,23232,623,7,JAMBI
2022-01-17,0,0,0,0,23862,23232,623,7,JAMBI
2022-01-18,0,0,0,0,23862,23232,623,7,JAMBI
2022-01-19,0,0,1,-1,23862,23233,623,6,JAMBI
2022-01-20,1,0,1,0,23863,23234,623,6,JAMBI
2022-01-21,1,0,1,0,23864,23235,623,6,JAMBI
2022-01-22,0,0,0,0,23864,23235,623,6,JAMBI
2022-01-23,0,0,0,0,23864,23235,623,6,JAMBI
2022-01-24,0,0,1,-1,23864,23236,623,5,JAMBI
2022-01-25,0,0,1,-1,23864,23237,623,4,JAMBI
2022-01-26,3,1,0,2,23867,23237,624,6,JAMBI
2022-01-27,2,0,0,2,23869,23237,624,8,JAMBI
2022-01-28,3,0,0,3,23872,23237,624,11,JAMBI
2022-01-29,2,0,1,1,23874,23238,624,12,JAMBI
2022-01-30,11,0,0,11,23885,23238,624,23,JAMBI
2022-01-31,4,0,0,4,23889,23238,624,27,JAMBI
2022-02-01,12,0,0,12,23901,23238,624,39,JAMBI
2022-02-02,6,0,0,6,23907,23238,624,45,JAMBI
2022-02-03,15,0,0,15,23922,23238,624,60,JAMBI
2022-02-04,24,1,1,22,23946,23239,625,82,JAMBI
2022-02-05,20,0,1,19,23966,23240,625,101,JAMBI
2022-02-06,27,0,0,27,23993,23240,625,128,JAMBI
2022-02-07,5,0,0,5,23998,23240,625,133,JAMBI
2022-02-08,53,0,8,45,24051,23248,625,178,JAMBI
2022-02-09,79,0,7,72,24130,23255,625,250,JAMBI
2022-02-10,64,1,4,59,24194,23259,626,309,JAMBI
2022-02-11,44,0,3,41,24238,23262,626,350,JAMBI
2022-02-12,76,0,9,67,24314,23271,626,417,JAMBI
2022-02-13,69,0,22,47,24383,23293,626,464,JAMBI
2022-02-14,41,0,23,18,24424,23316,626,482,JAMBI
2022-02-15,118,1,20,97,24542,23336,627,579,JAMBI
2022-02-16,112,0,14,98,24654,23350,627,677,JAMBI
2022-02-17,176,0,30,146,24830,23380,627,823,JAMBI
2022-02-18,271,1,32,238,25101,23412,628,1061,JAMBI
2022-02-19,153,0,33,120,25254,23445,628,1181,JAMBI
2022-02-20,129,2,59,68,25383,23504,630,1249,JAMBI
2022-02-21,75,1,77,-3,25458,23581,631,1246,JAMBI
2022-02-22,253,0,116,137,25711,23697,631,1383,JAMBI
2022-02-23,343,1,68,274,26054,23765,632,1657,JAMBI
2022-02-24,329,0,46,283,26383,23811,632,1940,JAMBI
2022-02-25,283,0,121,162,26666,23932,632,2102,JAMBI
2022-02-26,297,2,70,225,26963,24002,634,2327,JAMBI
2022-02-27,226,0,152,74,27189,24154,634,2401,JAMBI
2022-02-28,105,3,112,-10,27294,24266,637,2391,JAMBI
2022-03-01,139,5,282,-148,27433,24548,642,2243,JAMBI
2022-03-02,333,3,132,198,27766,24680,645,2441,JAMBI
2022-03-03,360,2,138,220,28126,24818,647,2661,JAMBI
2022-03-04,83,5,340,-262,28209,25158,652,2399,JAMBI
2022-03-05,343,1,318,24,28552,25476,653,2423,JAMBI
2022-03-06,251,1,362,-112,28803,25838,654,2311,JAMBI
2022-03-07,68,4,408,-344,28871,26246,658,1967,JAMBI
2022-03-08,169,1,272,-104,29040,26518,659,1863,JAMBI
2022-03-09,231,2,113,116,29271,26631,661,1979,JAMBI
2022-03-10,153,3,160,-10,29424,26791,664,1969,JAMBI
2022-03-11,92,3,139,-50,29516,26930,667,1919,JAMBI
2022-03-12,90,2,275,-187,29606,27205,669,1732,JAMBI
2022-03-13,118,4,286,-172,29724,27491,673,1560,JAMBI
2022-03-14,40,2,167,-129,29764,27658,675,1431,JAMBI
2022-03-15,109,1,267,-159,29873,27925,676,1272,JAMBI
2022-03-16,110,2,228,-120,29983,28153,678,1152,JAMBI
2022-03-17,99,0,124,-25,30082,28277,678,1127,JAMBI
2022-03-18,63,3,202,-142,30145,28479,681,985,JAMBI
2022-03-19,51,0,153,-102,30196,28632,681,883,JAMBI
2022-03-20,35,1,114,-80,30231,28746,682,803,JAMBI
2022-03-21,12,0,100,-88,30243,28846,682,715,JAMBI
2022-03-22,39,5,133,-99,30282,28979,687,616,JAMBI
2022-03-23,43,3,89,-49,30325,29068,690,567,JAMBI
2022-03-24,40,1,50,-11,30365,29118,691,556,JAMBI
2022-03-25,19,1,79,-61,30384,29197,692,495,JAMBI
2022-03-26,21,1,88,-68,30405,29285,693,427,JAMBI
2022-03-27,14,1,82,-69,30419,29367,694,358,JAMBI
2022-03-28,9,0,43,-34,30428,29410,694,324,JAMBI
2022-03-29,20,0,37,-17,30448,29447,694,307,JAMBI
2022-03-30,8,0,63,-55,30456,29510,694,252,JAMBI
2022-03-31,13,0,24,-11,30469,29534,694,241,JAMBI
2022-04-01,9,0,68,-59,30478,29602,694,182,JAMBI
2022-04-02,13,0,21,-8,30491,29623,694,174,JAMBI
2022-04-03,10,0,27,-17,30501,29650,694,157,JAMBI
2022-04-04,4,3,28,-27,30505,29678,697,130,JAMBI
2022-04-05,8,0,15,-7,30513,29693,697,123,JAMBI
2022-04-06,8,0,20,-12,30521,29713,697,111,JAMBI
2022-04-07,4,0,7,-3,30525,29720,697,108,JAMBI
2022-04-08,5,0,20,-15,30530,29740,697,93,JAMBI
2022-04-09,13,0,10,3,30543,29750,697,96,JAMBI
2022-04-10,6,0,6,0,30549,29756,697,96,JAMBI
2022-04-11,4,1,20,-17,30553,29776,698,79,JAMBI
2022-04-12,4,0,7,-3,30557,29783,698,76,JAMBI
2022-04-13,7,0,12,-5,30564,29795,698,71,JAMBI
2022-04-14,2,0,7,-5,30566,29802,698,66,JAMBI
2022-04-15,5,0,8,-3,30571,29810,698,63,JAMBI
2022-04-16,1,1,16,-16,30572,29826,699,47,JAMBI
2022-04-17,2,0,2,0,30574,29828,699,47,JAMBI
2022-04-18,0,1,11,-12,30574,29839,700,35,JAMBI
2022-04-19,1,0,4,-3,30575,29843,700,32,JAMBI
2022-04-20,5,0,5,0,30580,29848,700,32,JAMBI
2022-04-21,2,0,7,-5,30582,29855,700,27,JAMBI
2022-04-22,1,0,2,-1,30583,29857,700,26,JAMBI
2022-04-23,2,0,4,-2,30585,29861,700,24,JAMBI
2022-04-24,2,0,2,0,30587,29863,700,24,JAMBI
2022-04-25,0,0,5,-5,30587,29868,700,19,JAMBI
2022-04-26,1,0,5,-4,30588,29873,700,15,JAMBI
2022-04-27,5,0,2,3,30593,29875,700,18,JAMBI
2022-04-28,4,0,1,3,30597,29876,700,21,JAMBI
2022-04-29,1,0,0,1,30598,29876,700,22,JAMBI
2022-04-30,0,0,4,-4,30598,29880,700,18,JAMBI
2022-05-01,1,0,1,0,30599,29881,700,18,JAMBI
2022-05-02,1,0,1,0,30600,29882,700,18,JAMBI
2022-05-03,0,0,0,0,30600,29882,700,18,JAMBI
2022-05-04,0,0,3,-3,30600,29885,700,15,JAMBI
2022-05-05,1,0,0,1,30601,29885,700,16,JAMBI
2022-05-06,2,1,2,-1,30603,29887,701,15,JAMBI
2022-05-07,2,0,1,1,30605,29888,701,16,JAMBI
2022-05-08,0,0,5,-5,30605,29893,701,11,JAMBI
2022-05-09,0,0,0,0,30605,29893,701,11,JAMBI
2022-05-10,1,0,1,0,30606,29894,701,11,JAMBI
2022-05-11,2,0,0,2,30608,29894,701,13,JAMBI
2022-05-12,2,0,2,0,30610,29896,701,13,JAMBI
2022-05-13,0,0,1,-1,30610,29897,701,12,JAMBI
2022-05-14,1,0,0,1,30611,29897,701,13,JAMBI
2022-05-15,3,0,0,3,30614,29897,701,16,JAMBI
2022-05-16,2,0,1,1,30616,29898,701,17,JAMBI
2022-05-17,0,0,0,0,30616,29898,701,17,JAMBI
2022-05-18,3,0,0,3,30619,29898,701,20,JAMBI
2022-05-19,0,0,2,-2,30619,29900,701,18,JAMBI
2022-05-20,2,0,0,2,30621,29900,701,20,JAMBI
2022-05-21,1,0,3,-2,30622,29903,701,18,JAMBI
2022-05-22,0,0,1,-1,30622,29904,701,17,JAMBI
2022-05-23,0,0,1,-1,30622,29905,701,16,JAMBI
2022-05-24,0,0,0,0,30622,29905,701,16,JAMBI
2022-05-25,0,0,2,-2,30622,29907,701,14,JAMBI
2022-05-26,2,1,0,1,30624,29907,702,15,JAMBI
2022-05-27,0,0,0,0,30624,29907,702,15,JAMBI
2022-05-28,1,0,0,1,30625,29907,702,16,JAMBI
2022-05-29,1,0,3,-2,30626,29910,702,14,JAMBI
2022-05-30,0,0,4,-4,30626,29914,702,10,JAMBI
2022-05-31,0,0,0,0,30626,29914,702,10,JAMBI
2022-06-01,2,0,1,1,30628,29915,702,11,JAMBI
2022-06-02,2,0,2,0,30630,29917,702,11,JAMBI
2022-06-03,0,0,0,0,30630,29917,702,11,JAMBI
2022-06-04,0,0,1,-1,30630,29918,702,10,JAMBI
2022-06-05,0,1,0,-1,30630,29918,703,9,JAMBI
2022-06-06,1,0,0,1,30631,29918,703,10,JAMBI
2022-06-07,1,0,2,-1,30632,29920,703,9,JAMBI
2022-06-08,0,0,1,-1,30632,29921,703,8,JAMBI
2022-06-09,0,0,1,-1,30632,29922,703,7,JAMBI
2022-06-10,0,0,1,-1,30632,29923,703,6,JAMBI
2022-06-11,0,0,1,-1,30632,29924,703,5,JAMBI
2022-06-12,0,0,0,0,30632,29924,703,5,JAMBI
2022-06-13,0,0,0,0,30632,29924,703,5,JAMBI
2022-06-14,2,0,0,2,30634,29924,703,7,JAMBI
2022-06-15,0,0,2,-2,30634,29926,703,5,JAMBI
2022-06-16,2,0,0,2,30636,29926,703,7,JAMBI
2022-06-17,1,0,0,1,30637,29926,703,8,JAMBI
2022-06-18,0,0,0,0,30637,29926,703,8,JAMBI
2022-06-19,0,0,3,-3,30637,29929,703,5,JAMBI
2022-06-20,0,0,0,0,30637,29929,703,5,JAMBI
2022-06-21,2,0,0,2,30639,29929,703,7,JAMBI
2022-06-22,2,0,0,2,30641,29929,703,9,JAMBI
2022-06-23,2,0,2,0,30643,29931,703,9,JAMBI
2022-06-24,0,0,0,0,30643,29931,703,9,JAMBI
2022-06-25,0,0,2,-2,30643,29933,703,7,JAMBI
2022-06-26,0,0,0,0,30643,29933,703,7,JAMBI
2022-06-27,0,0,1,-1,30643,29934,703,6,JAMBI
2022-06-28,3,0,0,3,30646,29934,703,9,JAMBI
2022-06-29,1,0,0,1,30647,29934,703,10,JAMBI
2022-06-30,0,0,0,0,30647,29934,703,10,JAMBI
2022-07-01,0,0,0,0,30647,29934,703,10,JAMBI
2022-07-02,0,0,3,-3,30647,29937,703,7,JAMBI
2022-07-03,0,0,1,-1,30647,29938,703,6,JAMBI
2022-07-04,0,0,2,-2,30647,29940,703,4,JAMBI
2022-07-05,2,0,0,2,30649,29940,703,6,JAMBI
2022-07-06,1,0,0,1,30650,29940,703,7,JAMBI
2022-07-07,0,0,0,0,30650,29940,703,7,JAMBI
2022-07-08,3,0,3,0,30653,29943,703,7,JAMBI
2022-07-09,1,0,1,0,30654,29944,703,7,JAMBI
2022-07-10,0,0,0,0,30654,29944,703,7,JAMBI
2022-07-11,0,0,0,0,30654,29944,703,7,JAMBI
2022-07-12,1,0,0,1,30655,29944,703,8,JAMBI
2022-07-13,1,1,0,0,30656,29944,704,8,JAMBI
2022-07-14,2,0,0,2,30658,29944,704,10,JAMBI
2022-07-15,2,0,2,0,30660,29946,704,10,JAMBI
2022-07-16,3,0,0,3,30663,29946,704,13,JAMBI
2022-07-17,0,0,0,0,30663,29946,704,13,JAMBI
2022-07-18,0,0,4,-4,30663,29950,704,9,JAMBI
2022-07-19,1,0,0,1,30664,29950,704,10,JAMBI
2022-07-20,2,0,0,2,30666,29950,704,12,JAMBI
2022-07-21,5,0,0,5,30671,29950,704,17,JAMBI
2022-07-22,0,0,0,0,30671,29950,704,17,JAMBI
2022-07-23,5,0,0,5,30676,29950,704,22,JAMBI
2022-07-24,0,0,1,-1,30676,29951,704,21,JAMBI
2022-07-25,1,0,4,-3,30677,29955,704,18,JAMBI
2022-07-26,2,0,0,2,30679,29955,704,20,JAMBI
2022-07-27,3,0,3,0,30682,29958,704,20,JAMBI
2022-07-28,6,0,0,6,30688,29958,704,26,JAMBI
2022-07-29,4,0,0,4,30692,29958,704,30,JAMBI
2022-07-30,1,0,0,1,30693,29958,704,31,JAMBI
2022-07-31,0,0,4,-4,30693,29962,704,27,JAMBI
2022-08-01,1,0,7,-6,30694,29969,704,21,JAMBI
2022-08-02,2,0,0,2,30696,29969,704,23,JAMBI
2022-08-03,6,1,3,2,30702,29972,705,25,JAMBI
2022-08-04,2,0,0,2,30704,29972,705,27,JAMBI
2022-08-05,7,0,0,7,30711,29972,705,34,JAMBI
2022-08-06,4,0,5,-1,30715,29977,705,33,JAMBI
2022-08-07,1,0,0,1,30716,29977,705,34,JAMBI
2022-08-08,1,0,12,-11,30717,29989,705,23,JAMBI
2022-08-09,7,0,1,6,30724,29990,705,29,JAMBI
2022-08-10,5,0,0,5,30729,29990,705,34,JAMBI
2022-08-11,11,0,6,5,30740,29996,705,39,JAMBI
2022-08-12,6,0,0,6,30746,29996,705,45,JAMBI
2022-08-13,3,0,2,1,30749,29998,705,46,JAMBI
2022-08-14,3,0,7,-4,30752,30005,705,42,JAMBI
2022-08-15,0,0,3,-3,30752,30008,705,39,JAMBI
2022-08-16,10,0,9,1,30762,30017,705,40,JAMBI
2022-08-17,8,0,0,8,30770,30017,705,48,JAMBI
2022-08-18,1,0,10,-9,30771,30027,705,39,JAMBI
2022-08-19,6,0,5,1,30777,30032,705,40,JAMBI
2022-08-20,6,1,7,-2,30783,30039,706,38,JAMBI
2022-08-21,5,0,2,3,30788,30041,706,41,JAMBI
2022-08-22,1,0,4,-3,30789,30045,706,38,JAMBI
2022-08-23,9,0,0,9,30798,30045,706,47,JAMBI
2022-08-24,13,0,0,13,30811,30045,706,60,JAMBI
2022-08-25,7,0,8,-1,30818,30053,706,59,JAMBI
2022-08-26,4,1,1,2,30822,30054,707,61,JAMBI
2022-08-27,13,0,9,4,30835,30063,707,65,JAMBI
2022-08-28,2,0,6,-4,30837,30069,707,61,JAMBI
2022-08-29,4,0,1,3,30841,30070,707,64,JAMBI
2022-08-30,5,0,3,2,30846,30073,707,66,JAMBI
2022-08-31,4,0,8,-4,30850,30081,707,62,JAMBI
2022-09-01,10,0,0,10,30860,30081,707,72,JAMBI
2022-09-02,8,1,13,-6,30868,30094,708,66,JAMBI
2022-09-03,10,0,2,8,30878,30096,708,74,JAMBI
2022-09-04,5,0,15,-10,30883,30111,708,64,JAMBI
2022-09-05,0,0,4,-4,30883,30115,708,60,JAMBI
2022-09-06,7,0,7,0,30890,30122,708,60,JAMBI
2022-09-07,3,0,1,2,30893,30123,708,62,JAMBI
2022-09-08,7,0,3,4,30900,30126,708,66,JAMBI
2022-09-09,9,0,1,8,30909,30127,708,74,JAMBI
2022-09-10,3,0,20,-17,30912,30147,708,57,JAMBI
2022-09-11,6,0,5,1,30918,30152,708,58,JAMBI
2022-09-12,4,0,5,-1,30922,30157,708,57,JAMBI
2022-09-13,12,0,6,6,30934,30163,708,63,JAMBI
2022-09-14,3,2,8,-7,30937,30171,710,56,JAMBI
2022-09-15,7,0,0,7,30944,30171,710,63,JAMBI
2022-09-16,5,0,18,-13,30949,30189,710,50,JAMBI
2022-09-17,11,0,0,11,30960,30189,710,61,JAMBI
2022-09-18,1,1,7,-7,30961,30196,711,54,JAMBI
2022-09-19,2,0,2,0,30963,30198,711,54,JAMBI
2022-09-20,5,0,11,-6,30968,30209,711,48,JAMBI
2022-09-21,8,0,0,8,30976,30209,711,56,JAMBI
2022-09-22,5,0,0,5,30981,30209,711,61,JAMBI
2022-09-23,4,0,16,-12,30985,30225,711,49,JAMBI
2022-09-24,3,0,1,2,30988,30226,711,51,JAMBI
2022-09-25,1,0,3,-2,30989,30229,711,49,JAMBI
2022-09-26,3,1,2,0,30992,30231,712,49,JAMBI
2022-09-27,2,0,0,2,30994,30231,712,51,JAMBI
2022-09-28,4,0,0,4,30998,30231,712,55,JAMBI
2022-09-29,2,0,0,2,31000,30231,712,57,JAMBI
2022-09-30,3,0,0,3,31003,30231,712,60,JAMBI
2020-03-26,1,0,0,1,1,0,0,1,SULAWESI TENGAH
2020-03-27,0,0,0,0,1,0,0,1,SULAWESI TENGAH
2020-03-28,1,0,0,1,2,0,0,2,SULAWESI TENGAH
2020-03-29,0,0,0,0,2,0,0,2,SULAWESI TENGAH
2020-03-30,0,0,0,0,2,0,0,2,SULAWESI TENGAH
2020-03-31,0,0,0,0,2,0,0,2,SULAWESI TENGAH
2020-04-01,0,0,0,0,2,0,0,2,SULAWESI TENGAH
2020-04-02,0,1,0,-1,2,0,1,1,SULAWESI TENGAH
2020-04-03,1,0,0,1,3,0,1,2,SULAWESI TENGAH
2020-04-04,0,0,0,0,3,0,1,2,SULAWESI TENGAH
2020-04-05,1,0,0,1,4,0,1,3,SULAWESI TENGAH
2020-04-06,0,0,0,0,4,0,1,3,SULAWESI TENGAH
2020-04-07,0,0,2,-2,4,2,1,1,SULAWESI TENGAH
2020-04-08,0,0,0,0,4,2,1,1,SULAWESI TENGAH
2020-04-09,0,0,0,0,4,2,1,1,SULAWESI TENGAH
2020-04-10,7,0,0,7,11,2,1,8,SULAWESI TENGAH
2020-04-11,4,0,0,4,15,2,1,12,SULAWESI TENGAH
2020-04-12,0,0,0,0,15,2,1,12,SULAWESI TENGAH
2020-04-13,0,1,0,-1,15,2,2,11,SULAWESI TENGAH
2020-04-14,0,0,0,0,15,2,2,11,SULAWESI TENGAH
2020-04-15,3,0,0,3,18,2,2,14,SULAWESI TENGAH
2020-04-16,0,0,0,0,18,2,2,14,SULAWESI TENGAH
2020-04-17,2,0,0,2,20,2,2,16,SULAWESI TENGAH
2020-04-18,0,0,0,0,20,2,2,16,SULAWESI TENGAH
2020-04-19,3,0,0,3,23,2,2,19,SULAWESI TENGAH
2020-04-20,0,0,0,0,23,2,2,19,SULAWESI TENGAH
2020-04-21,0,0,1,-1,23,3,2,18,SULAWESI TENGAH
2020-04-22,2,0,0,2,25,3,2,20,SULAWESI TENGAH
2020-04-23,0,0,0,0,25,3,2,20,SULAWESI TENGAH
2020-04-24,3,0,0,3,28,3,2,23,SULAWESI TENGAH
2020-04-25,3,0,0,3,31,3,2,26,SULAWESI TENGAH
2020-04-26,0,0,1,-1,31,4,2,25,SULAWESI TENGAH
2020-04-27,0,0,0,0,31,4,2,25,SULAWESI TENGAH
2020-04-28,5,0,4,1,36,8,2,26,SULAWESI TENGAH
2020-04-29,4,0,0,4,40,8,2,30,SULAWESI TENGAH
2020-04-30,0,0,0,0,40,8,2,30,SULAWESI TENGAH
2020-05-01,0,0,1,-1,40,9,2,29,SULAWESI TENGAH
2020-05-02,10,0,0,10,50,9,2,39,SULAWESI TENGAH
2020-05-03,0,0,0,0,50,9,2,39,SULAWESI TENGAH
2020-05-04,0,0,0,0,50,9,2,39,SULAWESI TENGAH
2020-05-05,7,0,1,6,57,10,2,45,SULAWESI TENGAH
2020-05-06,0,0,0,0,57,10,2,45,SULAWESI TENGAH
2020-05-07,4,0,0,4,61,10,2,49,SULAWESI TENGAH
2020-05-08,0,0,0,0,61,10,2,49,SULAWESI TENGAH
2020-05-09,0,0,0,0,61,10,2,49,SULAWESI TENGAH
2020-05-10,5,0,0,5,66,10,2,54,SULAWESI TENGAH
2020-05-11,0,0,1,-1,66,11,2,53,SULAWESI TENGAH
2020-05-12,12,0,0,12,78,11,2,65,SULAWESI TENGAH
2020-05-13,5,1,6,-2,83,17,3,63,SULAWESI TENGAH
2020-05-14,6,0,1,5,89,18,3,68,SULAWESI TENGAH
2020-05-15,1,0,0,1,90,18,3,69,SULAWESI TENGAH
2020-05-16,1,0,1,0,91,19,3,69,SULAWESI TENGAH
2020-05-17,1,0,2,-1,92,21,3,68,SULAWESI TENGAH
2020-05-18,0,0,2,-2,92,23,3,66,SULAWESI TENGAH
2020-05-19,0,0,0,0,92,23,3,66,SULAWESI TENGAH
2020-05-20,0,0,0,0,92,23,3,66,SULAWESI TENGAH
2020-05-21,2,0,8,-6,94,31,3,60,SULAWESI TENGAH
2020-05-22,1,0,0,1,95,31,3,61,SULAWESI TENGAH
2020-05-23,1,0,0,1,96,31,3,62,SULAWESI TENGAH
2020-05-24,0,0,5,-5,96,36,3,57,SULAWESI TENGAH
2020-05-25,0,0,0,0,96,36,3,57,SULAWESI TENGAH
2020-05-26,0,0,1,-1,96,37,3,56,SULAWESI TENGAH
2020-05-27,0,0,1,-1,96,38,3,55,SULAWESI TENGAH
2020-05-28,5,0,2,3,101,40,3,58,SULAWESI TENGAH
2020-05-29,0,0,0,0,101,40,3,58,SULAWESI TENGAH
2020-05-30,0,0,0,0,101,40,3,58,SULAWESI TENGAH
2020-05-31,1,0,7,-6,102,47,3,52,SULAWESI TENGAH
2020-06-01,0,0,0,0,102,47,3,52,SULAWESI TENGAH
2020-06-02,0,0,0,0,102,47,3,52,SULAWESI TENGAH
2020-06-03,1,0,3,-2,103,50,3,50,SULAWESI TENGAH
2020-06-04,0,0,6,-6,103,56,3,44,SULAWESI TENGAH
2020-06-05,6,0,6,0,109,62,3,44,SULAWESI TENGAH
2020-06-06,3,0,6,-3,112,68,3,41,SULAWESI TENGAH
2020-06-07,20,0,5,15,132,73,3,56,SULAWESI TENGAH
2020-06-08,0,0,0,0,132,73,3,56,SULAWESI TENGAH
2020-06-09,0,0,0,0,132,73,3,56,SULAWESI TENGAH
2020-06-10,0,0,1,-1,132,74,3,55,SULAWESI TENGAH
2020-06-11,0,0,1,-1,132,75,3,54,SULAWESI TENGAH
2020-06-12,0,0,0,0,132,75,3,54,SULAWESI TENGAH
2020-06-13,9,0,1,8,141,76,3,62,SULAWESI TENGAH
2020-06-14,2,0,17,-15,143,93,3,47,SULAWESI TENGAH
2020-06-15,1,0,6,-5,144,99,3,42,SULAWESI TENGAH
2020-06-16,1,0,3,-2,145,102,3,40,SULAWESI TENGAH
2020-06-17,0,0,4,-4,145,106,3,36,SULAWESI TENGAH
2020-06-18,0,0,1,-1,145,107,3,35,SULAWESI TENGAH
2020-06-19,1,0,0,1,146,107,3,36,SULAWESI TENGAH
2020-06-20,0,0,1,-1,146,108,3,35,SULAWESI TENGAH
2020-06-21,0,0,1,-1,146,109,3,34,SULAWESI TENGAH
2020-06-22,3,0,0,3,149,109,3,37,SULAWESI TENGAH
2020-06-23,2,0,7,-5,151,116,3,32,SULAWESI TENGAH
2020-06-24,1,1,1,-1,152,117,4,31,SULAWESI TENGAH
2020-06-25,1,0,4,-3,153,121,4,28,SULAWESI TENGAH
2020-06-26,2,0,2,0,155,123,4,28,SULAWESI TENGAH
2020-06-27,0,0,5,-5,155,128,4,23,SULAWESI TENGAH
2020-06-28,2,0,1,1,157,129,4,24,SULAWESI TENGAH
2020-06-29,0,0,0,0,157,129,4,24,SULAWESI TENGAH
2020-06-30,0,0,0,0,157,129,4,24,SULAWESI TENGAH
2020-07-01,0,0,4,-4,157,133,4,20,SULAWESI TENGAH
2020-07-02,0,1,1,-2,157,134,5,18,SULAWESI TENGAH
2020-07-03,0,0,1,-1,157,135,5,17,SULAWESI TENGAH
2020-07-04,5,0,2,3,162,137,5,20,SULAWESI TENGAH
2020-07-05,0,0,1,-1,162,138,5,19,SULAWESI TENGAH
2020-07-06,0,0,0,0,162,138,5,19,SULAWESI TENGAH
2020-07-07,0,0,1,-1,162,139,5,18,SULAWESI TENGAH
2020-07-08,2,0,0,2,164,139,5,20,SULAWESI TENGAH
2020-07-09,0,0,0,0,164,139,5,20,SULAWESI TENGAH
2020-07-10,0,0,0,0,164,139,5,20,SULAWESI TENGAH
2020-07-11,0,0,1,-1,164,140,5,19,SULAWESI TENGAH
2020-07-12,0,0,1,-1,164,141,5,18,SULAWESI TENGAH
2020-07-13,0,0,0,0,164,141,5,18,SULAWESI TENGAH
2020-07-14,1,0,2,-1,165,143,5,17,SULAWESI TENGAH
2020-07-15,1,0,5,-4,166,148,5,13,SULAWESI TENGAH
2020-07-16,0,0,0,0,166,148,5,13,SULAWESI TENGAH
2020-07-17,0,0,0,0,166,148,5,13,SULAWESI TENGAH
2020-07-18,0,0,0,0,166,148,5,13,SULAWESI TENGAH
2020-07-19,1,0,0,1,167,148,5,14,SULAWESI TENGAH
2020-07-20,0,0,0,0,167,148,5,14,SULAWESI TENGAH
2020-07-21,0,0,2,-2,167,150,5,12,SULAWESI TENGAH
2020-07-22,0,0,3,-3,167,153,5,9,SULAWESI TENGAH
2020-07-23,2,1,3,-2,169,156,6,7,SULAWESI TENGAH
2020-07-24,1,0,0,1,170,156,6,8,SULAWESI TENGAH
2020-07-25,0,0,1,-1,170,157,6,7,SULAWESI TENGAH
2020-07-26,1,0,0,1,171,157,6,8,SULAWESI TENGAH
2020-07-27,0,0,0,0,171,157,6,8,SULAWESI TENGAH
2020-07-28,3,0,3,0,174,160,6,8,SULAWESI TENGAH
2020-07-29,0,0,0,0,174,160,6,8,SULAWESI TENGAH
2020-07-30,0,0,0,0,174,160,6,8,SULAWESI TENGAH
2020-07-31,0,0,0,0,174,160,6,8,SULAWESI TENGAH
2020-08-01,0,0,0,0,174,160,6,8,SULAWESI TENGAH
2020-08-02,5,0,0,5,179,160,6,13,SULAWESI TENGAH
2020-08-03,0,0,0,0,179,160,6,13,SULAWESI TENGAH
2020-08-04,0,0,1,-1,179,161,6,12,SULAWESI TENGAH
2020-08-05,2,0,1,1,181,162,6,13,SULAWESI TENGAH
2020-08-06,0,0,1,-1,181,163,6,12,SULAWESI TENGAH
2020-08-07,1,0,1,0,182,164,6,12,SULAWESI TENGAH
2020-08-08,0,0,0,0,182,164,6,12,SULAWESI TENGAH
2020-08-09,0,0,0,0,182,164,6,12,SULAWESI TENGAH
2020-08-10,0,0,0,0,182,164,6,12,SULAWESI TENGAH
2020-08-11,0,0,0,0,182,164,6,12,SULAWESI TENGAH
2020-08-12,3,0,1,2,185,165,6,14,SULAWESI TENGAH
2020-08-13,0,0,1,-1,185,166,6,13,SULAWESI TENGAH
2020-08-14,2,0,0,2,187,166,6,15,SULAWESI TENGAH
2020-08-15,0,0,0,0,187,166,6,15,SULAWESI TENGAH
2020-08-16,0,0,0,0,187,166,6,15,SULAWESI TENGAH
2020-08-17,1,0,0,1,188,166,6,16,SULAWESI TENGAH
2020-08-18,0,0,0,0,188,166,6,16,SULAWESI TENGAH
2020-08-19,4,0,0,4,192,166,6,20,SULAWESI TENGAH
2020-08-20,0,0,0,0,192,166,6,20,SULAWESI TENGAH
2020-08-21,1,0,2,-1,193,168,6,19,SULAWESI TENGAH
2020-08-22,1,0,5,-4,194,173,6,15,SULAWESI TENGAH
2020-08-23,1,1,0,0,195,173,7,15,SULAWESI TENGAH
2020-08-24,0,0,1,-1,195,174,7,14,SULAWESI TENGAH
2020-08-25,0,0,2,-2,195,176,7,12,SULAWESI TENGAH
2020-08-26,0,0,1,-1,195,177,7,11,SULAWESI TENGAH
2020-08-27,0,0,0,0,195,177,7,11,SULAWESI TENGAH
2020-08-28,1,0,4,-3,196,181,7,8,SULAWESI TENGAH
2020-08-29,0,0,0,0,196,181,7,8,SULAWESI TENGAH
2020-08-30,0,0,1,-1,196,182,7,7,SULAWESI TENGAH
2020-08-31,2,0,1,1,198,183,7,8,SULAWESI TENGAH
2020-09-01,1,0,0,1,199,183,7,9,SULAWESI TENGAH
2020-09-02,1,1,0,0,200,183,8,9,SULAWESI TENGAH
2020-09-03,4,2,0,2,204,183,10,11,SULAWESI TENGAH
2020-09-04,0,0,0,0,204,183,10,11,SULAWESI TENGAH
2020-09-05,3,0,1,2,207,184,10,13,SULAWESI TENGAH
2020-09-06,0,0,0,0,207,184,10,13,SULAWESI TENGAH
2020-09-07,0,0,2,-2,207,186,10,11,SULAWESI TENGAH
2020-09-08,5,0,0,5,212,186,10,16,SULAWESI TENGAH
2020-09-09,3,0,1,2,215,187,10,18,SULAWESI TENGAH
2020-09-10,0,0,1,-1,215,188,10,17,SULAWESI TENGAH
2020-09-11,7,0,0,7,222,188,10,24,SULAWESI TENGAH
2020-09-12,0,0,0,0,222,188,10,24,SULAWESI TENGAH
2020-09-13,2,0,1,1,224,189,10,25,SULAWESI TENGAH
2020-09-14,0,0,0,0,224,189,10,25,SULAWESI TENGAH
2020-09-15,1,0,1,0,225,190,10,25,SULAWESI TENGAH
2020-09-16,3,0,0,3,228,190,10,28,SULAWESI TENGAH
2020-09-17,2,0,0,2,230,190,10,30,SULAWESI TENGAH
2020-09-18,7,0,1,6,237,191,10,36,SULAWESI TENGAH
2020-09-19,8,1,0,7,245,191,11,43,SULAWESI TENGAH
2020-09-20,19,0,0,19,264,191,11,62,SULAWESI TENGAH
2020-09-21,0,0,1,-1,264,192,11,61,SULAWESI TENGAH
2020-09-22,7,1,4,2,271,196,12,63,SULAWESI TENGAH
2020-09-23,13,0,2,11,284,198,12,74,SULAWESI TENGAH
2020-09-24,3,0,3,0,287,201,12,74,SULAWESI TENGAH
2020-09-25,5,0,0,5,292,201,12,79,SULAWESI TENGAH
2020-09-26,13,0,3,10,305,204,12,89,SULAWESI TENGAH
2020-09-27,0,0,0,0,305,204,12,89,SULAWESI TENGAH
2020-09-28,15,0,3,12,320,207,12,101,SULAWESI TENGAH
2020-09-29,7,0,4,3,327,211,12,104,SULAWESI TENGAH
2020-09-30,6,0,10,-4,333,221,12,100,SULAWESI TENGAH
2020-10-01,22,1,14,7,355,235,13,107,SULAWESI TENGAH
2020-10-02,7,1,2,4,362,237,14,111,SULAWESI TENGAH
2020-10-03,8,0,13,-5,370,250,14,106,SULAWESI TENGAH
2020-10-04,4,0,3,1,374,253,14,107,SULAWESI TENGAH
2020-10-05,1,0,1,0,375,254,14,107,SULAWESI TENGAH
2020-10-06,15,1,8,6,390,262,15,113,SULAWESI TENGAH
2020-10-07,21,1,3,17,411,265,16,130,SULAWESI TENGAH
2020-10-08,13,1,6,6,424,271,17,136,SULAWESI TENGAH
2020-10-09,7,0,17,-10,431,288,17,126,SULAWESI TENGAH
2020-10-10,11,0,12,-1,442,300,17,125,SULAWESI TENGAH
2020-10-11,13,0,5,8,455,305,17,133,SULAWESI TENGAH
2020-10-12,1,3,3,-5,456,308,20,128,SULAWESI TENGAH
2020-10-13,16,1,20,-5,472,328,21,123,SULAWESI TENGAH
2020-10-14,6,0,3,3,478,331,21,126,SULAWESI TENGAH
2020-10-15,17,0,3,14,495,334,21,140,SULAWESI TENGAH
2020-10-16,0,0,0,0,495,334,21,140,SULAWESI TENGAH
2020-10-17,38,0,16,22,533,350,21,162,SULAWESI TENGAH
2020-10-18,8,1,1,6,541,351,22,168,SULAWESI TENGAH
2020-10-19,1,1,9,-9,542,360,23,159,SULAWESI TENGAH
2020-10-20,34,1,9,24,576,369,24,183,SULAWESI TENGAH
2020-10-21,29,1,12,16,605,381,25,199,SULAWESI TENGAH
2020-10-22,10,0,11,-1,615,392,25,198,SULAWESI TENGAH
2020-10-23,10,1,10,-1,625,402,26,197,SULAWESI TENGAH
2020-10-24,11,2,7,2,636,409,28,199,SULAWESI TENGAH
2020-10-25,12,0,28,-16,648,437,28,183,SULAWESI TENGAH
2020-10-26,4,0,28,-24,652,465,28,159,SULAWESI TENGAH
2020-10-27,11,0,11,0,663,476,28,159,SULAWESI TENGAH
2020-10-28,8,0,8,0,671,484,28,159,SULAWESI TENGAH
2020-10-29,7,0,8,-1,678,492,28,158,SULAWESI TENGAH
2020-10-30,0,0,4,-4,678,496,28,154,SULAWESI TENGAH
2020-10-31,2,0,16,-14,680,512,28,140,SULAWESI TENGAH
2020-11-01,15,0,4,11,695,516,28,151,SULAWESI TENGAH
2020-11-02,2,2,15,-15,697,531,30,136,SULAWESI TENGAH
2020-11-03,10,1,5,4,707,536,31,140,SULAWESI TENGAH
2020-11-04,16,0,7,9,723,543,31,149,SULAWESI TENGAH
2020-11-05,27,0,10,17,750,553,31,166,SULAWESI TENGAH
2020-11-06,20,2,9,9,770,562,33,175,SULAWESI TENGAH
2020-11-07,21,0,22,-1,791,584,33,174,SULAWESI TENGAH
2020-11-08,51,0,9,42,842,593,33,216,SULAWESI TENGAH
2020-11-09,0,0,21,-21,842,614,33,195,SULAWESI TENGAH
2020-11-10,25,1,25,-1,867,639,34,194,SULAWESI TENGAH
2020-11-11,26,1,7,18,893,646,35,212,SULAWESI TENGAH
2020-11-12,10,0,21,-11,903,667,35,201,SULAWESI TENGAH
2020-11-13,19,2,2,15,922,669,37,216,SULAWESI TENGAH
2020-11-14,5,1,15,-11,927,684,38,205,SULAWESI TENGAH
2020-11-15,2,0,0,2,929,684,38,207,SULAWESI TENGAH
2020-11-16,63,2,12,49,992,696,40,256,SULAWESI TENGAH
2020-11-17,23,0,12,11,1015,708,40,267,SULAWESI TENGAH
2020-11-18,55,1,5,49,1070,713,41,316,SULAWESI TENGAH
2020-11-19,43,1,15,27,1113,728,42,343,SULAWESI TENGAH
2020-11-20,3,0,18,-15,1116,746,42,328,SULAWESI TENGAH
2020-11-21,51,3,4,44,1167,750,45,372,SULAWESI TENGAH
2020-11-22,55,1,11,43,1222,761,46,415,SULAWESI TENGAH
2020-11-23,29,2,2,25,1251,763,48,440,SULAWESI TENGAH
2020-11-24,59,0,8,51,1310,771,48,491,SULAWESI TENGAH
2020-11-25,41,3,9,29,1351,780,51,520,SULAWESI TENGAH
2020-11-26,10,1,27,-18,1361,807,52,502,SULAWESI TENGAH
2020-11-27,35,2,29,4,1396,836,54,506,SULAWESI TENGAH
2020-11-28,21,0,8,13,1417,844,54,519,SULAWESI TENGAH
2020-11-29,23,1,8,14,1440,852,55,533,SULAWESI TENGAH
2020-11-30,50,0,11,39,1490,863,55,572,SULAWESI TENGAH
2020-12-01,11,0,33,-22,1501,896,55,550,SULAWESI TENGAH
2020-12-02,26,1,40,-15,1527,936,56,535,SULAWESI TENGAH
2020-12-03,53,3,18,32,1580,954,59,567,SULAWESI TENGAH
2020-12-04,45,0,34,11,1625,988,59,578,SULAWESI TENGAH
2020-12-05,42,0,16,26,1667,1004,59,604,SULAWESI TENGAH
2020-12-06,47,0,54,-7,1714,1058,59,597,SULAWESI TENGAH
2020-12-07,49,0,14,35,1763,1072,59,632,SULAWESI TENGAH
2020-12-08,36,0,29,7,1799,1101,59,639,SULAWESI TENGAH
2020-12-09,49,1,11,37,1848,1112,60,676,SULAWESI TENGAH
2020-12-10,7,2,7,-2,1855,1119,62,674,SULAWESI TENGAH
2020-12-11,57,2,37,18,1912,1156,64,692,SULAWESI TENGAH
2020-12-12,30,1,16,13,1942,1172,65,705,SULAWESI TENGAH
2020-12-13,7,0,17,-10,1949,1189,65,695,SULAWESI TENGAH
2020-12-14,30,0,29,1,1979,1218,65,696,SULAWESI TENGAH
2020-12-15,31,2,15,14,2010,1233,67,710,SULAWESI TENGAH
2020-12-16,50,1,16,33,2060,1249,68,743,SULAWESI TENGAH
2020-12-17,33,1,8,24,2093,1257,69,767,SULAWESI TENGAH
2020-12-18,47,2,21,24,2140,1278,71,791,SULAWESI TENGAH
2020-12-19,34,0,3,31,2174,1281,71,822,SULAWESI TENGAH
2020-12-20,61,2,26,33,2235,1307,73,855,SULAWESI TENGAH
2020-12-21,18,0,2,16,2253,1309,73,871,SULAWESI TENGAH
2020-12-22,27,1,4,22,2280,1313,74,893,SULAWESI TENGAH
2020-12-23,41,1,29,11,2321,1342,75,904,SULAWESI TENGAH
2020-12-24,36,3,13,20,2357,1355,78,924,SULAWESI TENGAH
2020-12-25,30,1,17,12,2387,1372,79,936,SULAWESI TENGAH
2020-12-26,34,1,10,23,2421,1382,80,959,SULAWESI TENGAH
2020-12-27,43,1,8,34,2464,1390,81,993,SULAWESI TENGAH
2020-12-28,33,2,14,17,2497,1404,83,1010,SULAWESI TENGAH
2020-12-29,68,0,35,33,2565,1439,83,1043,SULAWESI TENGAH
2020-12-30,132,0,10,122,2697,1449,83,1165,SULAWESI TENGAH
2020-12-31,158,0,33,125,2855,1482,83,1290,SULAWESI TENGAH
2021-01-01,57,2,86,-31,2912,1568,85,1259,SULAWESI TENGAH
2021-01-02,53,1,27,25,2965,1595,86,1284,SULAWESI TENGAH
2021-01-03,56,2,23,31,3021,1618,88,1315,SULAWESI TENGAH
2021-01-04,46,3,67,-24,3067,1685,91,1291,SULAWESI TENGAH
2021-01-05,74,3,45,26,3141,1730,94,1317,SULAWESI TENGAH
2021-01-06,131,0,121,10,3272,1851,94,1327,SULAWESI TENGAH
2021-01-07,135,1,17,117,3407,1868,95,1444,SULAWESI TENGAH
2021-01-08,125,1,57,67,3532,1925,96,1511,SULAWESI TENGAH
2021-01-09,106,3,56,47,3638,1981,99,1558,SULAWESI TENGAH
2021-01-10,123,0,34,89,3761,2015,99,1647,SULAWESI TENGAH
2021-01-11,93,5,76,12,3854,2091,104,1659,SULAWESI TENGAH
2021-01-12,204,8,83,113,4058,2174,112,1772,SULAWESI TENGAH
2021-01-13,89,0,71,18,4147,2245,112,1790,SULAWESI TENGAH
2021-01-14,85,4,86,-5,4232,2331,116,1785,SULAWESI TENGAH
2021-01-15,202,1,99,102,4434,2430,117,1887,SULAWESI TENGAH
2021-01-16,67,0,82,-15,4501,2512,117,1872,SULAWESI TENGAH
2021-01-17,51,4,89,-42,4552,2601,121,1830,SULAWESI TENGAH
2021-01-18,26,3,122,-99,4578,2723,124,1731,SULAWESI TENGAH
2021-01-19,106,1,145,-40,4684,2868,125,1691,SULAWESI TENGAH
2021-01-20,107,2,103,2,4791,2971,127,1693,SULAWESI TENGAH
2021-01-21,65,1,42,22,4856,3013,128,1715,SULAWESI TENGAH
2021-01-22,159,6,164,-11,5015,3177,134,1704,SULAWESI TENGAH
2021-01-23,159,2,89,68,5174,3266,136,1772,SULAWESI TENGAH
2021-01-24,175,2,83,90,5349,3349,138,1862,SULAWESI TENGAH
2021-01-25,88,0,122,-34,5437,3471,138,1828,SULAWESI TENGAH
2021-01-26,128,3,82,43,5565,3553,141,1871,SULAWESI TENGAH
2021-01-27,134,1,40,93,5699,3593,142,1964,SULAWESI TENGAH
2021-01-28,195,3,122,70,5894,3715,145,2034,SULAWESI TENGAH
2021-01-29,91,1,151,-61,5985,3866,146,1973,SULAWESI TENGAH
2021-01-30,222,5,109,108,6207,3975,151,2081,SULAWESI TENGAH
2021-01-31,106,1,104,1,6313,4079,152,2082,SULAWESI TENGAH
2021-02-01,48,9,117,-78,6361,4196,161,2004,SULAWESI TENGAH
2021-02-02,225,5,94,126,6586,4290,166,2130,SULAWESI TENGAH
2021-02-03,126,1,132,-7,6712,4422,167,2123,SULAWESI TENGAH
2021-02-04,158,2,173,-17,6870,4595,169,2106,SULAWESI TENGAH
2021-02-05,144,1,43,100,7014,4638,170,2206,SULAWESI TENGAH
2021-02-06,133,2,21,110,7147,4659,172,2316,SULAWESI TENGAH
2021-02-07,28,1,88,-61,7175,4747,173,2255,SULAWESI TENGAH
2021-02-08,22,1,137,-116,7197,4884,174,2139,SULAWESI TENGAH
2021-02-09,65,0,48,17,7262,4932,174,2156,SULAWESI TENGAH
2021-02-10,45,3,182,-140,7307,5114,177,2016,SULAWESI TENGAH
2021-02-11,30,4,64,-38,7337,5178,181,1978,SULAWESI TENGAH
2021-02-12,31,1,25,5,7368,5203,182,1983,SULAWESI TENGAH
2021-02-13,61,3,115,-57,7429,5318,185,1926,SULAWESI TENGAH
2021-02-14,38,3,81,-46,7467,5399,188,1880,SULAWESI TENGAH
2021-02-15,42,1,40,1,7509,5439,189,1881,SULAWESI TENGAH
2021-02-16,22,0,15,7,7531,5454,189,1888,SULAWESI TENGAH
2021-02-17,38,0,33,5,7569,5487,189,1893,SULAWESI TENGAH
2021-02-18,84,5,94,-15,7653,5581,194,1878,SULAWESI TENGAH
2021-02-19,36,4,133,-101,7689,5714,198,1777,SULAWESI TENGAH
2021-02-20,30,0,338,-308,7719,6052,198,1469,SULAWESI TENGAH
2021-02-21,17,2,62,-47,7736,6114,200,1422,SULAWESI TENGAH
2021-02-22,45,1,118,-74,7781,6232,201,1348,SULAWESI TENGAH
2021-02-23,70,2,148,-80,7851,6380,203,1268,SULAWESI TENGAH
2021-02-24,50,1,35,14,7901,6415,204,1282,SULAWESI TENGAH
2021-02-25,55,1,140,-86,7956,6555,205,1196,SULAWESI TENGAH
2021-02-26,63,3,20,40,8019,6575,208,1236,SULAWESI TENGAH
2021-02-27,38,2,51,-15,8057,6626,210,1221,SULAWESI TENGAH
2021-02-28,11,2,3,6,8068,6629,212,1227,SULAWESI TENGAH
2021-03-01,60,0,25,35,8128,6654,212,1262,SULAWESI TENGAH
2021-03-02,29,1,57,-29,8157,6711,213,1233,SULAWESI TENGAH
2021-03-03,53,0,71,-18,8210,6782,213,1215,SULAWESI TENGAH
2021-03-04,58,1,45,12,8268,6827,214,1227,SULAWESI TENGAH
2021-03-05,10,1,7,2,8278,6834,215,1229,SULAWESI TENGAH
2021-03-06,31,0,3,28,8309,6837,215,1257,SULAWESI TENGAH
2021-03-07,30,1,11,18,8339,6848,216,1275,SULAWESI TENGAH
2021-03-08,23,0,110,-87,8362,6958,216,1188,SULAWESI TENGAH
2021-03-09,45,0,89,-44,8407,7047,216,1144,SULAWESI TENGAH
2021-03-10,31,2,59,-30,8438,7106,218,1114,SULAWESI TENGAH
2021-03-11,26,0,56,-30,8464,7162,218,1084,SULAWESI TENGAH
2021-03-12,38,1,24,13,8502,7186,219,1097,SULAWESI TENGAH
2021-03-13,11,0,17,-6,8513,7203,219,1091,SULAWESI TENGAH
2021-03-14,34,0,24,10,8547,7227,219,1101,SULAWESI TENGAH
2021-03-15,25,2,41,-18,8572,7268,221,1083,SULAWESI TENGAH
2021-03-16,17,1,31,-15,8589,7299,222,1068,SULAWESI TENGAH
2021-03-17,21,0,22,-1,8610,7321,222,1067,SULAWESI TENGAH
2021-03-18,21,1,43,-23,8631,7364,223,1044,SULAWESI TENGAH
2021-03-19,44,1,47,-4,8675,7411,224,1040,SULAWESI TENGAH
2021-03-20,34,2,73,-41,8709,7484,226,999,SULAWESI TENGAH
2021-03-21,13,2,70,-59,8722,7554,228,940,SULAWESI TENGAH
2021-03-22,74,2,109,-37,8796,7663,230,903,SULAWESI TENGAH
2021-03-23,51,3,53,-5,8847,7716,233,898,SULAWESI TENGAH
2021-03-24,26,5,171,-150,8873,7887,238,748,SULAWESI TENGAH
2021-03-25,20,1,28,-9,8893,7915,239,739,SULAWESI TENGAH
2021-03-26,31,2,27,2,8924,7942,241,741,SULAWESI TENGAH
2021-03-27,9,0,16,-7,8933,7958,241,734,SULAWESI TENGAH
2021-03-28,15,0,50,-35,8948,8008,241,699,SULAWESI TENGAH
2021-03-29,19,0,55,-36,8967,8063,241,663,SULAWESI TENGAH
2021-03-30,34,0,10,24,9001,8073,241,687,SULAWESI TENGAH
2021-03-31,29,0,64,-35,9030,8137,241,652,SULAWESI TENGAH
2021-04-01,28,3,47,-22,9058,8184,244,630,SULAWESI TENGAH
2021-04-02,15,0,22,-7,9073,8206,244,623,SULAWESI TENGAH
2021-04-03,11,2,20,-11,9084,8226,246,612,SULAWESI TENGAH
2021-04-04,12,0,10,2,9096,8236,246,614,SULAWESI TENGAH
2021-04-05,42,1,25,16,9138,8261,247,630,SULAWESI TENGAH
2021-04-06,12,0,38,-26,9150,8299,247,604,SULAWESI TENGAH
2021-04-07,48,2,22,24,9198,8321,249,628,SULAWESI TENGAH
2021-04-08,21,2,45,-26,9219,8366,251,602,SULAWESI TENGAH
2021-04-09,35,1,29,5,9254,8395,252,607,SULAWESI TENGAH
2021-04-10,13,1,21,-9,9267,8416,253,598,SULAWESI TENGAH
2021-04-11,6,1,32,-27,9273,8448,254,571,SULAWESI TENGAH
2021-04-12,43,0,76,-33,9316,8524,254,538,SULAWESI TENGAH
2021-04-13,40,1,46,-7,9356,8570,255,531,SULAWESI TENGAH
2021-04-14,46,0,59,-13,9402,8629,255,518,SULAWESI TENGAH
2021-04-15,21,1,65,-45,9423,8694,256,473,SULAWESI TENGAH
2021-04-16,21,3,23,-5,9444,8717,259,468,SULAWESI TENGAH
2021-04-17,57,1,0,56,9501,8717,260,524,SULAWESI TENGAH
2021-04-18,5,2,8,-5,9506,8725,262,519,SULAWESI TENGAH
2021-04-19,67,0,44,23,9573,8769,262,542,SULAWESI TENGAH
2021-04-20,14,1,59,-46,9587,8828,263,496,SULAWESI TENGAH
2021-04-21,22,1,46,-25,9609,8874,264,471,SULAWESI TENGAH
2021-04-22,6,2,18,-14,9615,8892,266,457,SULAWESI TENGAH
2021-04-23,29,0,7,22,9644,8899,266,479,SULAWESI TENGAH
2021-04-24,36,0,4,32,9680,8903,266,511,SULAWESI TENGAH
2021-04-25,7,1,3,3,9687,8906,267,514,SULAWESI TENGAH
2021-04-26,35,1,7,27,9722,8913,268,541,SULAWESI TENGAH
2021-04-27,33,0,18,15,9755,8931,268,556,SULAWESI TENGAH
2021-04-28,35,2,22,11,9790,8953,270,567,SULAWESI TENGAH
2021-04-29,42,1,16,25,9832,8969,271,592,SULAWESI TENGAH
2021-04-30,45,3,28,14,9877,8997,274,606,SULAWESI TENGAH
2021-05-01,18,2,22,-6,9895,9019,276,600,SULAWESI TENGAH
2021-05-02,11,0,8,3,9906,9027,276,603,SULAWESI TENGAH
2021-05-03,42,2,70,-30,9948,9097,278,573,SULAWESI TENGAH
2021-05-04,18,1,76,-59,9966,9173,279,514,SULAWESI TENGAH
2021-05-05,23,3,108,-88,9989,9281,282,426,SULAWESI TENGAH
2021-05-06,36,0,35,1,10025,9316,282,427,SULAWESI TENGAH
2021-05-07,31,0,26,5,10056,9342,282,432,SULAWESI TENGAH
2021-05-08,10,1,13,-4,10066,9355,283,428,SULAWESI TENGAH
2021-05-09,4,0,6,-2,10070,9361,283,426,SULAWESI TENGAH
2021-05-10,15,3,55,-43,10085,9416,286,383,SULAWESI TENGAH
2021-05-11,49,0,18,31,10134,9434,286,414,SULAWESI TENGAH
2021-05-12,46,1,6,39,10180,9440,287,453,SULAWESI TENGAH
2021-05-13,2,0,5,-3,10182,9445,287,450,SULAWESI TENGAH
2021-05-14,11,0,15,-4,10193,9460,287,446,SULAWESI TENGAH
2021-05-15,4,1,18,-15,10197,9478,288,431,SULAWESI TENGAH
2021-05-16,0,1,8,-9,10197,9486,289,422,SULAWESI TENGAH
2021-05-17,11,2,62,-53,10208,9548,291,369,SULAWESI TENGAH
2021-05-18,16,2,36,-22,10224,9584,293,347,SULAWESI TENGAH
2021-05-19,8,0,15,-7,10232,9599,293,340,SULAWESI TENGAH
2021-05-20,7,3,57,-53,10239,9656,296,287,SULAWESI TENGAH
2021-05-21,4,0,21,-17,10243,9677,296,270,SULAWESI TENGAH
2021-05-22,10,0,0,10,10253,9677,296,280,SULAWESI TENGAH
2021-05-23,12,0,11,1,10265,9688,296,281,SULAWESI TENGAH
2021-05-24,14,1,14,-1,10279,9702,297,280,SULAWESI TENGAH
2021-05-25,13,0,99,-86,10292,9801,297,194,SULAWESI TENGAH
2021-05-26,16,2,10,4,10308,9811,299,198,SULAWESI TENGAH
2021-05-27,4,0,27,-23,10312,9838,299,175,SULAWESI TENGAH
2021-05-28,14,1,7,6,10326,9845,300,181,SULAWESI TENGAH
2021-05-29,27,4,4,19,10353,9849,304,200,SULAWESI TENGAH
2021-05-30,11,0,1,10,10364,9850,304,210,SULAWESI TENGAH
2021-05-31,3,0,10,-7,10367,9860,304,203,SULAWESI TENGAH
2021-06-01,4,0,7,-3,10371,9867,304,200,SULAWESI TENGAH
2021-06-02,24,3,34,-13,10395,9901,307,187,SULAWESI TENGAH
2021-06-03,6,2,15,-11,10401,9916,309,176,SULAWESI TENGAH
2021-06-04,15,0,2,13,10416,9918,309,189,SULAWESI TENGAH
2021-06-05,6,0,5,1,10422,9923,309,190,SULAWESI TENGAH
2021-06-06,4,1,14,-11,10426,9937,310,179,SULAWESI TENGAH
2021-06-07,5,0,4,1,10431,9941,310,180,SULAWESI TENGAH
2021-06-08,43,1,47,-5,10474,9988,311,175,SULAWESI TENGAH
2021-06-09,6,2,11,-7,10480,9999,313,168,SULAWESI TENGAH
2021-06-10,14,0,6,8,10494,10005,313,176,SULAWESI TENGAH
2021-06-11,9,0,13,-4,10503,10018,313,172,SULAWESI TENGAH
2021-06-12,7,1,3,3,10510,10021,314,175,SULAWESI TENGAH
2021-06-13,8,1,3,4,10518,10024,315,179,SULAWESI TENGAH
2021-06-14,7,0,13,-6,10525,10037,315,173,SULAWESI TENGAH
2021-06-15,10,1,2,7,10535,10039,316,180,SULAWESI TENGAH
2021-06-16,10,0,7,3,10545,10046,316,183,SULAWESI TENGAH
2021-06-17,15,0,1,14,10560,10047,316,197,SULAWESI TENGAH
2021-06-18,18,0,6,12,10578,10053,316,209,SULAWESI TENGAH
2021-06-19,34,1,32,1,10612,10085,317,210,SULAWESI TENGAH
2021-06-20,18,0,0,18,10630,10085,317,228,SULAWESI TENGAH
2021-06-21,15,3,32,-20,10645,10117,320,208,SULAWESI TENGAH
2021-06-22,15,0,16,-1,10660,10133,320,207,SULAWESI TENGAH
2021-06-23,25,1,10,14,10685,10143,321,221,SULAWESI TENGAH
2021-06-24,32,1,3,28,10717,10146,322,249,SULAWESI TENGAH
2021-06-25,47,2,16,29,10764,10162,324,278,SULAWESI TENGAH
2021-06-26,25,1,0,24,10789,10162,325,302,SULAWESI TENGAH
2021-06-27,28,1,2,25,10817,10164,326,327,SULAWESI TENGAH
2021-06-28,42,1,47,-6,10859,10211,327,321,SULAWESI TENGAH
2021-06-29,59,1,19,39,10918,10230,328,360,SULAWESI TENGAH
2021-06-30,50,2,11,37,10968,10241,330,397,SULAWESI TENGAH
2021-07-01,69,0,11,58,11037,10252,330,455,SULAWESI TENGAH
2021-07-02,86,1,15,70,11123,10267,331,525,SULAWESI TENGAH
2021-07-03,80,0,11,69,11203,10278,331,594,SULAWESI TENGAH
2021-07-04,47,1,17,29,11250,10295,332,623,SULAWESI TENGAH
2021-07-05,64,0,24,40,11314,10319,332,663,SULAWESI TENGAH
2021-07-06,95,3,11,81,11409,10330,335,744,SULAWESI TENGAH
2021-07-07,91,1,12,78,11500,10342,336,822,SULAWESI TENGAH
2021-07-08,128,2,31,95,11628,10373,338,917,SULAWESI TENGAH
2021-07-09,190,6,67,117,11818,10440,344,1034,SULAWESI TENGAH
2021-07-10,96,2,26,68,11914,10466,346,1102,SULAWESI TENGAH
2021-07-11,144,3,50,91,12058,10516,349,1193,SULAWESI TENGAH
2021-07-12,63,5,110,-52,12121,10626,354,1141,SULAWESI TENGAH
2021-07-13,268,4,63,201,12389,10689,358,1342,SULAWESI TENGAH
2021-07-14,213,3,57,153,12602,10746,361,1495,SULAWESI TENGAH
2021-07-15,238,5,81,152,12840,10827,366,1647,SULAWESI TENGAH
2021-07-16,180,3,78,99,13020,10905,369,1746,SULAWESI TENGAH
2021-07-17,261,6,51,204,13281,10956,375,1950,SULAWESI TENGAH
2021-07-18,207,6,62,139,13488,11018,381,2089,SULAWESI TENGAH
2021-07-19,221,4,42,175,13709,11060,385,2264,SULAWESI TENGAH
2021-07-20,169,6,10,153,13878,11070,391,2417,SULAWESI TENGAH
2021-07-21,220,4,93,123,14098,11163,395,2540,SULAWESI TENGAH
2021-07-22,309,8,171,130,14407,11334,403,2670,SULAWESI TENGAH
2021-07-23,402,5,106,291,14809,11440,408,2961,SULAWESI TENGAH
2021-07-24,302,8,135,159,15111,11575,416,3120,SULAWESI TENGAH
2021-07-25,233,9,86,138,15344,11661,425,3258,SULAWESI TENGAH
2021-07-26,323,10,42,271,15667,11703,435,3529,SULAWESI TENGAH
2021-07-27,499,18,181,300,16166,11884,453,3829,SULAWESI TENGAH
2021-07-28,654,11,275,368,16820,12159,464,4197,SULAWESI TENGAH
2021-07-29,648,15,197,436,17468,12356,479,4633,SULAWESI TENGAH
2021-07-30,491,17,343,131,17959,12699,496,4764,SULAWESI TENGAH
2021-07-31,335,21,257,57,18294,12956,517,4821,SULAWESI TENGAH
2021-08-01,523,23,151,349,18817,13107,540,5170,SULAWESI TENGAH
2021-08-02,426,16,243,167,19243,13350,556,5337,SULAWESI TENGAH
2021-08-03,657,13,248,396,19900,13598,569,5733,SULAWESI TENGAH
2021-08-04,554,16,230,308,20454,13828,585,6041,SULAWESI TENGAH
2021-08-05,662,23,463,176,21116,14291,608,6217,SULAWESI TENGAH
2021-08-06,1260,23,310,927,22376,14601,631,7144,SULAWESI TENGAH
2021-08-07,655,18,391,246,23031,14992,649,7390,SULAWESI TENGAH
2021-08-08,666,27,204,435,23697,15196,676,7825,SULAWESI TENGAH
2021-08-09,348,20,692,-364,24045,15888,696,7461,SULAWESI TENGAH
2021-08-10,776,24,536,216,24821,16424,720,7677,SULAWESI TENGAH
2021-08-11,748,27,365,356,25569,16789,747,8033,SULAWESI TENGAH
2021-08-12,516,20,647,-151,26085,17436,767,7882,SULAWESI TENGAH
2021-08-13,774,23,747,4,26859,18183,790,7886,SULAWESI TENGAH
2021-08-14,700,28,563,109,27559,18746,818,7995,SULAWESI TENGAH
2021-08-15,520,25,466,29,28079,19212,843,8024,SULAWESI TENGAH
2021-08-16,429,23,772,-366,28508,19984,866,7658,SULAWESI TENGAH
2021-08-17,730,19,367,344,29238,20351,885,8002,SULAWESI TENGAH
2021-08-18,355,22,523,-190,29593,20874,907,7812,SULAWESI TENGAH
2021-08-19,679,20,635,24,30272,21509,927,7836,SULAWESI TENGAH
2021-08-20,489,11,660,-182,30761,22169,938,7654,SULAWESI TENGAH
2021-08-21,438,23,450,-35,31199,22619,961,7619,SULAWESI TENGAH
2021-08-22,251,18,608,-375,31450,23227,979,7244,SULAWESI TENGAH
2021-08-23,265,9,501,-245,31715,23728,988,6999,SULAWESI TENGAH
2021-08-24,433,12,780,-359,32148,24508,1000,6640,SULAWESI TENGAH
2021-08-25,396,19,768,-391,32544,25276,1019,6249,SULAWESI TENGAH
2021-08-26,372,22,649,-299,32916,25925,1041,5950,SULAWESI TENGAH
2021-08-27,287,9,652,-374,33203,26577,1050,5576,SULAWESI TENGAH
2021-08-28,274,13,661,-400,33477,27238,1063,5176,SULAWESI TENGAH
2021-08-29,160,9,294,-143,33637,27532,1072,5033,SULAWESI TENGAH
2021-08-30,163,10,545,-392,33800,28077,1082,4641,SULAWESI TENGAH
2021-08-31,272,6,466,-200,34072,28543,1088,4441,SULAWESI TENGAH
2021-09-01,190,13,358,-181,34262,28901,1101,4260,SULAWESI TENGAH
2021-09-02,227,14,439,-226,34489,29340,1115,4034,SULAWESI TENGAH
2021-09-03,178,14,377,-213,34667,29717,1129,3821,SULAWESI TENGAH
2021-09-04,235,10,429,-204,34902,30146,1139,3617,SULAWESI TENGAH
2021-09-05,119,9,225,-115,35021,30371,1148,3502,SULAWESI TENGAH
2021-09-06,141,9,321,-189,35162,30692,1157,3313,SULAWESI TENGAH
2021-09-07,150,5,221,-76,35312,30913,1162,3237,SULAWESI TENGAH
2021-09-08,144,8,470,-334,35456,31383,1170,2903,SULAWESI TENGAH
2021-09-09,123,6,450,-333,35579,31833,1176,2570,SULAWESI TENGAH
2021-09-10,136,10,362,-236,35715,32195,1186,2334,SULAWESI TENGAH
2021-09-11,131,6,270,-145,35846,32465,1192,2189,SULAWESI TENGAH
2021-09-12,71,3,192,-124,35917,32657,1195,2065,SULAWESI TENGAH
2021-09-13,74,8,293,-227,35991,32950,1203,1838,SULAWESI TENGAH
2021-09-14,112,4,194,-86,36103,33144,1207,1752,SULAWESI TENGAH
2021-09-15,65,7,190,-132,36168,33334,1214,1620,SULAWESI TENGAH
2021-09-16,56,1,191,-136,36224,33525,1215,1484,SULAWESI TENGAH
2021-09-17,103,9,178,-84,36327,33703,1224,1400,SULAWESI TENGAH
2021-09-18,118,5,152,-39,36445,33855,1229,1361,SULAWESI TENGAH
2021-09-19,45,2,91,-48,36490,33946,1231,1313,SULAWESI TENGAH
2021-09-20,45,3,140,-98,36535,34086,1234,1215,SULAWESI TENGAH
2021-09-21,83,4,96,-17,36618,34182,1238,1198,SULAWESI TENGAH
2021-09-22,92,7,179,-94,36710,34361,1245,1104,SULAWESI TENGAH
2021-09-23,86,1,135,-50,36796,34496,1246,1054,SULAWESI TENGAH
2021-09-24,53,3,112,-62,36849,34608,1249,992,SULAWESI TENGAH
2021-09-25,44,1,61,-18,36893,34669,1250,974,SULAWESI TENGAH
2021-09-26,81,1,98,-18,36974,34767,1251,956,SULAWESI TENGAH
2021-09-27,63,3,131,-71,37037,34898,1254,885,SULAWESI TENGAH
2021-09-28,46,1,85,-40,37083,34983,1255,845,SULAWESI TENGAH
2021-09-29,17,3,107,-93,37100,35090,1258,752,SULAWESI TENGAH
2021-09-30,34,2,49,-17,37134,35139,1260,735,SULAWESI TENGAH
2021-10-01,31,2,111,-82,37165,35250,1262,653,SULAWESI TENGAH
2021-10-02,22,1,68,-47,37187,35318,1263,606,SULAWESI TENGAH
2021-10-03,14,0,37,-23,37201,35355,1263,583,SULAWESI TENGAH
2021-10-04,36,3,131,-98,37237,35486,1266,485,SULAWESI TENGAH
2021-10-05,45,0,57,-12,37282,35543,1266,473,SULAWESI TENGAH
2021-10-06,36,1,38,-3,37318,35581,1267,470,SULAWESI TENGAH
2021-10-07,33,1,48,-16,37351,35629,1268,454,SULAWESI TENGAH
2021-10-08,17,3,40,-26,37368,35669,1271,428,SULAWESI TENGAH
2021-10-09,23,0,42,-19,37391,35711,1271,409,SULAWESI TENGAH
2021-10-10,17,2,37,-22,37408,35748,1273,387,SULAWESI TENGAH
2021-10-11,9,0,34,-25,37417,35782,1273,362,SULAWESI TENGAH
2021-10-12,27,1,36,-10,37444,35818,1274,352,SULAWESI TENGAH
2021-10-13,19,1,67,-49,37463,35885,1275,303,SULAWESI TENGAH
2021-10-14,22,0,47,-25,37485,35932,1275,278,SULAWESI TENGAH
2021-10-15,15,0,41,-26,37500,35973,1275,252,SULAWESI TENGAH
2021-10-16,8,1,29,-22,37508,36002,1276,230,SULAWESI TENGAH
2021-10-17,2,0,8,-6,37510,36010,1276,224,SULAWESI TENGAH
2021-10-18,10,0,41,-31,37520,36051,1276,193,SULAWESI TENGAH
2021-10-19,11,0,34,-23,37531,36085,1276,170,SULAWESI TENGAH
2021-10-20,16,0,13,3,37547,36098,1276,173,SULAWESI TENGAH
2021-10-21,11,1,25,-15,37558,36123,1277,158,SULAWESI TENGAH
2021-10-22,14,1,30,-17,37572,36153,1278,141,SULAWESI TENGAH
2021-10-23,25,0,30,-5,37597,36183,1278,136,SULAWESI TENGAH
2021-10-24,6,0,10,-4,37603,36193,1278,132,SULAWESI TENGAH
2021-10-25,13,0,25,-12,37616,36218,1278,120,SULAWESI TENGAH
2021-10-26,10,1,2,7,37626,36220,1279,127,SULAWESI TENGAH
2021-10-27,10,0,19,-9,37636,36239,1279,118,SULAWESI TENGAH
2021-10-28,20,1,13,6,37656,36252,1280,124,SULAWESI TENGAH
2021-10-29,3,2,13,-12,37659,36265,1282,112,SULAWESI TENGAH
2021-10-30,5,1,9,-5,37664,36274,1283,107,SULAWESI TENGAH
2021-10-31,9,0,4,5,37673,36278,1283,112,SULAWESI TENGAH
2021-11-01,7,1,12,-6,37680,36290,1284,106,SULAWESI TENGAH
2021-11-02,3,0,9,-6,37683,36299,1284,100,SULAWESI TENGAH
2021-11-03,6,0,10,-4,37689,36309,1284,96,SULAWESI TENGAH
2021-11-04,6,1,12,-7,37695,36321,1285,89,SULAWESI TENGAH
2021-11-05,10,0,4,6,37705,36325,1285,95,SULAWESI TENGAH
2021-11-06,2,0,5,-3,37707,36330,1285,92,SULAWESI TENGAH
2021-11-07,4,0,19,-15,37711,36349,1285,77,SULAWESI TENGAH
2021-11-08,2,0,22,-20,37713,36371,1285,57,SULAWESI TENGAH
2021-11-09,1,1,7,-7,37714,36378,1286,50,SULAWESI TENGAH
2021-11-10,6,1,5,0,37720,36383,1287,50,SULAWESI TENGAH
2021-11-11,3,0,4,-1,37723,36387,1287,49,SULAWESI TENGAH
2021-11-12,3,0,5,-2,37726,36392,1287,47,SULAWESI TENGAH
2021-11-13,2,0,0,2,37728,36392,1287,49,SULAWESI TENGAH
2021-11-14,5,1,5,-1,37733,36397,1288,48,SULAWESI TENGAH
2021-11-15,3,1,5,-3,37736,36402,1289,45,SULAWESI TENGAH
2021-11-16,2,0,0,2,37738,36402,1289,47,SULAWESI TENGAH
2021-11-17,3,0,3,0,37741,36405,1289,47,SULAWESI TENGAH
2021-11-18,7,0,5,2,37748,36410,1289,49,SULAWESI TENGAH
2021-11-19,4,0,2,2,37752,36412,1289,51,SULAWESI TENGAH
2021-11-20,7,0,4,3,37759,36416,1289,54,SULAWESI TENGAH
2021-11-21,1,0,8,-7,37760,36424,1289,47,SULAWESI TENGAH
2021-11-22,2,0,2,0,37762,36426,1289,47,SULAWESI TENGAH
2021-11-23,2,2,7,-7,37764,36433,1291,40,SULAWESI TENGAH
2021-11-24,1,0,6,-5,37765,36439,1291,35,SULAWESI TENGAH
2021-11-25,1,0,1,0,37766,36440,1291,35,SULAWESI TENGAH
2021-11-26,4,0,4,0,37770,36444,1291,35,SULAWESI TENGAH
2021-11-27,3,1,2,0,37773,36446,1292,35,SULAWESI TENGAH
2021-11-28,0,0,3,-3,37773,36449,1292,32,SULAWESI TENGAH
2021-11-29,0,0,5,-5,37773,36454,1292,27,SULAWESI TENGAH
2021-11-30,3,0,0,3,37776,36454,1292,30,SULAWESI TENGAH
2021-12-01,4,0,1,3,37780,36455,1292,33,SULAWESI TENGAH
2021-12-02,8,0,6,2,37788,36461,1292,35,SULAWESI TENGAH
2021-12-03,1,0,6,-5,37789,36467,1292,30,SULAWESI TENGAH
2021-12-04,2,0,3,-1,37791,36470,1292,29,SULAWESI TENGAH
2021-12-05,2,0,5,-3,37793,36475,1292,26,SULAWESI TENGAH
2021-12-06,0,0,1,-1,37793,36476,1292,25,SULAWESI TENGAH
2021-12-07,1,0,2,-1,37794,36478,1292,24,SULAWESI TENGAH
2021-12-08,1,0,5,-4,37795,36483,1292,20,SULAWESI TENGAH
2021-12-09,8,0,0,8,37803,36483,1292,28,SULAWESI TENGAH
2021-12-10,7,0,2,5,37810,36485,1292,33,SULAWESI TENGAH
2021-12-11,2,0,0,2,37812,36485,1292,35,SULAWESI TENGAH
2021-12-12,4,0,3,1,37816,36488,1292,36,SULAWESI TENGAH
2021-12-13,2,0,7,-5,37818,36495,1292,31,SULAWESI TENGAH
2021-12-14,1,0,3,-2,37819,36498,1292,29,SULAWESI TENGAH
2021-12-15,6,0,0,6,37825,36498,1292,35,SULAWESI TENGAH
2021-12-16,2,1,4,-3,37827,36502,1293,32,SULAWESI TENGAH
2021-12-17,22,1,3,18,37849,36505,1294,50,SULAWESI TENGAH
2021-12-18,4,0,0,4,37853,36505,1294,54,SULAWESI TENGAH
2021-12-19,0,0,2,-2,37853,36507,1294,52,SULAWESI TENGAH
2021-12-20,1,0,5,-4,37854,36512,1294,48,SULAWESI TENGAH
2021-12-21,1,0,1,0,37855,36513,1294,48,SULAWESI TENGAH
2021-12-22,4,0,2,2,37859,36515,1294,50,SULAWESI TENGAH
2021-12-23,1,0,2,-1,37860,36517,1294,49,SULAWESI TENGAH
2021-12-24,0,0,2,-2,37860,36519,1294,47,SULAWESI TENGAH
2021-12-25,1,0,3,-2,37861,36522,1294,45,SULAWESI TENGAH
2021-12-26,0,0,2,-2,37861,36524,1294,43,SULAWESI TENGAH
2021-12-27,3,0,1,2,37864,36525,1294,45,SULAWESI TENGAH
2021-12-28,0,0,3,-3,37864,36528,1294,42,SULAWESI TENGAH
2021-12-29,2,0,2,0,37866,36530,1294,42,SULAWESI TENGAH
2021-12-30,2,0,2,0,37868,36532,1294,42,SULAWESI TENGAH
2021-12-31,2,0,4,-2,37870,36536,1294,40,SULAWESI TENGAH
2022-01-01,3,0,1,2,37873,36537,1294,42,SULAWESI TENGAH
2022-01-02,1,0,0,1,37874,36537,1294,43,SULAWESI TENGAH
2022-01-03,1,0,0,1,37875,36537,1294,44,SULAWESI TENGAH
2022-01-04,1,1,6,-6,37876,36543,1295,38,SULAWESI TENGAH
2022-01-05,3,0,1,2,37879,36544,1295,40,SULAWESI TENGAH
2022-01-06,2,0,1,1,37881,36545,1295,41,SULAWESI TENGAH
2022-01-07,6,0,25,-19,37887,36570,1295,22,SULAWESI TENGAH
2022-01-08,0,0,1,-1,37887,36571,1295,21,SULAWESI TENGAH
2022-01-09,1,0,4,-3,37888,36575,1295,18,SULAWESI TENGAH
2022-01-10,0,0,2,-2,37888,36577,1295,16,SULAWESI TENGAH
2022-01-11,0,0,2,-2,37888,36579,1295,14,SULAWESI TENGAH
2022-01-12,1,0,3,-2,37889,36582,1295,12,SULAWESI TENGAH
2022-01-13,6,1,0,5,37895,36582,1296,17,SULAWESI TENGAH
2022-01-14,3,0,0,3,37898,36582,1296,20,SULAWESI TENGAH
2022-01-15,2,0,0,2,37900,36582,1296,22,SULAWESI TENGAH
2022-01-16,0,0,3,-3,37900,36585,1296,19,SULAWESI TENGAH
2022-01-17,2,0,7,-5,37902,36592,1296,14,SULAWESI TENGAH
2022-01-18,7,0,0,7,37909,36592,1296,21,SULAWESI TENGAH
2022-01-19,3,1,1,1,37912,36593,1297,22,SULAWESI TENGAH
2022-01-20,2,0,1,1,37914,36594,1297,23,SULAWESI TENGAH
2022-01-21,2,0,0,2,37916,36594,1297,25,SULAWESI TENGAH
2022-01-22,1,0,0,1,37917,36594,1297,26,SULAWESI TENGAH
2022-01-23,0,0,0,0,37917,36594,1297,26,SULAWESI TENGAH
2022-01-24,4,0,0,4,37921,36594,1297,30,SULAWESI TENGAH
2022-01-25,3,0,4,-1,37924,36598,1297,29,SULAWESI TENGAH
2022-01-26,2,0,0,2,37926,36598,1297,31,SULAWESI TENGAH
2022-01-27,1,0,5,-4,37927,36603,1297,27,SULAWESI TENGAH
2022-01-28,3,0,9,-6,37930,36612,1297,21,SULAWESI TENGAH
2022-01-29,4,1,0,3,37934,36612,1298,24,SULAWESI TENGAH
2022-01-30,4,0,5,-1,37938,36617,1298,23,SULAWESI TENGAH
2022-01-31,5,0,5,0,37943,36622,1298,23,SULAWESI TENGAH
2022-02-01,5,0,0,5,37948,36622,1298,28,SULAWESI TENGAH
2022-02-02,1,1,0,0,37949,36622,1299,28,SULAWESI TENGAH
2022-02-03,14,0,1,13,37963,36623,1299,41,SULAWESI TENGAH
2022-02-04,6,0,0,6,37969,36623,1299,47,SULAWESI TENGAH
2022-02-05,19,0,2,17,37988,36625,1299,64,SULAWESI TENGAH
2022-02-06,9,0,4,5,37997,36629,1299,69,SULAWESI TENGAH
2022-02-07,5,0,4,1,38002,36633,1299,70,SULAWESI TENGAH
2022-02-08,25,0,0,25,38027,36633,1299,95,SULAWESI TENGAH
2022-02-09,35,0,2,33,38062,36635,1299,128,SULAWESI TENGAH
2022-02-10,41,0,2,39,38103,36637,1299,167,SULAWESI TENGAH
2022-02-11,40,0,5,35,38143,36642,1299,202,SULAWESI TENGAH
2022-02-12,117,0,17,100,38260,36659,1299,302,SULAWESI TENGAH
2022-02-13,56,0,7,49,38316,36666,1299,351,SULAWESI TENGAH
2022-02-14,63,0,12,51,38379,36678,1299,402,SULAWESI TENGAH
2022-02-15,125,1,18,106,38504,36696,1300,508,SULAWESI TENGAH
2022-02-16,178,1,10,167,38682,36706,1301,675,SULAWESI TENGAH
2022-02-17,189,1,35,153,38871,36741,1302,828,SULAWESI TENGAH
2022-02-18,255,0,30,225,39126,36771,1302,1053,SULAWESI TENGAH
2022-02-19,209,0,49,160,39335,36820,1302,1213,SULAWESI TENGAH
2022-02-20,157,0,67,90,39492,36887,1302,1303,SULAWESI TENGAH
2022-02-21,203,1,52,150,39695,36939,1303,1453,SULAWESI TENGAH
2022-02-22,463,0,64,399,40158,37003,1303,1852,SULAWESI TENGAH
2022-02-23,311,1,83,227,40469,37086,1304,2079,SULAWESI TENGAH
2022-02-24,445,0,93,352,40914,37179,1304,2431,SULAWESI TENGAH
2022-02-25,414,0,84,330,41328,37263,1304,2761,SULAWESI TENGAH
2022-02-26,447,0,138,309,41775,37401,1304,3070,SULAWESI TENGAH
2022-02-27,292,2,97,193,42067,37498,1306,3263,SULAWESI TENGAH
2022-02-28,117,2,153,-38,42184,37651,1308,3225,SULAWESI TENGAH
2022-03-01,315,1,314,0,42499,37965,1309,3225,SULAWESI TENGAH
2022-03-02,474,3,182,289,42973,38147,1312,3514,SULAWESI TENGAH
2022-03-03,423,3,144,276,43396,38291,1315,3790,SULAWESI TENGAH
2022-03-04,351,2,279,70,43747,38570,1317,3860,SULAWESI TENGAH
2022-03-05,468,0,227,241,44215,38797,1317,4101,SULAWESI TENGAH
2022-03-06,257,2,574,-319,44472,39371,1319,3782,SULAWESI TENGAH
2022-03-07,273,2,414,-143,44745,39785,1321,3639,SULAWESI TENGAH
2022-03-08,429,5,265,159,45174,40050,1326,3798,SULAWESI TENGAH
2022-03-09,369,5,180,184,45543,40230,1331,3982,SULAWESI TENGAH
2022-03-10,306,2,396,-92,45849,40626,1333,3890,SULAWESI TENGAH
2022-03-11,221,0,262,-41,46070,40888,1333,3849,SULAWESI TENGAH
2022-03-12,208,1,337,-130,46278,41225,1334,3719,SULAWESI TENGAH
2022-03-13,205,2,332,-129,46483,41557,1336,3590,SULAWESI TENGAH
2022-03-14,243,6,376,-139,46726,41933,1342,3451,SULAWESI TENGAH
2022-03-15,253,2,261,-10,46979,42194,1344,3441,SULAWESI TENGAH
2022-03-16,221,3,397,-179,47200,42591,1347,3262,SULAWESI TENGAH
2022-03-17,241,4,287,-50,47441,42878,1351,3212,SULAWESI TENGAH
2022-03-18,132,2,393,-263,47573,43271,1353,2949,SULAWESI TENGAH
2022-03-19,89,2,184,-97,47662,43455,1355,2852,SULAWESI TENGAH
2022-03-20,38,1,123,-86,47700,43578,1356,2766,SULAWESI TENGAH
2022-03-21,68,5,329,-266,47768,43907,1361,2500,SULAWESI TENGAH
2022-03-22,147,3,272,-128,47915,44179,1364,2372,SULAWESI TENGAH
2022-03-23,100,3,286,-189,48015,44465,1367,2183,SULAWESI TENGAH
2022-03-24,59,0,334,-275,48074,44799,1367,1908,SULAWESI TENGAH
2022-03-25,95,0,225,-130,48169,45024,1367,1778,SULAWESI TENGAH
2022-03-26,32,4,187,-159,48201,45211,1371,1619,SULAWESI TENGAH
2022-03-27,25,0,138,-113,48226,45349,1371,1506,SULAWESI TENGAH
2022-03-28,35,1,312,-278,48261,45661,1372,1228,SULAWESI TENGAH
2022-03-29,47,1,190,-144,48308,45851,1373,1084,SULAWESI TENGAH
2022-03-30,30,3,122,-95,48338,45973,1376,989,SULAWESI TENGAH
2022-03-31,20,0,103,-83,48358,46076,1376,906,SULAWESI TENGAH
2022-04-01,51,1,123,-73,48409,46199,1377,833,SULAWESI TENGAH
2022-04-02,19,0,77,-58,48428,46276,1377,775,SULAWESI TENGAH
2022-04-03,13,1,63,-51,48441,46339,1378,724,SULAWESI TENGAH
2022-04-04,11,1,228,-218,48452,46567,1379,506,SULAWESI TENGAH
2022-04-05,21,1,80,-60,48473,46647,1380,446,SULAWESI TENGAH
2022-04-06,13,0,50,-37,48486,46697,1380,409,SULAWESI TENGAH
2022-04-07,12,0,50,-38,48498,46747,1380,371,SULAWESI TENGAH
2022-04-08,16,0,83,-67,48514,46830,1380,304,SULAWESI TENGAH
2022-04-09,7,0,24,-17,48521,46854,1380,287,SULAWESI TENGAH
2022-04-10,4,0,36,-32,48525,46890,1380,255,SULAWESI TENGAH
2022-04-11,26,0,34,-8,48551,46924,1380,247,SULAWESI TENGAH
2022-04-12,12,0,49,-37,48563,46973,1380,210,SULAWESI TENGAH
2022-04-13,13,0,16,-3,48576,46989,1380,207,SULAWESI TENGAH
2022-04-14,8,1,65,-58,48584,47054,1381,149,SULAWESI TENGAH
2022-04-15,0,0,13,-13,48584,47067,1381,136,SULAWESI TENGAH
2022-04-16,8,0,17,-9,48592,47084,1381,127,SULAWESI TENGAH
2022-04-17,1,0,34,-33,48593,47118,1381,94,SULAWESI TENGAH
2022-04-18,16,0,24,-8,48609,47142,1381,86,SULAWESI TENGAH
2022-04-19,5,0,9,-4,48614,47151,1381,82,SULAWESI TENGAH
2022-04-20,4,1,7,-4,48618,47158,1382,78,SULAWESI TENGAH
2022-04-21,2,0,10,-8,48620,47168,1382,70,SULAWESI TENGAH
2022-04-22,4,1,20,-17,48624,47188,1383,53,SULAWESI TENGAH
2022-04-23,3,0,5,-2,48627,47193,1383,51,SULAWESI TENGAH
2022-04-24,2,0,12,-10,48629,47205,1383,41,SULAWESI TENGAH
2022-04-25,0,1,9,-10,48629,47214,1384,31,SULAWESI TENGAH
2022-04-26,8,0,12,-4,48637,47226,1384,27,SULAWESI TENGAH
2022-04-27,2,0,1,1,48639,47227,1384,28,SULAWESI TENGAH
2022-04-28,0,0,3,-3,48639,47230,1384,25,SULAWESI TENGAH
2022-04-29,1,1,1,-1,48640,47231,1385,24,SULAWESI TENGAH
2022-04-30,0,0,0,0,48640,47231,1385,24,SULAWESI TENGAH
2022-05-01,1,0,7,-6,48641,47238,1385,18,SULAWESI TENGAH
2022-05-02,1,0,0,1,48642,47238,1385,19,SULAWESI TENGAH
2022-05-03,0,0,1,-1,48642,47239,1385,18,SULAWESI TENGAH
2022-05-04,0,0,2,-2,48642,47241,1385,16,SULAWESI TENGAH
2022-05-05,1,0,0,1,48643,47241,1385,17,SULAWESI TENGAH
2022-05-06,1,0,1,0,48644,47242,1385,17,SULAWESI TENGAH
2022-05-07,0,0,0,0,48644,47242,1385,17,SULAWESI TENGAH
2022-05-08,2,0,1,1,48646,47243,1385,18,SULAWESI TENGAH
2022-05-09,0,0,3,-3,48646,47246,1385,15,SULAWESI TENGAH
2022-05-10,1,0,8,-7,48647,47254,1385,8,SULAWESI TENGAH
2022-05-11,0,0,1,-1,48647,47255,1385,7,SULAWESI TENGAH
2022-05-12,0,0,0,0,48647,47255,1385,7,SULAWESI TENGAH
2022-05-13,0,0,0,0,48647,47255,1385,7,SULAWESI TENGAH
2022-05-14,1,0,0,1,48648,47255,1385,8,SULAWESI TENGAH
2022-05-15,1,0,0,1,48649,47255,1385,9,SULAWESI TENGAH
2022-05-16,0,0,1,-1,48649,47256,1385,8,SULAWESI TENGAH
2022-05-17,0,0,0,0,48649,47256,1385,8,SULAWESI TENGAH
2022-05-18,3,0,2,1,48652,47258,1385,9,SULAWESI TENGAH
2022-05-19,6,1,2,3,48658,47260,1386,12,SULAWESI TENGAH
2022-05-20,1,0,0,1,48659,47260,1386,13,SULAWESI TENGAH
2022-05-21,1,0,0,1,48660,47260,1386,14,SULAWESI TENGAH
2022-05-22,0,0,0,0,48660,47260,1386,14,SULAWESI TENGAH
2022-05-23,0,0,1,-1,48660,47261,1386,13,SULAWESI TENGAH
2022-05-24,0,0,2,-2,48660,47263,1386,11,SULAWESI TENGAH
2022-05-25,1,0,1,0,48661,47264,1386,11,SULAWESI TENGAH
2022-05-26,1,0,0,1,48662,47264,1386,12,SULAWESI TENGAH
2022-05-27,0,0,2,-2,48662,47266,1386,10,SULAWESI TENGAH
2022-05-28,1,0,0,1,48663,47266,1386,11,SULAWESI TENGAH
2022-05-29,1,0,4,-3,48664,47270,1386,8,SULAWESI TENGAH
2022-05-30,0,0,2,-2,48664,47272,1386,6,SULAWESI TENGAH
2022-05-31,0,0,0,0,48664,47272,1386,6,SULAWESI TENGAH
2022-06-01,1,0,1,0,48665,47273,1386,6,SULAWESI TENGAH
2022-06-02,0,0,1,-1,48665,47274,1386,5,SULAWESI TENGAH
2022-06-03,1,0,0,1,48666,47274,1386,6,SULAWESI TENGAH
2022-06-04,3,0,2,1,48669,47276,1386,7,SULAWESI TENGAH
2022-06-05,0,0,0,0,48669,47276,1386,7,SULAWESI TENGAH
2022-06-06,0,0,0,0,48669,47276,1386,7,SULAWESI TENGAH
2022-06-07,0,0,2,-2,48669,47278,1386,5,SULAWESI TENGAH
2022-06-08,1,1,0,0,48670,47278,1387,5,SULAWESI TENGAH
2022-06-09,3,0,0,3,48673,47278,1387,8,SULAWESI TENGAH
2022-06-10,1,0,0,1,48674,47278,1387,9,SULAWESI TENGAH
2022-06-11,1,0,0,1,48675,47278,1387,10,SULAWESI TENGAH
2022-06-12,0,0,0,0,48675,47278,1387,10,SULAWESI TENGAH
2022-06-13,1,0,2,-1,48676,47280,1387,9,SULAWESI TENGAH
2022-06-14,0,0,2,-2,48676,47282,1387,7,SULAWESI TENGAH
2022-06-15,1,0,0,1,48677,47282,1387,8,SULAWESI TENGAH
2022-06-16,1,0,0,1,48678,47282,1387,9,SULAWESI TENGAH
2022-06-17,2,0,0,2,48680,47282,1387,11,SULAWESI TENGAH
2022-06-18,0,0,1,-1,48680,47283,1387,10,SULAWESI TENGAH
2022-06-19,0,0,0,0,48680,47283,1387,10,SULAWESI TENGAH
2022-06-20,2,0,0,2,48682,47283,1387,12,SULAWESI TENGAH
2022-06-21,0,0,3,-3,48682,47286,1387,9,SULAWESI TENGAH
2022-06-22,0,0,0,0,48682,47286,1387,9,SULAWESI TENGAH
2022-06-23,1,0,2,-1,48683,47288,1387,8,SULAWESI TENGAH
2022-06-24,0,0,1,-1,48683,47289,1387,7,SULAWESI TENGAH
2022-06-25,0,0,0,0,48683,47289,1387,7,SULAWESI TENGAH
2022-06-26,1,0,0,1,48684,47289,1387,8,SULAWESI TENGAH
2022-06-27,0,0,1,-1,48684,47290,1387,7,SULAWESI TENGAH
2022-06-28,1,0,0,1,48685,47290,1387,8,SULAWESI TENGAH
2022-06-29,0,0,2,-2,48685,47292,1387,6,SULAWESI TENGAH
2022-06-30,0,0,0,0,48685,47292,1387,6,SULAWESI TENGAH
2022-07-01,0,0,0,0,48685,47292,1387,6,SULAWESI TENGAH
2022-07-02,0,0,3,-3,48685,47295,1387,3,SULAWESI TENGAH
2022-07-03,0,0,0,0,48685,47295,1387,3,SULAWESI TENGAH
2022-07-04,0,0,0,0,48685,47295,1387,3,SULAWESI TENGAH
2022-07-05,0,0,1,-1,48685,47296,1387,2,SULAWESI TENGAH
2022-07-06,5,0,0,5,48690,47296,1387,7,SULAWESI TENGAH
2022-07-07,0,0,1,-1,48690,47297,1387,6,SULAWESI TENGAH
2022-07-08,1,0,0,1,48691,47297,1387,7,SULAWESI TENGAH
2022-07-09,1,0,0,1,48692,47297,1387,8,SULAWESI TENGAH
2022-07-10,0,0,0,0,48692,47297,1387,8,SULAWESI TENGAH
2022-07-11,1,0,0,1,48693,47297,1387,9,SULAWESI TENGAH
2022-07-12,2,0,0,2,48695,47297,1387,11,SULAWESI TENGAH
2022-07-13,2,0,1,1,48697,47298,1387,12,SULAWESI TENGAH
2022-07-14,2,0,0,2,48699,47298,1387,14,SULAWESI TENGAH
2022-07-15,1,0,0,1,48700,47298,1387,15,SULAWESI TENGAH
2022-07-16,1,0,3,-2,48701,47301,1387,13,SULAWESI TENGAH
2022-07-17,0,0,0,0,48701,47301,1387,13,SULAWESI TENGAH
2022-07-18,0,0,4,-4,48701,47305,1387,9,SULAWESI TENGAH
2022-07-19,2,0,0,2,48703,47305,1387,11,SULAWESI TENGAH
2022-07-20,0,0,1,-1,48703,47306,1387,10,SULAWESI TENGAH
2022-07-21,2,0,0,2,48705,47306,1387,12,SULAWESI TENGAH
2022-07-22,0,0,1,-1,48705,47307,1387,11,SULAWESI TENGAH
2022-07-23,0,0,5,-5,48705,47312,1387,6,SULAWESI TENGAH
2022-07-24,1,0,0,1,48706,47312,1387,7,SULAWESI TENGAH
2022-07-25,0,0,0,0,48706,47312,1387,7,SULAWESI TENGAH
2022-07-26,0,0,2,-2,48706,47314,1387,5,SULAWESI TENGAH
2022-07-27,0,1,0,-1,48706,47314,1388,4,SULAWESI TENGAH
2022-07-28,1,0,2,-1,48707,47316,1388,3,SULAWESI TENGAH
2022-07-29,1,0,0,1,48708,47316,1388,4,SULAWESI TENGAH
2022-07-30,0,0,0,0,48708,47316,1388,4,SULAWESI TENGAH
2022-07-31,0,0,1,-1,48708,47317,1388,3,SULAWESI TENGAH
2022-08-01,3,0,0,3,48711,47317,1388,6,SULAWESI TENGAH
2022-08-02,2,0,0,2,48713,47317,1388,8,SULAWESI TENGAH
2022-08-03,0,0,0,0,48713,47317,1388,8,SULAWESI TENGAH
2022-08-04,4,0,1,3,48717,47318,1388,11,SULAWESI TENGAH
2022-08-05,0,0,2,-2,48717,47320,1388,9,SULAWESI TENGAH
2022-08-06,1,0,0,1,48718,47320,1388,10,SULAWESI TENGAH
2022-08-07,0,0,0,0,48718,47320,1388,10,SULAWESI TENGAH
2022-08-08,1,0,2,-1,48719,47322,1388,9,SULAWESI TENGAH
2022-08-09,2,1,0,1,48721,47322,1389,10,SULAWESI TENGAH
2022-08-10,0,1,2,-3,48721,47324,1390,7,SULAWESI TENGAH
2022-08-11,0,0,0,0,48721,47324,1390,7,SULAWESI TENGAH
2022-08-12,2,0,2,0,48723,47326,1390,7,SULAWESI TENGAH
2022-08-13,0,0,0,0,48723,47326,1390,7,SULAWESI TENGAH
2022-08-14,3,1,3,-1,48726,47329,1391,6,SULAWESI TENGAH
2022-08-15,0,0,0,0,48726,47329,1391,6,SULAWESI TENGAH
2022-08-16,8,0,0,8,48734,47329,1391,14,SULAWESI TENGAH
2022-08-17,2,0,0,2,48736,47329,1391,16,SULAWESI TENGAH
2022-08-18,6,0,1,5,48742,47330,1391,21,SULAWESI TENGAH
2022-08-19,8,0,0,8,48750,47330,1391,29,SULAWESI TENGAH
2022-08-20,1,0,0,1,48751,47330,1391,30,SULAWESI TENGAH
2022-08-21,2,0,0,2,48753,47330,1391,32,SULAWESI TENGAH
2022-08-22,2,0,2,0,48755,47332,1391,32,SULAWESI TENGAH
2022-08-23,6,0,0,6,48761,47332,1391,38,SULAWESI TENGAH
2022-08-24,12,0,10,2,48773,47342,1391,40,SULAWESI TENGAH
2022-08-25,4,0,3,1,48777,47345,1391,41,SULAWESI TENGAH
2022-08-26,4,0,0,4,48781,47345,1391,45,SULAWESI TENGAH
2022-08-27,3,0,5,-2,48784,47350,1391,43,SULAWESI TENGAH
2022-08-28,4,0,3,1,48788,47353,1391,44,SULAWESI TENGAH
2022-08-29,7,0,3,4,48795,47356,1391,48,SULAWESI TENGAH
2022-08-30,14,1,2,11,48809,47358,1392,59,SULAWESI TENGAH
2022-08-31,6,0,4,2,48815,47362,1392,61,SULAWESI TENGAH
2022-09-01,11,0,4,7,48826,47366,1392,68,SULAWESI TENGAH
2022-09-02,3,0,4,-1,48829,47370,1392,67,SULAWESI TENGAH
2022-09-03,6,0,7,-1,48835,47377,1392,66,SULAWESI TENGAH
2022-09-04,13,0,2,11,48848,47379,1392,77,SULAWESI TENGAH
2022-09-05,5,1,1,3,48853,47380,1393,80,SULAWESI TENGAH
2022-09-06,7,0,4,3,48860,47384,1393,83,SULAWESI TENGAH
2022-09-07,9,0,9,0,48869,47393,1393,83,SULAWESI TENGAH
2022-09-08,9,0,10,-1,48878,47403,1393,82,SULAWESI TENGAH
2022-09-09,8,0,15,-7,48886,47418,1393,75,SULAWESI TENGAH
2022-09-10,6,0,12,-6,48892,47430,1393,69,SULAWESI TENGAH
2022-09-11,4,0,8,-4,48896,47438,1393,65,SULAWESI TENGAH
2022-09-12,11,0,7,4,48907,47445,1393,69,SULAWESI TENGAH
2022-09-13,11,0,3,8,48918,47448,1393,77,SULAWESI TENGAH
2022-09-14,5,0,3,2,48923,47451,1393,79,SULAWESI TENGAH
2022-09-15,10,0,12,-2,48933,47463,1393,77,SULAWESI TENGAH
2022-09-16,8,0,8,0,48941,47471,1393,77,SULAWESI TENGAH
2022-09-17,11,0,7,4,48952,47478,1393,81,SULAWESI TENGAH
2022-09-18,5,0,6,-1,48957,47484,1393,80,SULAWESI TENGAH
2022-09-19,16,0,4,12,48973,47488,1393,92,SULAWESI TENGAH
2022-09-20,13,0,11,2,48986,47499,1393,94,SULAWESI TENGAH
2022-09-21,7,0,8,-1,48993,47507,1393,93,SULAWESI TENGAH
2022-09-22,13,0,4,9,49006,47511,1393,102,SULAWESI TENGAH
2022-09-23,16,0,12,4,49022,47523,1393,106,SULAWESI TENGAH
2022-09-24,10,0,5,5,49032,47528,1393,111,SULAWESI TENGAH
2022-09-25,4,0,4,0,49036,47532,1393,111,SULAWESI TENGAH
2022-09-26,5,0,9,-4,49041,47541,1393,107,SULAWESI TENGAH
2022-09-27,6,0,1,5,49047,47542,1393,112,SULAWESI TENGAH
2022-09-28,11,0,0,11,49058,47542,1393,123,SULAWESI TENGAH
2022-09-29,11,0,0,11,49069,47542,1393,134,SULAWESI TENGAH
2022-09-30,7,0,3,4,49076,47545,1393,138,SULAWESI TENGAH
2020-04-10,1,0,0,1,1,0,0,1,GORONTALO
2020-04-11,0,0,0,0,1,0,0,1,GORONTALO
2020-04-12,0,0,0,0,1,0,0,1,GORONTALO
2020-04-13,0,0,0,0,1,0,0,1,GORONTALO
2020-04-14,0,0,0,0,1,0,0,1,GORONTALO
2020-04-15,0,0,0,0,1,0,0,1,GORONTALO
2020-04-16,3,0,0,3,4,0,0,4,GORONTALO
2020-04-17,0,0,0,0,4,0,0,4,GORONTALO
2020-04-18,0,0,0,0,4,0,0,4,GORONTALO
2020-04-19,0,0,0,0,4,0,0,4,GORONTALO
2020-04-20,0,0,0,0,4,0,0,4,GORONTALO
2020-04-21,3,1,0,2,7,0,1,6,GORONTALO
2020-04-22,0,0,0,0,7,0,1,6,GORONTALO
2020-04-23,0,0,0,0,7,0,1,6,GORONTALO
2020-04-24,3,0,0,3,10,0,1,9,GORONTALO
2020-04-25,2,0,0,2,12,0,1,11,GORONTALO
2020-04-26,0,0,0,0,12,0,1,11,GORONTALO
2020-04-27,0,0,0,0,12,0,1,11,GORONTALO
2020-04-28,1,0,2,-1,13,2,1,10,GORONTALO
2020-04-29,0,0,0,0,13,2,1,10,GORONTALO
2020-04-30,0,0,0,0,13,2,1,10,GORONTALO
2020-05-01,0,0,0,0,13,2,1,10,GORONTALO
2020-05-02,0,0,0,0,13,2,1,10,GORONTALO
2020-05-03,0,0,0,0,13,2,1,10,GORONTALO
2020-05-04,0,0,0,0,13,2,1,10,GORONTALO
2020-05-05,0,0,3,-3,13,5,1,7,GORONTALO
2020-05-06,0,0,0,0,13,5,1,7,GORONTALO
2020-05-07,3,0,0,3,16,5,1,10,GORONTALO
2020-05-08,0,0,3,-3,16,8,1,7,GORONTALO
2020-05-09,0,0,0,0,16,8,1,7,GORONTALO
2020-05-10,0,0,1,-1,16,9,1,6,GORONTALO
2020-05-11,0,0,0,0,16,9,1,6,GORONTALO
2020-05-12,0,0,0,0,16,9,1,6,GORONTALO
2020-05-13,0,0,1,-1,16,10,1,5,GORONTALO
2020-05-14,2,0,1,1,18,11,1,6,GORONTALO
2020-05-15,1,0,0,1,19,11,1,7,GORONTALO
2020-05-16,1,1,0,0,20,11,2,7,GORONTALO
2020-05-17,1,0,0,1,21,11,2,8,GORONTALO
2020-05-18,3,0,0,3,24,11,2,11,GORONTALO
2020-05-19,0,0,0,0,24,11,2,11,GORONTALO
2020-05-20,0,0,1,-1,24,12,2,10,GORONTALO
2020-05-21,11,0,0,11,35,12,2,21,GORONTALO
2020-05-22,3,0,2,1,38,14,2,22,GORONTALO
2020-05-23,2,0,1,1,40,15,2,23,GORONTALO
2020-05-24,9,0,0,9,49,15,2,32,GORONTALO
2020-05-25,0,0,0,0,49,15,2,32,GORONTALO
2020-05-26,0,0,0,0,49,15,2,32,GORONTALO
2020-05-27,2,0,0,2,51,15,2,34,GORONTALO
2020-05-28,3,1,0,2,54,15,3,36,GORONTALO
2020-05-29,3,0,3,0,57,18,3,36,GORONTALO
2020-05-30,1,1,0,0,58,18,4,36,GORONTALO
2020-05-31,18,1,3,14,76,21,5,50,GORONTALO
2020-06-01,0,0,0,0,76,21,5,50,GORONTALO
2020-06-02,12,0,3,9,88,24,5,59,GORONTALO
2020-06-03,7,0,0,7,95,24,5,66,GORONTALO
2020-06-04,2,0,1,1,97,25,5,67,GORONTALO
2020-06-05,0,0,4,-4,97,29,5,63,GORONTALO
2020-06-06,5,0,16,-11,102,45,5,52,GORONTALO
2020-06-07,7,0,4,3,109,49,5,55,GORONTALO
2020-06-08,0,1,4,-5,109,53,6,50,GORONTALO
2020-06-09,4,0,6,-2,113,59,6,48,GORONTALO
2020-06-10,5,0,1,4,118,60,6,52,GORONTALO
2020-06-11,3,0,9,-6,121,69,6,46,GORONTALO
2020-06-12,27,0,1,26,148,70,6,72,GORONTALO
2020-06-13,3,1,0,2,151,70,7,74,GORONTALO
2020-06-14,0,0,8,-8,151,78,7,66,GORONTALO
2020-06-15,17,0,1,16,168,79,7,82,GORONTALO
2020-06-16,5,0,2,3,173,81,7,85,GORONTALO
2020-06-17,0,0,29,-29,173,110,7,56,GORONTALO
2020-06-18,0,0,0,0,173,110,7,56,GORONTALO
2020-06-19,4,0,0,4,177,110,7,60,GORONTALO
2020-06-20,0,0,11,-11,177,121,7,49,GORONTALO
2020-06-21,5,0,0,5,182,121,7,54,GORONTALO
2020-06-22,3,0,4,-1,185,125,7,53,GORONTALO
2020-06-23,1,0,22,-21,186,147,7,32,GORONTALO
2020-06-24,6,0,0,6,192,147,7,38,GORONTALO
2020-06-25,4,0,19,-15,196,166,7,23,GORONTALO
2020-06-26,0,0,0,0,196,166,7,23,GORONTALO
2020-06-27,0,0,0,0,196,166,7,23,GORONTALO
2020-06-28,0,0,0,0,196,166,7,23,GORONTALO
2020-06-29,0,1,10,-11,196,176,8,12,GORONTALO
2020-06-30,5,1,0,4,201,176,9,16,GORONTALO
2020-07-01,0,1,5,-6,201,181,10,10,GORONTALO
2020-07-02,5,0,2,3,206,183,10,13,GORONTALO
2020-07-03,3,0,0,3,209,183,10,16,GORONTALO
2020-07-04,8,0,1,7,217,184,10,23,GORONTALO
2020-07-05,0,0,0,0,217,184,10,23,GORONTALO
2020-07-06,1,1,0,0,218,184,11,23,GORONTALO
2020-07-07,4,2,0,2,222,184,13,25,GORONTALO
2020-07-08,7,1,0,6,229,184,14,31,GORONTALO
2020-07-09,0,0,0,0,229,184,14,31,GORONTALO
2020-07-10,29,0,1,28,258,185,14,59,GORONTALO
2020-07-11,23,0,1,22,281,186,14,81,GORONTALO
2020-07-12,12,0,1,11,293,187,14,92,GORONTALO
2020-07-13,3,3,2,-2,296,189,17,90,GORONTALO
2020-07-14,20,0,7,13,316,196,17,103,GORONTALO
2020-07-15,6,0,9,-3,322,205,17,100,GORONTALO
2020-07-16,20,1,8,11,342,213,18,111,GORONTALO
2020-07-17,7,1,31,-25,349,244,19,86,GORONTALO
2020-07-18,1,1,2,-2,350,246,20,84,GORONTALO
2020-07-19,5,0,6,-1,355,252,20,83,GORONTALO
2020-07-20,81,1,0,80,436,252,21,163,GORONTALO
2020-07-21,60,1,0,59,496,252,22,222,GORONTALO
2020-07-22,0,1,0,-1,496,252,23,221,GORONTALO
2020-07-23,3,1,10,-8,499,262,24,213,GORONTALO
2020-07-24,63,0,9,54,562,271,24,267,GORONTALO
2020-07-25,84,0,11,73,646,282,24,340,GORONTALO
2020-07-26,22,1,28,-7,668,310,25,333,GORONTALO
2020-07-27,28,0,13,15,696,323,25,348,GORONTALO
2020-07-28,4,0,35,-31,700,358,25,317,GORONTALO
2020-07-29,84,0,9,75,784,367,25,392,GORONTALO
2020-07-30,49,0,13,36,833,380,25,428,GORONTALO
2020-07-31,0,0,65,-65,833,445,25,363,GORONTALO
2020-08-01,111,1,33,77,944,478,26,440,GORONTALO
2020-08-02,104,0,51,53,1048,529,26,493,GORONTALO
2020-08-03,28,1,39,-12,1076,568,27,481,GORONTALO
2020-08-04,47,2,56,-11,1123,624,29,470,GORONTALO
2020-08-05,36,0,28,8,1159,652,29,478,GORONTALO
2020-08-06,3,0,96,-93,1162,748,29,385,GORONTALO
2020-08-07,31,0,81,-50,1193,829,29,335,GORONTALO
2020-08-08,56,0,80,-24,1249,909,29,311,GORONTALO
2020-08-09,6,2,0,4,1255,909,31,315,GORONTALO
2020-08-10,49,0,14,35,1304,923,31,350,GORONTALO
2020-08-11,2,0,36,-34,1306,959,31,316,GORONTALO
2020-08-12,34,1,31,2,1340,990,32,318,GORONTALO
2020-08-13,6,0,20,-14,1346,1010,32,304,GORONTALO
2020-08-14,2,2,21,-21,1348,1031,34,283,GORONTALO
2020-08-15,33,1,13,19,1381,1044,35,302,GORONTALO
2020-08-16,6,0,11,-5,1387,1055,35,297,GORONTALO
2020-08-17,54,2,2,50,1441,1057,37,347,GORONTALO
2020-08-18,26,0,41,-15,1467,1098,37,332,GORONTALO
2020-08-19,48,0,29,19,1515,1127,37,351,GORONTALO
2020-08-20,0,0,39,-39,1515,1166,37,312,GORONTALO
2020-08-21,8,2,21,-15,1523,1187,39,297,GORONTALO
2020-08-22,0,0,24,-24,1523,1211,39,273,GORONTALO
2020-08-23,59,1,7,51,1582,1218,40,324,GORONTALO
2020-08-24,0,1,39,-40,1582,1257,41,284,GORONTALO
2020-08-25,10,0,0,10,1592,1257,41,294,GORONTALO
2020-08-26,0,0,22,-22,1592,1279,41,272,GORONTALO
2020-08-27,43,0,9,34,1635,1288,41,306,GORONTALO
2020-08-28,10,1,124,-115,1645,1412,42,191,GORONTALO
2020-08-29,4,2,10,-8,1649,1422,44,183,GORONTALO
2020-08-30,0,0,3,-3,1649,1425,44,180,GORONTALO
2020-08-31,0,1,13,-14,1649,1438,45,166,GORONTALO
2020-09-01,29,0,24,5,1678,1462,45,171,GORONTALO
2020-09-02,12,0,12,0,1690,1474,45,171,GORONTALO
2020-09-03,51,0,11,40,1741,1485,45,211,GORONTALO
2020-09-04,7,0,3,4,1748,1488,45,215,GORONTALO
2020-09-05,17,4,16,-3,1765,1504,49,212,GORONTALO
2020-09-06,2,0,3,-1,1767,1507,49,211,GORONTALO
2020-09-07,10,0,24,-14,1777,1531,49,197,GORONTALO
2020-09-08,20,0,10,10,1797,1541,49,207,GORONTALO
2020-09-09,11,0,4,7,1808,1545,49,214,GORONTALO
2020-09-10,18,1,23,-6,1826,1568,50,208,GORONTALO
2020-09-11,2,1,8,-7,1828,1576,51,201,GORONTALO
2020-09-12,9,0,5,4,1837,1581,51,205,GORONTALO
2020-09-13,25,2,1,22,1862,1582,53,227,GORONTALO
2020-09-14,0,2,41,-43,1862,1623,55,184,GORONTALO
2020-09-15,12,0,35,-23,1874,1658,55,161,GORONTALO
2020-09-16,5,0,19,-14,1879,1677,55,147,GORONTALO
2020-09-17,2,0,8,-6,1881,1685,55,141,GORONTALO
2020-09-18,9,1,14,-6,1890,1699,56,135,GORONTALO
2020-09-19,20,0,10,10,1910,1709,56,145,GORONTALO
2020-09-20,43,0,3,40,1953,1712,56,185,GORONTALO
2020-09-21,1,0,15,-14,1954,1727,56,171,GORONTALO
2020-09-22,3,2,6,-5,1957,1733,58,166,GORONTALO
2020-09-23,38,1,11,26,1995,1744,59,192,GORONTALO
2020-09-24,0,0,19,-19,1995,1763,59,173,GORONTALO
2020-09-25,34,2,6,26,2029,1769,61,199,GORONTALO
2020-09-26,4,0,4,0,2033,1773,61,199,GORONTALO
2020-09-27,29,0,8,21,2062,1781,61,220,GORONTALO
2020-09-28,75,0,6,69,2137,1787,61,289,GORONTALO
2020-09-29,12,0,11,1,2149,1798,61,290,GORONTALO
2020-09-30,65,1,17,47,2214,1815,62,337,GORONTALO
2020-10-01,5,0,28,-23,2219,1843,62,314,GORONTALO
2020-10-02,12,0,16,-4,2231,1859,62,310,GORONTALO
2020-10-03,0,0,8,-8,2231,1867,62,302,GORONTALO
2020-10-04,34,0,21,13,2265,1888,62,315,GORONTALO
2020-10-05,19,1,25,-7,2284,1913,63,308,GORONTALO
2020-10-06,0,0,24,-24,2284,1937,63,284,GORONTALO
2020-10-07,62,0,17,45,2346,1954,63,329,GORONTALO
2020-10-08,8,1,0,7,2354,1954,64,336,GORONTALO
2020-10-09,2,0,85,-83,2356,2039,64,253,GORONTALO
2020-10-10,7,0,26,-19,2363,2065,64,234,GORONTALO
2020-10-11,6,0,27,-21,2369,2092,64,213,GORONTALO
2020-10-12,2,0,39,-37,2371,2131,64,176,GORONTALO
2020-10-13,0,0,28,-28,2371,2159,64,148,GORONTALO
2020-10-14,6,0,14,-8,2377,2173,64,140,GORONTALO
2020-10-15,0,1,36,-37,2377,2209,65,103,GORONTALO
2020-10-16,3,0,0,3,2380,2209,65,106,GORONTALO
2020-10-17,0,0,14,-14,2380,2223,65,92,GORONTALO
2020-10-18,1,0,0,1,2381,2223,65,93,GORONTALO
2020-10-19,2,0,19,-17,2383,2242,65,76,GORONTALO
2020-10-20,0,1,1,-2,2383,2243,66,74,GORONTALO
2020-10-21,3,1,2,0,2386,2245,67,74,GORONTALO
2020-10-22,3,0,12,-9,2389,2257,67,65,GORONTALO
2020-10-23,0,0,0,0,2389,2257,67,65,GORONTALO
2020-10-24,7,0,2,5,2396,2259,67,70,GORONTALO
2020-10-25,15,3,10,2,2411,2269,70,72,GORONTALO
2020-10-26,2,0,2,0,2413,2271,70,72,GORONTALO
2020-10-27,1,0,1,0,2414,2272,70,72,GORONTALO
2020-10-28,1,0,0,1,2415,2272,70,73,GORONTALO
2020-10-29,0,0,5,-5,2415,2277,70,68,GORONTALO
2020-10-30,6,0,2,4,2421,2279,70,72,GORONTALO
2020-10-31,0,0,4,-4,2421,2283,70,68,GORONTALO
2020-11-01,3,0,1,2,2424,2284,70,70,GORONTALO
2020-11-02,0,0,5,-5,2424,2289,70,65,GORONTALO
2020-11-03,10,1,2,7,2434,2291,71,72,GORONTALO
2020-11-04,0,0,3,-3,2434,2294,71,69,GORONTALO
2020-11-05,0,0,0,0,2434,2294,71,69,GORONTALO
2020-11-06,1,0,3,-2,2435,2297,71,67,GORONTALO
2020-11-07,5,0,0,5,2440,2297,71,72,GORONTALO
2020-11-08,8,0,1,7,2448,2298,71,79,GORONTALO
2020-11-09,2,0,3,-1,2450,2301,71,78,GORONTALO
2020-11-10,0,0,3,-3,2450,2304,71,75,GORONTALO
2020-11-11,0,0,0,0,2450,2304,71,75,GORONTALO
2020-11-12,4,0,13,-9,2454,2317,71,66,GORONTALO
2020-11-13,0,0,1,-1,2454,2318,71,65,GORONTALO
2020-11-14,0,2,0,-2,2454,2318,73,63,GORONTALO
2020-11-15,0,0,1,-1,2454,2319,73,62,GORONTALO
2020-11-16,0,1,3,-4,2454,2322,74,58,GORONTALO
2020-11-17,0,0,6,-6,2454,2328,74,52,GORONTALO
2020-11-18,2,0,3,-1,2456,2331,74,51,GORONTALO
2020-11-19,0,0,0,0,2456,2331,74,51,GORONTALO
2020-11-20,0,0,0,0,2456,2331,74,51,GORONTALO
2020-11-21,0,0,2,-2,2456,2333,74,49,GORONTALO
2020-11-22,4,0,0,4,2460,2333,74,53,GORONTALO
2020-11-23,0,0,42,-42,2460,2375,74,11,GORONTALO
2020-11-24,1,0,0,1,2461,2375,74,12,GORONTALO
2020-11-25,0,0,0,0,2461,2375,74,12,GORONTALO
2020-11-26,6,0,0,6,2467,2375,74,18,GORONTALO
2020-11-27,0,0,0,0,2467,2375,74,18,GORONTALO
2020-11-28,16,0,5,11,2483,2380,74,29,GORONTALO
2020-11-29,15,2,1,12,2498,2381,76,41,GORONTALO
2020-11-30,0,0,2,-2,2498,2383,76,39,GORONTALO
2020-12-01,0,0,0,0,2498,2383,76,39,GORONTALO
2020-12-02,21,0,0,21,2519,2383,76,60,GORONTALO
2020-12-03,15,0,1,14,2534,2384,76,74,GORONTALO
2020-12-04,13,0,8,5,2547,2392,76,79,GORONTALO
2020-12-05,0,0,19,-19,2547,2411,76,60,GORONTALO
2020-12-06,62,0,1,61,2609,2412,76,121,GORONTALO
2020-12-07,0,0,9,-9,2609,2421,76,112,GORONTALO
2020-12-08,2,0,3,-1,2611,2424,76,111,GORONTALO
2020-12-09,16,3,40,-27,2627,2464,79,84,GORONTALO
2020-12-10,0,0,25,-25,2627,2489,79,59,GORONTALO
2020-12-11,5,0,8,-3,2632,2497,79,56,GORONTALO
2020-12-12,9,0,5,4,2641,2502,79,60,GORONTALO
2020-12-13,0,0,2,-2,2641,2504,79,58,GORONTALO
2020-12-14,11,0,3,8,2652,2507,79,66,GORONTALO
2020-12-15,1,0,2,-1,2653,2509,79,65,GORONTALO
2020-12-16,15,1,4,10,2668,2513,80,75,GORONTALO
2020-12-17,9,0,22,-13,2677,2535,80,62,GORONTALO
2020-12-18,9,0,0,9,2686,2535,80,71,GORONTALO
2020-12-19,0,0,1,-1,2686,2536,80,70,GORONTALO
2020-12-20,3,0,4,-1,2689,2540,80,69,GORONTALO
2020-12-21,0,0,1,-1,2689,2541,80,68,GORONTALO
2020-12-22,41,1,2,38,2730,2543,81,106,GORONTALO
2020-12-23,39,0,0,39,2769,2543,81,145,GORONTALO
2020-12-24,24,2,7,15,2793,2550,83,160,GORONTALO
2020-12-25,51,0,7,44,2844,2557,83,204,GORONTALO
2020-12-26,37,0,1,36,2881,2558,83,240,GORONTALO
2020-12-27,0,0,35,-35,2881,2593,83,205,GORONTALO
2020-12-28,59,0,1,58,2940,2594,83,263,GORONTALO
2020-12-29,10,0,10,0,2950,2604,83,263,GORONTALO
2020-12-30,6,0,15,-9,2956,2619,83,254,GORONTALO
2020-12-31,112,2,18,92,3068,2637,85,346,GORONTALO
2021-01-01,20,0,13,7,3088,2650,85,353,GORONTALO
2021-01-02,0,0,26,-26,3088,2676,85,327,GORONTALO
2021-01-03,0,0,26,-26,3088,2702,85,301,GORONTALO
2021-01-04,12,0,15,-3,3100,2717,85,298,GORONTALO
2021-01-05,7,0,28,-21,3107,2745,85,277,GORONTALO
2021-01-06,0,0,16,-16,3107,2761,85,261,GORONTALO
2021-01-07,41,0,54,-13,3148,2815,85,248,GORONTALO
2021-01-08,13,1,24,-12,3161,2839,86,236,GORONTALO
2021-01-09,11,0,3,8,3172,2842,86,244,GORONTALO
2021-01-10,6,1,36,-31,3178,2878,87,213,GORONTALO
2021-01-11,7,0,16,-9,3185,2894,87,204,GORONTALO
2021-01-12,25,0,7,18,3210,2901,87,222,GORONTALO
2021-01-13,0,0,19,-19,3210,2920,87,203,GORONTALO
2021-01-14,40,0,20,20,3250,2940,87,223,GORONTALO
2021-01-15,2,0,4,-2,3252,2944,87,221,GORONTALO
2021-01-16,7,0,0,7,3259,2944,87,228,GORONTALO
2021-01-17,8,0,0,8,3267,2944,87,236,GORONTALO
2021-01-18,3,1,131,-129,3270,3075,88,107,GORONTALO
2021-01-19,20,0,19,1,3290,3094,88,108,GORONTALO
2021-01-20,12,1,6,5,3302,3100,89,113,GORONTALO
2021-01-21,6,0,2,4,3308,3102,89,117,GORONTALO
2021-01-22,11,0,6,5,3319,3108,89,122,GORONTALO
2021-01-23,16,1,3,12,3335,3111,90,134,GORONTALO
2021-01-24,3,0,0,3,3338,3111,90,137,GORONTALO
2021-01-25,7,0,23,-16,3345,3134,90,121,GORONTALO
2021-01-26,4,2,6,-4,3349,3140,92,117,GORONTALO
2021-01-27,1,1,5,-5,3350,3145,93,112,GORONTALO
2021-01-28,43,1,3,39,3393,3148,94,151,GORONTALO
2021-01-29,15,1,12,2,3408,3160,95,153,GORONTALO
2021-01-30,32,0,11,21,3440,3171,95,174,GORONTALO
2021-01-31,18,0,2,16,3458,3173,95,190,GORONTALO
2021-02-01,3,2,8,-7,3461,3181,97,183,GORONTALO
2021-02-02,42,2,6,34,3503,3187,99,217,GORONTALO
2021-02-03,22,0,6,16,3525,3193,99,233,GORONTALO
2021-02-04,17,1,7,9,3542,3200,100,242,GORONTALO
2021-02-05,12,0,2,10,3554,3202,100,252,GORONTALO
2021-02-06,8,1,13,-6,3562,3215,101,246,GORONTALO
2021-02-07,19,0,14,5,3581,3229,101,251,GORONTALO
2021-02-08,0,0,14,-14,3581,3243,101,237,GORONTALO
2021-02-09,27,0,15,12,3608,3258,101,249,GORONTALO
2021-02-10,20,0,15,5,3628,3273,101,254,GORONTALO
2021-02-11,9,0,48,-39,3637,3321,101,215,GORONTALO
2021-02-12,22,1,9,12,3659,3330,102,227,GORONTALO
2021-02-13,4,0,18,-14,3663,3348,102,213,GORONTALO
2021-02-14,17,0,9,8,3680,3357,102,221,GORONTALO
2021-02-15,14,1,9,4,3694,3366,103,225,GORONTALO
2021-02-16,19,0,2,17,3713,3368,103,242,GORONTALO
2021-02-17,2,0,2,0,3715,3370,103,242,GORONTALO
2021-02-18,7,2,7,-2,3722,3377,105,240,GORONTALO
2021-02-19,43,0,10,33,3765,3387,105,273,GORONTALO
2021-02-20,4,0,10,-6,3769,3397,105,267,GORONTALO
2021-02-21,16,1,9,6,3785,3406,106,273,GORONTALO
2021-02-22,1,0,13,-12,3786,3419,106,261,GORONTALO
2021-02-23,10,2,8,0,3796,3427,108,261,GORONTALO
2021-02-24,2,0,7,-5,3798,3434,108,256,GORONTALO
2021-02-25,21,2,19,0,3819,3453,110,256,GORONTALO
2021-02-26,16,0,14,2,3835,3467,110,258,GORONTALO
2021-02-27,2,2,8,-8,3837,3475,112,250,GORONTALO
2021-02-28,16,0,10,6,3853,3485,112,256,GORONTALO
2021-03-01,3,0,17,-14,3856,3502,112,242,GORONTALO
2021-03-02,3,0,15,-12,3859,3517,112,230,GORONTALO
2021-03-03,15,0,5,10,3874,3522,112,240,GORONTALO
2021-03-04,20,0,7,13,3894,3529,112,253,GORONTALO
2021-03-05,6,0,14,-8,3900,3543,112,245,GORONTALO
2021-03-06,12,1,8,3,3912,3551,113,248,GORONTALO
2021-03-07,2,1,0,1,3914,3551,114,249,GORONTALO
2021-03-08,0,0,4,-4,3914,3555,114,245,GORONTALO
2021-03-09,0,0,19,-19,3914,3574,114,226,GORONTALO
2021-03-10,13,0,2,11,3927,3576,114,237,GORONTALO
2021-03-11,0,1,3,-4,3927,3579,115,233,GORONTALO
2021-03-12,19,0,23,-4,3946,3602,115,229,GORONTALO
2021-03-13,39,1,20,18,3985,3622,116,247,GORONTALO
2021-03-14,7,0,2,5,3992,3624,116,252,GORONTALO
2021-03-15,2,0,5,-3,3994,3629,116,249,GORONTALO
2021-03-16,2,1,4,-3,3996,3633,117,246,GORONTALO
2021-03-17,14,0,6,8,4010,3639,117,254,GORONTALO
2021-03-18,28,0,131,-103,4038,3770,117,151,GORONTALO
2021-03-19,3,0,11,-8,4041,3781,117,143,GORONTALO
2021-03-20,13,0,4,9,4054,3785,117,152,GORONTALO
2021-03-21,2,1,2,-1,4056,3787,118,151,GORONTALO
2021-03-22,1,0,11,-10,4057,3798,118,141,GORONTALO
2021-03-23,29,0,22,7,4086,3820,118,148,GORONTALO
2021-03-24,0,1,2,-3,4086,3822,119,145,GORONTALO
2021-03-25,5,0,7,-2,4091,3829,119,143,GORONTALO
2021-03-26,19,0,13,6,4110,3842,119,149,GORONTALO
2021-03-27,8,1,7,0,4118,3849,120,149,GORONTALO
2021-03-28,8,0,0,8,4126,3849,120,157,GORONTALO
2021-03-29,2,0,14,-12,4128,3863,120,145,GORONTALO
2021-03-30,6,1,20,-15,4134,3883,121,130,GORONTALO
2021-03-31,7,0,7,0,4141,3890,121,130,GORONTALO
2021-04-01,18,0,2,16,4159,3892,121,146,GORONTALO
2021-04-02,6,0,2,4,4165,3894,121,150,GORONTALO
2021-04-03,13,0,3,10,4178,3897,121,160,GORONTALO
2021-04-04,9,1,7,1,4187,3904,122,161,GORONTALO
2021-04-05,0,1,8,-9,4187,3912,123,152,GORONTALO
2021-04-06,6,1,8,-3,4193,3920,124,149,GORONTALO
2021-04-07,11,0,4,7,4204,3924,124,156,GORONTALO
2021-04-08,0,0,3,-3,4204,3927,124,153,GORONTALO
2021-04-09,11,0,2,9,4215,3929,124,162,GORONTALO
2021-04-10,5,0,1,4,4220,3930,124,166,GORONTALO
2021-04-11,7,0,0,7,4227,3930,124,173,GORONTALO
2021-04-12,0,0,5,-5,4227,3935,124,168,GORONTALO
2021-04-13,10,2,20,-12,4237,3955,126,156,GORONTALO
2021-04-14,5,3,10,-8,4242,3965,129,148,GORONTALO
2021-04-15,14,1,9,4,4256,3974,130,152,GORONTALO
2021-04-16,5,0,0,5,4261,3974,130,157,GORONTALO
2021-04-17,9,1,17,-9,4270,3991,131,148,GORONTALO
2021-04-18,2,0,4,-2,4272,3995,131,146,GORONTALO
2021-04-19,0,1,5,-6,4272,4000,132,140,GORONTALO
2021-04-20,8,0,1,7,4280,4001,132,147,GORONTALO
2021-04-21,0,1,2,-3,4280,4003,133,144,GORONTALO
2021-04-22,6,0,0,6,4286,4003,133,150,GORONTALO
2021-04-23,1,0,2,-1,4287,4005,133,149,GORONTALO
2021-04-24,4,0,2,2,4291,4007,133,151,GORONTALO
2021-04-25,0,0,0,0,4291,4007,133,151,GORONTALO
2021-04-26,8,0,2,6,4299,4009,133,157,GORONTALO
2021-04-27,0,0,0,0,4299,4009,133,157,GORONTALO
2021-04-28,14,0,19,-5,4313,4028,133,152,GORONTALO
2021-04-29,8,0,1,7,4321,4029,133,159,GORONTALO
2021-04-30,7,0,10,-3,4328,4039,133,156,GORONTALO
2021-05-01,6,4,35,-33,4334,4074,137,123,GORONTALO
2021-05-02,0,1,1,-2,4334,4075,138,121,GORONTALO
2021-05-03,3,1,3,-1,4337,4078,139,120,GORONTALO
2021-05-04,3,0,2,1,4340,4080,139,121,GORONTALO
2021-05-05,3,0,10,-7,4343,4090,139,114,GORONTALO
2021-05-06,9,0,3,6,4352,4093,139,120,GORONTALO
2021-05-07,0,1,1,-2,4352,4094,140,118,GORONTALO
2021-05-08,2,0,0,2,4354,4094,140,120,GORONTALO
2021-05-09,0,1,0,-1,4354,4094,141,119,GORONTALO
2021-05-10,0,0,3,-3,4354,4097,141,116,GORONTALO
2021-05-11,7,0,2,5,4361,4099,141,121,GORONTALO
2021-05-12,0,0,0,0,4361,4099,141,121,GORONTALO
2021-05-13,1,0,0,1,4362,4099,141,122,GORONTALO
2021-05-14,1,0,2,-1,4363,4101,141,121,GORONTALO
2021-05-15,0,0,2,-2,4363,4103,141,119,GORONTALO
2021-05-16,1,0,0,1,4364,4103,141,120,GORONTALO
2021-05-17,1,0,7,-6,4365,4110,141,114,GORONTALO
2021-05-18,2,0,0,2,4367,4110,141,116,GORONTALO
2021-05-19,4,0,1,3,4371,4111,141,119,GORONTALO
2021-05-20,0,0,0,0,4371,4111,141,119,GORONTALO
2021-05-21,4,0,0,4,4375,4111,141,123,GORONTALO
2021-05-22,3,0,0,3,4378,4111,141,126,GORONTALO
2021-05-23,5,0,0,5,4383,4111,141,131,GORONTALO
2021-05-24,2,0,3,-1,4385,4114,141,130,GORONTALO
2021-05-25,7,0,3,4,4392,4117,141,134,GORONTALO
2021-05-26,0,0,1,-1,4392,4118,141,133,GORONTALO
2021-05-27,10,0,0,10,4402,4118,141,143,GORONTALO
2021-05-28,1,0,0,1,4403,4118,141,144,GORONTALO
2021-05-29,6,2,83,-79,4409,4201,143,65,GORONTALO
2021-05-30,6,0,0,6,4415,4201,143,71,GORONTALO
2021-05-31,4,0,4,0,4419,4205,143,71,GORONTALO
2021-06-01,0,0,0,0,4419,4205,143,71,GORONTALO
2021-06-02,2,0,6,-4,4421,4211,143,67,GORONTALO
2021-06-03,0,0,8,-8,4421,4219,143,59,GORONTALO
2021-06-04,1,0,1,0,4422,4220,143,59,GORONTALO
2021-06-05,1,0,3,-2,4423,4223,143,57,GORONTALO
2021-06-06,9,0,2,7,4432,4225,143,64,GORONTALO
2021-06-07,0,0,2,-2,4432,4227,143,62,GORONTALO
2021-06-08,0,0,2,-2,4432,4229,143,60,GORONTALO
2021-06-09,5,1,2,2,4437,4231,144,62,GORONTALO
2021-06-10,11,0,0,11,4448,4231,144,73,GORONTALO
2021-06-11,5,0,0,5,4453,4231,144,78,GORONTALO
2021-06-12,4,1,37,-34,4457,4268,145,44,GORONTALO
2021-06-13,4,2,6,-4,4461,4274,147,40,GORONTALO
2021-06-14,0,2,1,-3,4461,4275,149,37,GORONTALO
2021-06-15,17,0,0,17,4478,4275,149,54,GORONTALO
2021-06-16,2,0,0,2,4480,4275,149,56,GORONTALO
2021-06-17,0,0,1,-1,4480,4276,149,55,GORONTALO
2021-06-18,23,0,0,23,4503,4276,149,78,GORONTALO
2021-06-19,8,0,0,8,4511,4276,149,86,GORONTALO
2021-06-20,8,0,0,8,4519,4276,149,94,GORONTALO
2021-06-21,56,0,0,56,4575,4276,149,150,GORONTALO
2021-06-22,0,0,1,-1,4575,4277,149,149,GORONTALO
2021-06-23,28,0,1,27,4603,4278,149,176,GORONTALO
2021-06-24,0,0,0,0,4603,4278,149,176,GORONTALO
2021-06-25,17,0,1,16,4620,4279,149,192,GORONTALO
2021-06-26,32,1,10,21,4652,4289,150,213,GORONTALO
2021-06-27,29,0,13,16,4681,4302,150,229,GORONTALO
2021-06-28,16,0,5,11,4697,4307,150,240,GORONTALO
2021-06-29,9,1,35,-27,4706,4342,151,213,GORONTALO
2021-06-30,0,0,3,-3,4706,4345,151,210,GORONTALO
2021-07-01,21,0,23,-2,4727,4368,151,208,GORONTALO
2021-07-02,18,2,17,-1,4745,4385,153,207,GORONTALO
2021-07-03,13,0,24,-11,4758,4409,153,196,GORONTALO
2021-07-04,0,0,19,-19,4758,4428,153,177,GORONTALO
2021-07-05,58,0,17,41,4816,4445,153,218,GORONTALO
2021-07-06,32,0,3,29,4848,4448,153,247,GORONTALO
2021-07-07,71,1,11,59,4919,4459,154,306,GORONTALO
2021-07-08,37,0,5,32,4956,4464,154,338,GORONTALO
2021-07-09,8,1,20,-13,4964,4484,155,325,GORONTALO
2021-07-10,20,1,25,-6,4984,4509,156,319,GORONTALO
2021-07-11,0,0,8,-8,4984,4517,156,311,GORONTALO
2021-07-12,95,1,0,94,5079,4517,157,405,GORONTALO
2021-07-13,45,2,15,28,5124,4532,159,433,GORONTALO
2021-07-14,45,1,51,-7,5169,4583,160,426,GORONTALO
2021-07-15,48,0,12,36,5217,4595,160,462,GORONTALO
2021-07-16,121,3,30,88,5338,4625,163,550,GORONTALO
2021-07-17,44,1,21,22,5382,4646,164,572,GORONTALO
2021-07-18,85,0,23,62,5467,4669,164,634,GORONTALO
2021-07-19,107,0,4,103,5574,4673,164,737,GORONTALO
2021-07-20,20,0,84,-64,5594,4757,164,673,GORONTALO
2021-07-21,51,0,28,23,5645,4785,164,696,GORONTALO
2021-07-22,54,5,41,8,5699,4826,169,704,GORONTALO
2021-07-23,18,1,28,-11,5717,4854,170,693,GORONTALO
2021-07-24,62,1,14,47,5779,4868,171,740,GORONTALO
2021-07-25,30,1,23,6,5809,4891,172,746,GORONTALO
2021-07-26,40,0,40,0,5849,4931,172,746,GORONTALO
2021-07-27,66,5,89,-28,5915,5020,177,718,GORONTALO
2021-07-28,159,0,19,140,6074,5039,177,858,GORONTALO
2021-07-29,64,1,105,-42,6138,5144,178,816,GORONTALO
2021-07-30,146,0,28,118,6284,5172,178,934,GORONTALO
2021-07-31,94,11,102,-19,6378,5274,189,915,GORONTALO
2021-08-01,164,2,18,144,6542,5292,191,1059,GORONTALO
2021-08-02,79,1,23,55,6621,5315,192,1114,GORONTALO
2021-08-03,115,4,128,-17,6736,5443,196,1097,GORONTALO
2021-08-04,229,3,133,93,6965,5576,199,1190,GORONTALO
2021-08-05,172,8,52,112,7137,5628,207,1302,GORONTALO
2021-08-06,128,2,53,73,7265,5681,209,1375,GORONTALO
2021-08-07,129,6,42,81,7394,5723,215,1456,GORONTALO
2021-08-08,84,11,110,-37,7478,5833,226,1419,GORONTALO
2021-08-09,111,1,38,72,7589,5871,227,1491,GORONTALO
2021-08-10,168,11,59,98,7757,5930,238,1589,GORONTALO
2021-08-11,85,13,175,-103,7842,6105,251,1486,GORONTALO
2021-08-12,96,4,71,21,7938,6176,255,1507,GORONTALO
2021-08-13,115,9,106,0,8053,6282,264,1507,GORONTALO
2021-08-14,130,5,151,-26,8183,6433,269,1481,GORONTALO
2021-08-15,57,5,91,-39,8240,6524,274,1442,GORONTALO
2021-08-16,67,5,182,-120,8307,6706,279,1322,GORONTALO
2021-08-17,49,5,99,-55,8356,6805,284,1267,GORONTALO
2021-08-18,67,4,32,31,8423,6837,288,1298,GORONTALO
2021-08-19,79,3,138,-62,8502,6975,291,1236,GORONTALO
2021-08-20,89,13,157,-81,8591,7132,304,1155,GORONTALO
2021-08-21,35,7,92,-64,8626,7224,311,1091,GORONTALO
2021-08-22,65,6,141,-82,8691,7365,317,1009,GORONTALO
2021-08-23,32,3,46,-17,8723,7411,320,992,GORONTALO
2021-08-24,49,1,117,-69,8772,7528,321,923,GORONTALO
2021-08-25,42,4,126,-88,8814,7654,325,835,GORONTALO
2021-08-26,55,4,60,-9,8869,7714,329,826,GORONTALO
2021-08-27,47,2,95,-50,8916,7809,331,776,GORONTALO
2021-08-28,40,3,31,6,8956,7840,334,782,GORONTALO
2021-08-29,27,0,46,-19,8983,7886,334,763,GORONTALO
2021-08-30,11,7,68,-64,8994,7954,341,699,GORONTALO
2021-08-31,33,4,64,-35,9027,8018,345,664,GORONTALO
2021-09-01,23,5,72,-54,9050,8090,350,610,GORONTALO
2021-09-02,22,1,21,0,9072,8111,351,610,GORONTALO
2021-09-03,23,3,84,-64,9095,8195,354,546,GORONTALO
2021-09-04,3,5,79,-81,9098,8274,359,465,GORONTALO
2021-09-05,25,3,25,-3,9123,8299,362,462,GORONTALO
2021-09-06,7,4,80,-77,9130,8379,366,385,GORONTALO
2021-09-07,32,0,64,-32,9162,8443,366,353,GORONTALO
2021-09-08,43,1,11,31,9205,8454,367,384,GORONTALO
2021-09-09,37,0,9,28,9242,8463,367,412,GORONTALO
2021-09-10,11,0,40,-29,9253,8503,367,383,GORONTALO
2021-09-11,8,0,28,-20,9261,8531,367,363,GORONTALO
2021-09-12,6,0,7,-1,9267,8538,367,362,GORONTALO
2021-09-13,7,0,55,-48,9274,8593,367,314,GORONTALO
2021-09-14,18,1,25,-8,9292,8618,368,306,GORONTALO
2021-09-15,23,1,16,6,9315,8634,369,312,GORONTALO
2021-09-16,11,1,21,-11,9326,8655,370,301,GORONTALO
2021-09-17,7,0,12,-5,9333,8667,370,296,GORONTALO
2021-09-18,10,0,5,5,9343,8672,370,301,GORONTALO
2021-09-19,6,2,38,-34,9349,8710,372,267,GORONTALO
2021-09-20,2,0,3,-1,9351,8713,372,266,GORONTALO
2021-09-21,3,3,59,-59,9354,8772,375,207,GORONTALO
2021-09-22,20,3,10,7,9374,8782,378,214,GORONTALO
2021-09-23,35,0,58,-23,9409,8840,378,191,GORONTALO
2021-09-24,14,0,42,-28,9423,8882,378,163,GORONTALO
2021-09-25,11,0,18,-7,9434,8900,378,156,GORONTALO
2021-09-26,5,0,8,-3,9439,8908,378,153,GORONTALO
2021-09-27,7,0,9,-2,9446,8917,378,151,GORONTALO
2021-09-28,0,0,43,-43,9446,8960,378,108,GORONTALO
2021-09-29,1,0,9,-8,9447,8969,378,100,GORONTALO
2021-09-30,3,0,2,1,9450,8971,378,101,GORONTALO
2021-10-01,1,0,21,-20,9451,8992,378,81,GORONTALO
2021-10-02,1,0,2,-1,9452,8994,378,80,GORONTALO
2021-10-03,0,0,6,-6,9452,9000,378,74,GORONTALO
2021-10-04,0,0,6,-6,9452,9006,378,68,GORONTALO
2021-10-05,0,0,8,-8,9452,9014,378,60,GORONTALO
2021-10-06,2,1,32,-31,9454,9046,379,29,GORONTALO
2021-10-07,1,0,13,-12,9455,9059,379,17,GORONTALO
2021-10-08,2,1,3,-2,9457,9062,380,15,GORONTALO
2021-10-09,0,0,0,0,9457,9062,380,15,GORONTALO
2021-10-10,2,0,0,2,9459,9062,380,17,GORONTALO
2021-10-11,1,0,0,1,9460,9062,380,18,GORONTALO
2021-10-12,3,0,0,3,9463,9062,380,21,GORONTALO
2021-10-13,1,0,0,1,9464,9062,380,22,GORONTALO
2021-10-14,2,0,0,2,9466,9062,380,24,GORONTALO
2021-10-15,0,0,2,-2,9466,9064,380,22,GORONTALO
2021-10-16,3,0,0,3,9469,9064,380,25,GORONTALO
2021-10-17,8,0,0,8,9477,9064,380,33,GORONTALO
2021-10-18,0,0,0,0,9477,9064,380,33,GORONTALO
2021-10-19,4,0,2,2,9481,9066,380,35,GORONTALO
2021-10-20,1,0,0,1,9482,9066,380,36,GORONTALO
2021-10-21,1,0,0,1,9483,9066,380,37,GORONTALO
2021-10-22,6,0,0,6,9489,9066,380,43,GORONTALO
2021-10-23,1,0,3,-2,9490,9069,380,41,GORONTALO
2021-10-24,1,0,0,1,9491,9069,380,42,GORONTALO
2021-10-25,4,0,0,4,9495,9069,380,46,GORONTALO
2021-10-26,17,0,12,5,9512,9081,380,51,GORONTALO
2021-10-27,5,0,14,-9,9517,9095,380,42,GORONTALO
2021-10-28,1,0,0,1,9518,9095,380,43,GORONTALO
2021-10-29,1,0,0,1,9519,9095,380,44,GORONTALO
2021-10-30,0,0,0,0,9519,9095,380,44,GORONTALO
2021-10-31,0,0,0,0,9519,9095,380,44,GORONTALO
2021-11-01,0,0,2,-2,9519,9097,380,42,GORONTALO
2021-11-02,0,0,0,0,9519,9097,380,42,GORONTALO
2021-11-03,0,0,1,-1,9519,9098,380,41,GORONTALO
2021-11-04,0,0,0,0,9519,9098,380,41,GORONTALO
2021-11-05,0,0,0,0,9519,9098,380,41,GORONTALO
2021-11-06,1,0,1,0,9520,9099,380,41,GORONTALO
2021-11-07,0,0,1,-1,9520,9100,380,40,GORONTALO
2021-11-08,0,0,0,0,9520,9100,380,40,GORONTALO
2021-11-09,0,0,0,0,9520,9100,380,40,GORONTALO
2021-11-10,0,0,42,-42,9520,9142,380,-2,GORONTALO
2021-11-11,0,0,0,0,9520,9142,380,-2,GORONTALO
2021-11-12,1,0,0,1,9521,9142,380,-1,GORONTALO
2021-11-13,1,0,0,1,9522,9142,380,0,GORONTALO
2021-11-14,0,0,0,0,9522,9142,380,0,GORONTALO
2021-11-15,0,0,0,0,9522,9142,380,0,GORONTALO
2021-11-16,0,0,0,0,9522,9142,380,0,GORONTALO
2021-11-17,0,0,0,0,9522,9142,380,0,GORONTALO
2021-11-18,1,0,1,0,9523,9143,380,0,GORONTALO
2021-11-19,0,0,0,0,9523,9143,380,0,GORONTALO
2021-11-20,1,0,0,1,9524,9143,380,1,GORONTALO
2021-11-21,1,0,0,1,9525,9143,380,2,GORONTALO
2021-11-22,0,0,1,-1,9525,9144,380,1,GORONTALO
2021-11-23,0,0,0,0,9525,9144,380,1,GORONTALO
2021-11-24,0,0,0,0,9525,9144,380,1,GORONTALO
2021-11-25,0,0,0,0,9525,9144,380,1,GORONTALO
2021-11-26,0,0,0,0,9525,9144,380,1,GORONTALO
2021-11-27,0,0,1,-1,9525,9145,380,0,GORONTALO
2021-11-28,0,0,1,-1,9525,9146,380,-1,GORONTALO
2021-11-29,0,0,0,0,9525,9146,380,-1,GORONTALO
2021-11-30,0,0,0,0,9525,9146,380,-1,GORONTALO
2021-12-01,0,0,0,0,9525,9146,380,-1,GORONTALO
2021-12-02,0,0,0,0,9525,9146,380,-1,GORONTALO
2021-12-03,0,0,0,0,9525,9146,380,-1,GORONTALO
2021-12-04,0,0,0,0,9525,9146,380,-1,GORONTALO
2021-12-05,1,0,0,1,9526,9146,380,0,GORONTALO
2021-12-06,0,0,0,0,9526,9146,380,0,GORONTALO
2021-12-07,0,0,0,0,9526,9146,380,0,GORONTALO
2021-12-08,1,0,0,1,9527,9146,380,1,GORONTALO
2021-12-09,0,0,0,0,9527,9146,380,1,GORONTALO
2021-12-10,0,0,0,0,9527,9146,380,1,GORONTALO
2021-12-11,2,0,1,1,9529,9147,380,2,GORONTALO
2021-12-12,0,0,0,0,9529,9147,380,2,GORONTALO
2021-12-13,0,0,0,0,9529,9147,380,2,GORONTALO
2021-12-14,2,0,0,2,9531,9147,380,4,GORONTALO
2021-12-15,1,0,0,1,9532,9147,380,5,GORONTALO
2021-12-16,0,0,2,-2,9532,9149,380,3,GORONTALO
2021-12-17,0,0,0,0,9532,9149,380,3,GORONTALO
2021-12-18,0,0,0,0,9532,9149,380,3,GORONTALO
2021-12-19,1,0,0,1,9533,9149,380,4,GORONTALO
2021-12-20,0,0,0,0,9533,9149,380,4,GORONTALO
2021-12-21,2,0,2,0,9535,9151,380,4,GORONTALO
2021-12-22,0,0,0,0,9535,9151,380,4,GORONTALO
2021-12-23,1,1,0,0,9536,9151,381,4,GORONTALO
2021-12-24,1,0,0,1,9537,9151,381,5,GORONTALO
2021-12-25,0,0,0,0,9537,9151,381,5,GORONTALO
2021-12-26,0,0,0,0,9537,9151,381,5,GORONTALO
2021-12-27,0,0,0,0,9537,9151,381,5,GORONTALO
2021-12-28,0,0,1,-1,9537,9152,381,4,GORONTALO
2021-12-29,0,0,0,0,9537,9152,381,4,GORONTALO
2021-12-30,0,0,0,0,9537,9152,381,4,GORONTALO
2021-12-31,1,0,4,-3,9538,9156,381,1,GORONTALO
2022-01-01,0,0,1,-1,9538,9157,381,0,GORONTALO
2022-01-02,0,0,0,0,9538,9157,381,0,GORONTALO
2022-01-03,0,0,0,0,9538,9157,381,0,GORONTALO
2022-01-04,0,0,0,0,9538,9157,381,0,GORONTALO
2022-01-05,0,0,0,0,9538,9157,381,0,GORONTALO
2022-01-06,0,0,0,0,9538,9157,381,0,GORONTALO
2022-01-07,0,0,0,0,9538,9157,381,0,GORONTALO
2022-01-08,0,0,0,0,9538,9157,381,0,GORONTALO
2022-01-09,0,0,0,0,9538,9157,381,0,GORONTALO
2022-01-10,0,0,0,0,9538,9157,381,0,GORONTALO
2022-01-11,0,0,0,0,9538,9157,381,0,GORONTALO
2022-01-12,0,0,0,0,9538,9157,381,0,GORONTALO
2022-01-13,0,0,0,0,9538,9157,381,0,GORONTALO
2022-01-14,0,0,0,0,9538,9157,381,0,GORONTALO
2022-01-15,1,0,0,1,9539,9157,381,1,GORONTALO
2022-01-16,1,0,0,1,9540,9157,381,2,GORONTALO
2022-01-17,0,0,0,0,9540,9157,381,2,GORONTALO
2022-01-18,0,0,0,0,9540,9157,381,2,GORONTALO
2022-01-19,0,0,0,0,9540,9157,381,2,GORONTALO
2022-01-20,0,0,0,0,9540,9157,381,2,GORONTALO
2022-01-21,0,0,0,0,9540,9157,381,2,GORONTALO
2022-01-22,1,0,0,1,9541,9157,381,3,GORONTALO
2022-01-23,3,0,0,3,9544,9157,381,6,GORONTALO
2022-01-24,1,0,1,0,9545,9158,381,6,GORONTALO
2022-01-25,0,0,0,0,9545,9158,381,6,GORONTALO
2022-01-26,0,0,0,0,9545,9158,381,6,GORONTALO
2022-01-27,1,0,0,1,9546,9158,381,7,GORONTALO
2022-01-28,1,0,0,1,9547,9158,381,8,GORONTALO
2022-01-29,6,0,0,6,9553,9158,381,14,GORONTALO
2022-01-30,1,0,0,1,9554,9158,381,15,GORONTALO
2022-01-31,0,0,2,-2,9554,9160,381,13,GORONTALO
2022-02-01,1,0,0,1,9555,9160,381,14,GORONTALO
2022-02-02,2,0,3,-1,9557,9163,381,13,GORONTALO
2022-02-03,2,0,2,0,9559,9165,381,13,GORONTALO
2022-02-04,3,0,1,2,9562,9166,381,15,GORONTALO
2022-02-05,3,0,1,2,9565,9167,381,17,GORONTALO
2022-02-06,2,0,0,2,9567,9167,381,19,GORONTALO
2022-02-07,10,0,0,10,9577,9167,381,29,GORONTALO
2022-02-08,18,0,2,16,9595,9169,381,45,GORONTALO
2022-02-09,7,0,1,6,9602,9170,381,51,GORONTALO
2022-02-10,12,0,1,11,9614,9171,381,62,GORONTALO
2022-02-11,12,0,1,11,9626,9172,381,73,GORONTALO
2022-02-12,30,0,1,29,9656,9173,381,102,GORONTALO
2022-02-13,10,0,2,8,9666,9175,381,110,GORONTALO
2022-02-14,41,0,2,39,9707,9177,381,149,GORONTALO
2022-02-15,48,0,0,48,9755,9177,381,197,GORONTALO
2022-02-16,13,0,12,1,9768,9189,381,198,GORONTALO
2022-02-17,54,0,7,47,9822,9196,381,245,GORONTALO
2022-02-18,58,0,2,56,9880,9198,381,301,GORONTALO
2022-02-19,45,0,11,34,9925,9209,381,335,GORONTALO
2022-02-20,24,0,3,21,9949,9212,381,356,GORONTALO
2022-02-21,172,0,5,167,10121,9217,381,523,GORONTALO
2022-02-22,22,0,0,22,10143,9217,381,545,GORONTALO
2022-02-23,30,0,35,-5,10173,9252,381,540,GORONTALO
2022-02-24,49,1,13,35,10222,9265,382,575,GORONTALO
2022-02-25,20,0,22,-2,10242,9287,382,573,GORONTALO
2022-02-26,65,0,64,1,10307,9351,382,574,GORONTALO
2022-02-27,49,0,13,36,10356,9364,382,610,GORONTALO
2022-02-28,60,0,124,-64,10416,9488,382,546,GORONTALO
2022-03-01,42,0,22,20,10458,9510,382,566,GORONTALO
2022-03-02,128,1,37,90,10586,9547,383,656,GORONTALO
2022-03-03,104,1,65,38,10690,9612,384,694,GORONTALO
2022-03-04,53,0,24,29,10743,9636,384,723,GORONTALO
2022-03-05,39,0,28,11,10782,9664,384,734,GORONTALO
2022-03-06,35,0,13,22,10817,9677,384,756,GORONTALO
2022-03-07,17,0,121,-104,10834,9798,384,652,GORONTALO
2022-03-08,43,1,80,-38,10877,9878,385,614,GORONTALO
2022-03-09,33,0,18,15,10910,9896,385,629,GORONTALO
2022-03-10,25,1,193,-169,10935,10089,386,460,GORONTALO
2022-03-11,16,0,19,-3,10951,10108,386,457,GORONTALO
2022-03-12,15,0,15,0,10966,10123,386,457,GORONTALO
2022-03-13,28,0,32,-4,10994,10155,386,453,GORONTALO
2022-03-14,21,1,44,-24,11015,10199,387,429,GORONTALO
2022-03-15,20,1,22,-3,11035,10221,388,426,GORONTALO
2022-03-16,20,0,14,6,11055,10235,388,432,GORONTALO
2022-03-17,8,2,44,-38,11063,10279,390,394,GORONTALO
2022-03-18,7,0,16,-9,11070,10295,390,385,GORONTALO
2022-03-19,6,0,18,-12,11076,10313,390,373,GORONTALO
2022-03-20,7,0,10,-3,11083,10323,390,370,GORONTALO
2022-03-21,4,0,21,-17,11087,10344,390,353,GORONTALO
2022-03-22,9,0,54,-45,11096,10398,390,308,GORONTALO
2022-03-23,6,1,10,-5,11102,10408,391,303,GORONTALO
2022-03-24,8,0,15,-7,11110,10423,391,296,GORONTALO
2022-03-25,4,1,1,2,11114,10424,392,298,GORONTALO
2022-03-26,5,0,7,-2,11119,10431,392,296,GORONTALO
2022-03-27,7,0,3,4,11126,10434,392,300,GORONTALO
2022-03-28,2,2,81,-81,11128,10515,394,219,GORONTALO
2022-03-29,8,0,4,4,11136,10519,394,223,GORONTALO
2022-03-30,5,0,4,1,11141,10523,394,224,GORONTALO
2022-03-31,4,0,11,-7,11145,10534,394,217,GORONTALO
2022-04-01,5,0,1,4,11150,10535,394,221,GORONTALO
2022-04-02,0,0,2,-2,11150,10537,394,219,GORONTALO
2022-04-03,2,0,0,2,11152,10537,394,221,GORONTALO
2022-04-04,1,0,0,1,11153,10537,394,222,GORONTALO
2022-04-05,1,1,34,-34,11154,10571,395,188,GORONTALO
2022-04-06,1,0,4,-3,11155,10575,395,185,GORONTALO
2022-04-07,1,0,2,-1,11156,10577,395,184,GORONTALO
2022-04-08,1,0,2,-1,11157,10579,395,183,GORONTALO
2022-04-09,1,0,2,-1,11158,10581,395,182,GORONTALO
2022-04-10,1,0,0,1,11159,10581,395,183,GORONTALO
2022-04-11,0,0,4,-4,11159,10585,395,179,GORONTALO
2022-04-12,2,0,6,-4,11161,10591,395,175,GORONTALO
2022-04-13,0,0,0,0,11161,10591,395,175,GORONTALO
2022-04-14,0,0,0,0,11161,10591,395,175,GORONTALO
2022-04-15,0,0,0,0,11161,10591,395,175,GORONTALO
2022-04-16,0,0,0,0,11161,10591,395,175,GORONTALO
2022-04-17,0,0,0,0,11161,10591,395,175,GORONTALO
2022-04-18,0,0,0,0,11161,10591,395,175,GORONTALO
2022-04-19,1,0,0,1,11162,10591,395,176,GORONTALO
2022-04-20,0,0,0,0,11162,10591,395,176,GORONTALO
2022-04-21,3,0,0,3,11165,10591,395,179,GORONTALO
2022-04-22,0,0,0,0,11165,10591,395,179,GORONTALO
2022-04-23,0,0,0,0,11165,10591,395,179,GORONTALO
2022-04-24,0,0,0,0,11165,10591,395,179,GORONTALO
2022-04-25,1,1,138,-138,11166,10729,396,41,GORONTALO
2022-04-26,3,0,22,-19,11169,10751,396,22,GORONTALO
2022-04-27,1,1,9,-9,11170,10760,397,13,GORONTALO
2022-04-28,0,0,0,0,11170,10760,397,13,GORONTALO
2022-04-29,0,0,0,0,11170,10760,397,13,GORONTALO
2022-04-30,0,0,0,0,11170,10760,397,13,GORONTALO
2022-05-01,0,0,0,0,11170,10760,397,13,GORONTALO
2022-05-02,0,0,0,0,11170,10760,397,13,GORONTALO
2022-05-03,0,0,0,0,11170,10760,397,13,GORONTALO
2022-05-04,2,0,0,2,11172,10760,397,15,GORONTALO
2022-05-05,0,0,0,0,11172,10760,397,15,GORONTALO
2022-05-06,0,0,0,0,11172,10760,397,15,GORONTALO
2022-05-07,2,0,0,2,11174,10760,397,17,GORONTALO
2022-05-08,1,0,1,0,11175,10761,397,17,GORONTALO
2022-05-09,1,0,0,1,11176,10761,397,18,GORONTALO
2022-05-10,0,0,0,0,11176,10761,397,18,GORONTALO
2022-05-11,0,0,0,0,11176,10761,397,18,GORONTALO
2022-05-12,0,1,0,-1,11176,10761,398,17,GORONTALO
2022-05-13,0,0,0,0,11176,10761,398,17,GORONTALO
2022-05-14,0,0,0,0,11176,10761,398,17,GORONTALO
2022-05-15,0,0,0,0,11176,10761,398,17,GORONTALO
2022-05-16,0,0,0,0,11176,10761,398,17,GORONTALO
2022-05-17,0,0,0,0,11176,10761,398,17,GORONTALO
2022-05-18,0,1,0,-1,11176,10761,399,16,GORONTALO
2022-05-19,0,0,0,0,11176,10761,399,16,GORONTALO
2022-05-20,1,0,0,1,11177,10761,399,17,GORONTALO
2022-05-21,0,0,0,0,11177,10761,399,17,GORONTALO
2022-05-22,1,0,0,1,11178,10761,399,18,GORONTALO
2022-05-23,0,0,0,0,11178,10761,399,18,GORONTALO
2022-05-24,0,1,0,-1,11178,10761,400,17,GORONTALO
2022-05-25,0,0,0,0,11178,10761,400,17,GORONTALO
2022-05-26,0,0,0,0,11178,10761,400,17,GORONTALO
2022-05-27,0,0,0,0,11178,10761,400,17,GORONTALO
2022-05-28,0,0,0,0,11178,10761,400,17,GORONTALO
2022-05-29,0,0,0,0,11178,10761,400,17,GORONTALO
2022-05-30,0,1,14,-15,11178,10775,401,2,GORONTALO
2022-05-31,0,0,0,0,11178,10775,401,2,GORONTALO
2022-06-01,0,0,0,0,11178,10775,401,2,GORONTALO
2022-06-02,0,0,0,0,11178,10775,401,2,GORONTALO
2022-06-03,2,0,0,2,11180,10775,401,4,GORONTALO
2022-06-04,0,0,0,0,11180,10775,401,4,GORONTALO
2022-06-05,0,0,0,0,11180,10775,401,4,GORONTALO
2022-06-06,0,0,0,0,11180,10775,401,4,GORONTALO
2022-06-07,0,0,0,0,11180,10775,401,4,GORONTALO
2022-06-08,0,0,0,0,11180,10775,401,4,GORONTALO
2022-06-09,0,0,0,0,11180,10775,401,4,GORONTALO
2022-06-10,0,0,0,0,11180,10775,401,4,GORONTALO
2022-06-11,0,0,0,0,11180,10775,401,4,GORONTALO
2022-06-12,0,0,0,0,11180,10775,401,4,GORONTALO
2022-06-13,0,0,0,0,11180,10775,401,4,GORONTALO
2022-06-14,0,0,0,0,11180,10775,401,4,GORONTALO
2022-06-15,0,0,0,0,11180,10775,401,4,GORONTALO
2022-06-16,0,0,0,0,11180,10775,401,4,GORONTALO
2022-06-17,0,0,0,0,11180,10775,401,4,GORONTALO
2022-06-18,0,0,0,0,11180,10775,401,4,GORONTALO
2022-06-19,0,0,0,0,11180,10775,401,4,GORONTALO
2022-06-20,0,0,0,0,11180,10775,401,4,GORONTALO
2022-06-21,0,0,0,0,11180,10775,401,4,GORONTALO
2022-06-22,0,0,0,0,11180,10775,401,4,GORONTALO
2022-06-23,0,0,0,0,11180,10775,401,4,GORONTALO
2022-06-24,0,0,0,0,11180,10775,401,4,GORONTALO
2022-06-25,0,0,0,0,11180,10775,401,4,GORONTALO
2022-06-26,0,0,0,0,11180,10775,401,4,GORONTALO
2022-06-27,0,0,0,0,11180,10775,401,4,GORONTALO
2022-06-28,0,0,0,0,11180,10775,401,4,GORONTALO
2022-06-29,0,0,0,0,11180,10775,401,4,GORONTALO
2022-06-30,0,0,0,0,11180,10775,401,4,GORONTALO
2022-07-01,0,0,0,0,11180,10775,401,4,GORONTALO
2022-07-02,0,0,0,0,11180,10775,401,4,GORONTALO
2022-07-03,0,0,0,0,11180,10775,401,4,GORONTALO
2022-07-04,0,0,0,0,11180,10775,401,4,GORONTALO
2022-07-05,0,0,0,0,11180,10775,401,4,GORONTALO
2022-07-06,0,0,0,0,11180,10775,401,4,GORONTALO
2022-07-07,0,0,0,0,11180,10775,401,4,GORONTALO
2022-07-08,0,0,0,0,11180,10775,401,4,GORONTALO
2022-07-09,0,0,0,0,11180,10775,401,4,GORONTALO
2022-07-10,0,0,0,0,11180,10775,401,4,GORONTALO
2022-07-11,0,0,0,0,11180,10775,401,4,GORONTALO
2022-07-12,0,0,0,0,11180,10775,401,4,GORONTALO
2022-07-13,2,0,0,2,11182,10775,401,6,GORONTALO
2022-07-14,0,0,0,0,11182,10775,401,6,GORONTALO
2022-07-15,1,0,0,1,11183,10775,401,7,GORONTALO
2022-07-16,1,0,0,1,11184,10775,401,8,GORONTALO
2022-07-17,0,0,0,0,11184,10775,401,8,GORONTALO
2022-07-18,0,0,0,0,11184,10775,401,8,GORONTALO
2022-07-19,0,0,0,0,11184,10775,401,8,GORONTALO
2022-07-20,4,0,0,4,11188,10775,401,12,GORONTALO
2022-07-21,3,0,0,3,11191,10775,401,15,GORONTALO
2022-07-22,3,0,0,3,11194,10775,401,18,GORONTALO
2022-07-23,1,0,0,1,11195,10775,401,19,GORONTALO
2022-07-24,0,0,0,0,11195,10775,401,19,GORONTALO
2022-07-25,0,0,0,0,11195,10775,401,19,GORONTALO
2022-07-26,2,0,0,2,11197,10775,401,21,GORONTALO
2022-07-27,6,0,0,6,11203,10775,401,27,GORONTALO
2022-07-28,1,1,2,-2,11204,10777,402,25,GORONTALO
2022-07-29,1,0,0,1,11205,10777,402,26,GORONTALO
2022-07-30,1,0,0,1,11206,10777,402,27,GORONTALO
2022-07-31,0,0,0,0,11206,10777,402,27,GORONTALO
2022-08-01,0,0,2,-2,11206,10779,402,25,GORONTALO
2022-08-02,0,0,0,0,11206,10779,402,25,GORONTALO
2022-08-03,1,0,0,1,11207,10779,402,26,GORONTALO
2022-08-04,0,0,0,0,11207,10779,402,26,GORONTALO
2022-08-05,0,0,0,0,11207,10779,402,26,GORONTALO
2022-08-06,0,0,6,-6,11207,10785,402,20,GORONTALO
2022-08-07,1,0,0,1,11208,10785,402,21,GORONTALO
2022-08-08,0,0,0,0,11208,10785,402,21,GORONTALO
2022-08-09,0,0,0,0,11208,10785,402,21,GORONTALO
2022-08-10,0,0,3,-3,11208,10788,402,18,GORONTALO
2022-08-11,0,0,0,0,11208,10788,402,18,GORONTALO
2022-08-12,1,0,1,0,11209,10789,402,18,GORONTALO
2022-08-13,1,0,0,1,11210,10789,402,19,GORONTALO
2022-08-14,0,0,0,0,11210,10789,402,19,GORONTALO
2022-08-15,0,0,0,0,11210,10789,402,19,GORONTALO
2022-08-16,0,0,0,0,11210,10789,402,19,GORONTALO
2022-08-17,0,0,0,0,11210,10789,402,19,GORONTALO
2022-08-18,1,0,1,0,11211,10790,402,19,GORONTALO
2022-08-19,0,0,0,0,11211,10790,402,19,GORONTALO
2022-08-20,0,0,0,0,11211,10790,402,19,GORONTALO
2022-08-21,0,0,0,0,11211,10790,402,19,GORONTALO
2022-08-22,0,0,0,0,11211,10790,402,19,GORONTALO
2022-08-23,0,0,1,-1,11211,10791,402,18,GORONTALO
2022-08-24,0,0,0,0,11211,10791,402,18,GORONTALO
2022-08-25,1,0,0,1,11212,10791,402,19,GORONTALO
2022-08-26,0,0,0,0,11212,10791,402,19,GORONTALO
2022-08-27,0,0,0,0,11212,10791,402,19,GORONTALO
2022-08-28,0,0,0,0,11212,10791,402,19,GORONTALO
2022-08-29,0,0,0,0,11212,10791,402,19,GORONTALO
2022-08-30,0,0,0,0,11212,10791,402,19,GORONTALO
2022-08-31,0,0,0,0,11212,10791,402,19,GORONTALO
2022-09-01,0,0,0,0,11212,10791,402,19,GORONTALO
2022-09-02,0,0,0,0,11212,10791,402,19,GORONTALO
2022-09-03,0,0,0,0,11212,10791,402,19,GORONTALO
2022-09-04,0,0,0,0,11212,10791,402,19,GORONTALO
2022-09-05,0,0,0,0,11212,10791,402,19,GORONTALO
2022-09-06,6,0,0,6,11218,10791,402,25,GORONTALO
2022-09-07,0,0,0,0,11218,10791,402,25,GORONTALO
2022-09-08,2,0,0,2,11220,10791,402,27,GORONTALO
2022-09-09,1,0,0,1,11221,10791,402,28,GORONTALO
2022-09-10,0,0,0,0,11221,10791,402,28,GORONTALO
2022-09-11,0,0,0,0,11221,10791,402,28,GORONTALO
2022-09-12,0,0,0,0,11221,10791,402,28,GORONTALO
2022-09-13,0,0,0,0,11221,10791,402,28,GORONTALO
2022-09-14,1,0,0,1,11222,10791,402,29,GORONTALO
2022-09-15,0,0,0,0,11222,10791,402,29,GORONTALO
2022-09-16,0,0,0,0,11222,10791,402,29,GORONTALO
2022-09-17,0,0,0,0,11222,10791,402,29,GORONTALO
2022-09-18,0,0,0,0,11222,10791,402,29,GORONTALO
2022-09-19,1,0,0,1,11223,10791,402,30,GORONTALO
2022-09-20,3,0,0,3,11226,10791,402,33,GORONTALO
2022-09-21,1,0,0,1,11227,10791,402,34,GORONTALO
2022-09-22,1,0,0,1,11228,10791,402,35,GORONTALO
2022-09-23,0,0,0,0,11228,10791,402,35,GORONTALO
2022-09-24,1,0,0,1,11229,10791,402,36,GORONTALO
2022-09-25,0,0,0,0,11229,10791,402,36,GORONTALO
2022-09-26,0,0,0,0,11229,10791,402,36,GORONTALO
2022-09-27,0,0,0,0,11229,10791,402,36,GORONTALO
2022-09-28,0,0,0,0,11229,10791,402,36,GORONTALO
2022-09-29,0,0,0,0,11229,10791,402,36,GORONTALO
2022-09-30,1,0,0,1,11230,10791,402,37,GORONTALO
2020-03-03,1,0,0,1,1,0,0,1,JAWA BARAT
2020-03-04,0,0,0,0,1,0,0,1,JAWA BARAT
2020-03-05,1,0,0,1,2,0,0,2,JAWA BARAT
2020-03-06,0,0,0,0,2,0,0,2,JAWA BARAT
2020-03-07,0,0,0,0,2,0,0,2,JAWA BARAT
2020-03-08,0,0,0,0,2,0,0,2,JAWA BARAT
2020-03-09,0,0,0,0,2,0,0,2,JAWA BARAT
2020-03-10,0,0,0,0,2,0,0,2,JAWA BARAT
2020-03-11,0,1,0,-1,2,0,1,1,JAWA BARAT
2020-03-12,1,0,0,1,3,0,1,2,JAWA BARAT
2020-03-13,4,0,1,3,7,1,1,5,JAWA BARAT
2020-03-14,0,0,0,0,7,1,1,5,JAWA BARAT
2020-03-15,0,0,1,-1,7,2,1,4,JAWA BARAT
2020-03-16,0,0,2,-2,7,4,1,2,JAWA BARAT
2020-03-17,9,0,0,9,16,4,1,11,JAWA BARAT
2020-03-18,3,1,2,0,19,6,2,11,JAWA BARAT
2020-03-19,4,0,1,3,23,7,2,14,JAWA BARAT
2020-03-20,14,2,0,12,37,7,4,26,JAWA BARAT
2020-03-21,3,0,0,3,40,7,4,29,JAWA BARAT
2020-03-22,3,3,1,-1,43,8,7,28,JAWA BARAT
2020-03-23,4,1,0,3,47,8,8,31,JAWA BARAT
2020-03-24,1,1,2,-2,48,10,9,29,JAWA BARAT
2020-03-25,3,0,1,2,51,11,9,31,JAWA BARAT
2020-03-26,4,1,0,3,55,11,10,34,JAWA BARAT
2020-03-27,14,1,1,12,69,12,11,46,JAWA BARAT
2020-03-28,15,3,1,11,84,13,14,57,JAWA BARAT
2020-03-29,20,3,2,15,104,15,17,72,JAWA BARAT
2020-03-30,15,2,3,10,119,18,19,82,JAWA BARAT
2020-03-31,7,0,1,6,126,19,19,88,JAWA BARAT
2020-04-01,13,1,2,10,139,21,20,98,JAWA BARAT
2020-04-02,11,4,1,6,150,22,24,104,JAWA BARAT
2020-04-03,2,1,2,-1,152,24,25,103,JAWA BARAT
2020-04-04,16,4,1,11,168,25,29,114,JAWA BARAT
2020-04-05,5,2,1,2,173,26,31,116,JAWA BARAT
2020-04-06,7,3,4,0,180,30,34,116,JAWA BARAT
2020-04-07,57,2,2,53,237,32,36,169,JAWA BARAT
2020-04-08,16,5,3,8,253,35,41,177,JAWA BARAT
2020-04-09,9,6,4,-1,262,39,47,176,JAWA BARAT
2020-04-10,9,0,1,8,271,40,47,184,JAWA BARAT
2020-04-11,23,2,3,18,294,43,49,202,JAWA BARAT
2020-04-12,13,3,1,9,307,44,52,211,JAWA BARAT
2020-04-13,44,3,1,40,351,45,55,251,JAWA BARAT
2020-04-14,4,0,4,0,355,49,55,251,JAWA BARAT
2020-04-15,23,0,2,21,378,51,55,272,JAWA BARAT
2020-04-16,7,1,6,0,385,57,56,272,JAWA BARAT
2020-04-17,38,2,14,22,423,71,58,294,JAWA BARAT
2020-04-18,7,0,3,4,430,74,58,298,JAWA BARAT
2020-04-19,41,1,11,29,471,85,59,327,JAWA BARAT
2020-04-20,7,3,3,1,478,88,62,328,JAWA BARAT
2020-04-21,8,6,18,-16,486,106,68,312,JAWA BARAT
2020-04-22,4,1,3,0,490,109,69,312,JAWA BARAT
2020-04-23,14,2,10,2,504,119,71,314,JAWA BARAT
2020-04-24,63,2,2,59,567,121,73,373,JAWA BARAT
2020-04-25,13,0,4,9,580,125,73,382,JAWA BARAT
2020-04-26,5,0,2,3,585,127,73,385,JAWA BARAT
2020-04-27,25,1,6,18,610,133,74,403,JAWA BARAT
2020-04-28,1,1,6,-6,611,139,75,397,JAWA BARAT
2020-04-29,18,0,9,9,629,148,75,406,JAWA BARAT
2020-04-30,0,5,23,-28,629,171,80,378,JAWA BARAT
2020-05-01,1,3,4,-6,630,175,83,372,JAWA BARAT
2020-05-02,25,2,3,20,655,178,85,392,JAWA BARAT
2020-05-03,6,1,2,3,661,180,86,395,JAWA BARAT
2020-05-04,147,2,8,137,808,188,88,532,JAWA BARAT
2020-05-05,32,1,4,27,840,192,89,559,JAWA BARAT
2020-05-06,5,1,10,-6,845,202,90,553,JAWA BARAT
2020-05-07,36,0,8,28,881,210,90,581,JAWA BARAT
2020-05-08,485,2,4,479,1366,214,92,1060,JAWA BARAT
2020-05-09,28,2,20,6,1394,234,94,1066,JAWA BARAT
2020-05-10,3,0,3,0,1397,237,94,1066,JAWA BARAT
2020-05-11,50,3,13,34,1447,250,97,1100,JAWA BARAT
2020-05-12,37,0,9,28,1484,259,97,1128,JAWA BARAT
2020-05-13,5,0,22,-17,1489,281,97,1111,JAWA BARAT
2020-05-14,8,1,14,-7,1497,295,98,1104,JAWA BARAT
2020-05-15,33,2,22,9,1530,317,100,1113,JAWA BARAT
2020-05-16,12,0,9,3,1542,326,100,1116,JAWA BARAT
2020-05-17,43,3,41,-1,1585,367,103,1115,JAWA BARAT
2020-05-18,21,8,63,-50,1606,430,111,1065,JAWA BARAT
2020-05-19,18,1,19,-2,1624,449,112,1063,JAWA BARAT
2020-05-20,99,0,9,90,1723,458,112,1153,JAWA BARAT
2020-05-21,55,1,13,41,1778,471,113,1194,JAWA BARAT
2020-05-22,52,2,20,30,1830,491,115,1224,JAWA BARAT
2020-05-23,53,0,7,46,1883,498,115,1270,JAWA BARAT
2020-05-24,27,1,9,17,1910,507,116,1287,JAWA BARAT
2020-05-25,13,0,6,7,1923,513,116,1294,JAWA BARAT
2020-05-26,25,3,14,8,1948,527,119,1302,JAWA BARAT
2020-05-27,28,5,39,-16,1976,566,124,1286,JAWA BARAT
2020-05-28,29,0,21,8,2005,587,124,1294,JAWA BARAT
2020-05-29,44,0,18,26,2049,605,124,1320,JAWA BARAT
2020-05-30,26,0,8,18,2075,613,124,1338,JAWA BARAT
2020-05-31,8,0,4,4,2083,617,124,1342,JAWA BARAT
2020-06-01,6,0,1,5,2089,618,124,1347,JAWA BARAT
2020-06-02,20,4,35,-19,2109,653,128,1328,JAWA BARAT
2020-06-03,1,3,39,-41,2110,692,131,1287,JAWA BARAT
2020-06-04,9,0,22,-13,2119,714,131,1274,JAWA BARAT
2020-06-05,19,0,29,-10,2138,743,131,1264,JAWA BARAT
2020-06-06,4,0,13,-9,2142,756,131,1255,JAWA BARAT
2020-06-07,28,0,16,12,2170,772,131,1267,JAWA BARAT
2020-06-08,21,3,66,-48,2191,838,134,1219,JAWA BARAT
2020-06-09,20,0,11,9,2211,849,134,1228,JAWA BARAT
2020-06-10,42,0,34,8,2253,883,134,1236,JAWA BARAT
2020-06-11,32,0,23,9,2285,906,134,1245,JAWA BARAT
2020-06-12,13,0,44,-31,2298,950,134,1214,JAWA BARAT
2020-06-13,19,1,40,-22,2317,990,135,1192,JAWA BARAT
2020-06-14,18,0,7,11,2335,997,135,1203,JAWA BARAT
2020-06-15,32,1,9,22,2367,1006,136,1225,JAWA BARAT
2020-06-16,20,0,22,-2,2387,1028,136,1223,JAWA BARAT
2020-06-17,26,6,29,-9,2413,1057,142,1214,JAWA BARAT
2020-06-18,44,0,13,31,2457,1070,142,1245,JAWA BARAT
2020-06-19,48,0,35,13,2505,1105,142,1258,JAWA BARAT
2020-06-20,13,1,6,6,2518,1111,143,1264,JAWA BARAT
2020-06-21,23,0,4,19,2541,1115,143,1283,JAWA BARAT
2020-06-22,22,0,25,-3,2563,1140,143,1280,JAWA BARAT
2020-06-23,33,0,17,16,2596,1157,143,1296,JAWA BARAT
2020-06-24,41,0,17,24,2637,1174,143,1320,JAWA BARAT
2020-06-25,49,2,52,-5,2686,1226,145,1315,JAWA BARAT
2020-06-26,32,1,97,-66,2718,1323,146,1249,JAWA BARAT
2020-06-27,16,0,16,0,2734,1339,146,1249,JAWA BARAT
2020-06-28,20,1,8,11,2754,1347,147,1260,JAWA BARAT
2020-06-29,53,0,8,45,2807,1355,147,1305,JAWA BARAT
2020-06-30,35,1,31,3,2842,1386,148,1308,JAWA BARAT
2020-07-01,53,0,7,46,2895,1393,148,1354,JAWA BARAT
2020-07-02,52,0,33,19,2947,1426,148,1373,JAWA BARAT
2020-07-03,30,0,9,21,2977,1435,148,1394,JAWA BARAT
2020-07-04,67,0,22,45,3044,1457,148,1439,JAWA BARAT
2020-07-05,88,1,11,76,3132,1468,149,1515,JAWA BARAT
2020-07-06,98,0,23,75,3230,1491,149,1590,JAWA BARAT
2020-07-07,82,1,60,21,3312,1551,150,1611,JAWA BARAT
2020-07-08,82,1,5,76,3394,1556,151,1687,JAWA BARAT
2020-07-09,752,4,31,717,4146,1587,155,2404,JAWA BARAT
2020-07-10,96,0,44,52,4242,1631,155,2456,JAWA BARAT
2020-07-11,58,1,17,40,4300,1648,156,2496,JAWA BARAT
2020-07-12,33,0,6,27,4333,1654,156,2523,JAWA BARAT
2020-07-13,62,0,30,32,4395,1684,156,2555,JAWA BARAT
2020-07-14,47,1,35,11,4442,1719,157,2566,JAWA BARAT
2020-07-15,67,2,106,-41,4509,1825,159,2525,JAWA BARAT
2020-07-16,43,0,24,19,4552,1849,159,2544,JAWA BARAT
2020-07-17,49,2,38,9,4601,1887,161,2553,JAWA BARAT
2020-07-18,54,1,19,34,4655,1906,162,2587,JAWA BARAT
2020-07-19,21,0,4,17,4676,1910,162,2604,JAWA BARAT
2020-07-20,51,0,51,0,4727,1961,162,2604,JAWA BARAT
2020-07-21,52,2,44,6,4779,2005,164,2610,JAWA BARAT
2020-07-22,40,0,22,18,4819,2027,164,2628,JAWA BARAT
2020-07-23,42,1,41,0,4861,2068,165,2628,JAWA BARAT
2020-07-24,76,2,16,58,4937,2084,167,2686,JAWA BARAT
2020-07-25,56,0,28,28,4993,2112,167,2714,JAWA BARAT
2020-07-26,48,0,21,27,5041,2133,167,2741,JAWA BARAT
2020-07-27,48,1,331,-284,5089,2464,168,2457,JAWA BARAT
2020-07-28,121,0,493,-372,5210,2957,168,2085,JAWA BARAT
2020-07-29,97,2,51,44,5307,3008,170,2129,JAWA BARAT
2020-07-30,99,3,268,-172,5406,3276,173,1957,JAWA BARAT
2020-07-31,36,0,17,19,5442,3293,173,1976,JAWA BARAT
2020-08-01,48,0,14,34,5490,3307,173,2010,JAWA BARAT
2020-08-02,61,2,13,46,5551,3320,175,2056,JAWA BARAT
2020-08-03,57,0,20,37,5608,3340,175,2093,JAWA BARAT
2020-08-04,103,0,74,29,5711,3414,175,2122,JAWA BARAT
2020-08-05,114,1,14,99,5825,3428,176,2221,JAWA BARAT
2020-08-06,69,0,33,36,5894,3461,176,2257,JAWA BARAT
2020-08-07,122,3,39,80,6016,3500,179,2337,JAWA BARAT
2020-08-08,192,5,44,143,6208,3544,184,2480,JAWA BARAT
2020-08-09,147,3,43,101,6355,3587,187,2581,JAWA BARAT
2020-08-10,82,0,39,43,6437,3626,187,2624,JAWA BARAT
2020-08-11,87,4,30,53,6524,3656,191,2677,JAWA BARAT
2020-08-12,96,1,62,33,6620,3718,192,2710,JAWA BARAT
2020-08-13,144,2,16,126,6764,3734,194,2836,JAWA BARAT
2020-08-14,240,3,23,214,7004,3757,197,3050,JAWA BARAT
2020-08-15,211,0,42,169,7215,3799,197,3219,JAWA BARAT
2020-08-16,65,2,40,23,7280,3839,199,3242,JAWA BARAT
2020-08-17,50,0,44,6,7330,3883,199,3248,JAWA BARAT
2020-08-18,77,2,29,46,7407,3912,201,3294,JAWA BARAT
2020-08-19,90,5,60,25,7497,3972,206,3319,JAWA BARAT
2020-08-20,186,4,60,122,7683,4032,210,3441,JAWA BARAT
2020-08-21,71,7,114,-50,7754,4146,217,3391,JAWA BARAT
2020-08-22,148,2,100,46,7902,4246,219,3437,JAWA BARAT
2020-08-23,59,2,406,-349,7961,4652,221,3088,JAWA BARAT
2020-08-24,111,2,182,-73,8072,4834,223,3015,JAWA BARAT
2020-08-25,221,2,43,176,8293,4877,225,3191,JAWA BARAT
2020-08-26,145,0,44,101,8438,4921,225,3292,JAWA BARAT
2020-08-27,150,1,98,51,8588,5019,226,3343,JAWA BARAT
2020-08-28,459,3,84,372,9047,5103,229,3715,JAWA BARAT
2020-08-29,234,1,32,201,9281,5135,230,3916,JAWA BARAT
2020-08-30,80,1,24,55,9361,5159,231,3971,JAWA BARAT
2020-08-31,140,11,99,30,9501,5258,242,4001,JAWA BARAT
2020-09-01,223,1,61,161,9724,5319,243,4162,JAWA BARAT
2020-09-02,154,3,127,24,9878,5446,246,4186,JAWA BARAT
2020-09-03,180,4,58,118,10058,5504,250,4304,JAWA BARAT
2020-09-04,328,2,87,239,10386,5591,252,4543,JAWA BARAT
2020-09-05,188,0,58,130,10574,5649,252,4673,JAWA BARAT
2020-09-06,88,1,48,39,10662,5697,253,4712,JAWA BARAT
2020-09-07,170,5,121,44,10832,5818,258,4756,JAWA BARAT
2020-09-08,273,5,76,192,11105,5894,263,4948,JAWA BARAT
2020-09-09,254,7,69,178,11359,5963,270,5126,JAWA BARAT
2020-09-10,311,1,16,294,11670,5979,271,5420,JAWA BARAT
2020-09-11,228,2,80,146,11898,6059,273,5566,JAWA BARAT
2020-09-12,253,3,301,-51,12151,6360,276,5515,JAWA BARAT
2020-09-13,121,2,126,-7,12272,6486,278,5508,JAWA BARAT
2020-09-14,169,3,176,-10,12441,6662,281,5498,JAWA BARAT
2020-09-15,354,8,223,123,12795,6885,289,5621,JAWA BARAT
2020-09-16,284,1,233,50,13079,7118,290,5671,JAWA BARAT
2020-09-17,320,6,276,38,13399,7394,296,5709,JAWA BARAT
2020-09-18,381,3,205,173,13780,7599,299,5882,JAWA BARAT
2020-09-19,407,0,451,-44,14187,8050,299,5838,JAWA BARAT
2020-09-20,378,7,386,-15,14565,8436,306,5823,JAWA BARAT
2020-09-21,390,4,272,114,14955,8708,310,5937,JAWA BARAT
2020-09-22,497,4,229,264,15452,8937,314,6201,JAWA BARAT
2020-09-23,395,14,168,213,15847,9105,328,6414,JAWA BARAT
2020-09-24,611,12,241,358,16458,9346,340,6772,JAWA BARAT
2020-09-25,374,8,706,-340,16832,10052,348,6432,JAWA BARAT
2020-09-26,335,10,362,-37,17167,10414,358,6395,JAWA BARAT
2020-09-27,402,1,226,175,17569,10640,359,6570,JAWA BARAT
2020-09-28,428,4,304,120,17997,10944,363,6690,JAWA BARAT
2020-09-29,346,12,156,178,18343,11100,375,6868,JAWA BARAT
2020-09-30,433,15,254,164,18776,11354,390,7032,JAWA BARAT
2020-10-01,464,15,165,284,19240,11519,405,7316,JAWA BARAT
2020-10-02,518,13,208,297,19758,11727,418,7613,JAWA BARAT
2020-10-03,328,13,188,127,20086,11915,431,7740,JAWA BARAT
2020-10-04,250,13,127,110,20336,12042,444,7850,JAWA BARAT
2020-10-05,455,16,710,-271,20791,12752,460,7579,JAWA BARAT
2020-10-06,466,16,215,235,21257,12967,476,7814,JAWA BARAT
2020-10-07,631,17,372,242,21888,13339,493,8056,JAWA BARAT
2020-10-08,500,5,271,224,22388,13610,498,8280,JAWA BARAT
2020-10-09,419,1,394,24,22807,14004,499,8304,JAWA BARAT
2020-10-10,226,5,303,-82,23033,14307,504,8222,JAWA BARAT
2020-10-11,195,4,387,-196,23228,14694,508,8026,JAWA BARAT
2020-10-12,223,7,316,-100,23451,15010,515,7926,JAWA BARAT
2020-10-13,494,2,485,7,23945,15495,517,7933,JAWA BARAT
2020-10-14,386,12,489,-115,24331,15984,529,7818,JAWA BARAT
2020-10-15,472,9,300,163,24803,16284,538,7981,JAWA BARAT
2020-10-16,380,1,366,13,25183,16650,539,7994,JAWA BARAT
2020-10-17,390,3,428,-41,25573,17078,542,7953,JAWA BARAT
2020-10-18,225,1,301,-77,25798,17379,543,7876,JAWA BARAT
2020-10-19,439,4,312,123,26237,17691,547,7999,JAWA BARAT
2020-10-20,387,8,209,170,26624,17900,555,8169,JAWA BARAT
2020-10-21,492,11,332,149,27116,18232,566,8318,JAWA BARAT
2020-10-22,601,6,174,421,27717,18406,572,8739,JAWA BARAT
2020-10-23,399,2,275,122,28116,18681,574,8861,JAWA BARAT
2020-10-24,324,3,492,-171,28440,19173,577,8690,JAWA BARAT
2020-10-25,334,1,348,-15,28774,19521,578,8675,JAWA BARAT
2020-10-26,378,13,328,37,29152,19849,591,8712,JAWA BARAT
2020-10-27,335,15,558,-238,29487,20407,606,8474,JAWA BARAT
2020-10-28,346,9,388,-51,29833,20795,615,8423,JAWA BARAT
2020-10-29,338,1,346,-9,30171,21141,616,8414,JAWA BARAT
2020-10-30,283,4,362,-83,30454,21503,620,8331,JAWA BARAT
2020-10-31,365,3,296,66,30819,21799,623,8397,JAWA BARAT
2020-11-01,199,2,481,-284,31018,22280,625,8113,JAWA BARAT
2020-11-02,255,9,301,-55,31273,22581,634,8058,JAWA BARAT
2020-11-03,414,3,327,84,31687,22908,637,8142,JAWA BARAT
2020-11-04,457,3,206,248,32144,23114,640,8390,JAWA BARAT
2020-11-05,531,4,319,208,32675,23433,644,8598,JAWA BARAT
2020-11-06,505,2,357,146,33180,23790,646,8744,JAWA BARAT
2020-11-07,364,2,365,-3,33544,24155,648,8741,JAWA BARAT
2020-11-08,408,3,453,-48,33952,24608,651,8693,JAWA BARAT
2020-11-09,266,4,664,-402,34218,25272,655,8291,JAWA BARAT
2020-11-10,654,7,730,-83,34872,26002,662,8208,JAWA BARAT
2020-11-11,541,3,353,185,35413,26355,665,8393,JAWA BARAT
2020-11-12,650,20,479,151,36063,26834,685,8544,JAWA BARAT
2020-11-13,649,9,320,320,36712,27154,694,8864,JAWA BARAT
2020-11-14,702,4,342,356,37414,27496,698,9220,JAWA BARAT
2020-11-15,360,2,700,-342,37774,28196,700,8878,JAWA BARAT
2020-11-16,503,15,489,-1,38277,28685,715,8877,JAWA BARAT
2020-11-17,710,23,686,1,38987,29371,738,8878,JAWA BARAT
2020-11-18,417,3,685,-271,39404,30056,741,8607,JAWA BARAT
2020-11-19,465,10,478,-23,39869,30534,751,8584,JAWA BARAT
2020-11-20,824,3,149,672,40693,30683,754,9256,JAWA BARAT
2020-11-21,387,5,512,-130,41080,31195,759,9126,JAWA BARAT
2020-11-22,404,4,165,235,41484,31360,763,9361,JAWA BARAT
2020-11-23,575,2,732,-159,42059,32092,765,9202,JAWA BARAT
2020-11-24,405,7,411,-13,42464,32503,772,9189,JAWA BARAT
2020-11-25,648,11,645,-8,43112,33148,783,9181,JAWA BARAT
2020-11-26,676,7,754,-85,43788,33902,790,9096,JAWA BARAT
2020-11-27,600,4,597,-1,44388,34499,794,9095,JAWA BARAT
2020-11-28,401,5,817,-421,44789,35316,799,8674,JAWA BARAT
2020-11-29,281,11,703,-433,45070,36019,810,8241,JAWA BARAT
2020-11-30,407,12,683,-288,45477,36702,822,7953,JAWA BARAT
2020-12-01,793,21,828,-56,46270,37530,843,7897,JAWA BARAT
2020-12-02,594,8,318,268,46864,37848,851,8165,JAWA BARAT
2020-12-03,1403,22,794,587,48267,38642,873,8752,JAWA BARAT
2020-12-04,865,3,783,79,49132,39425,876,8831,JAWA BARAT
2020-12-05,707,3,585,119,49839,40010,879,8950,JAWA BARAT
2020-12-06,1091,10,1004,77,50930,41014,889,9027,JAWA BARAT
2020-12-07,926,13,1002,-89,51856,42016,902,8938,JAWA BARAT
2020-12-08,735,10,488,237,52591,42504,912,9175,JAWA BARAT
2020-12-09,856,20,489,347,53447,42993,932,9522,JAWA BARAT
2020-12-10,783,33,605,145,54230,43598,965,9667,JAWA BARAT
2020-12-11,973,24,681,268,55203,44279,989,9935,JAWA BARAT
2020-12-12,1040,7,724,309,56243,45003,996,10244,JAWA BARAT
2020-12-13,708,8,382,318,56951,45385,1004,10562,JAWA BARAT
2020-12-14,583,15,807,-239,57534,46192,1019,10323,JAWA BARAT
2020-12-15,1135,15,999,121,58669,47191,1034,10444,JAWA BARAT
2020-12-16,1183,11,831,341,59852,48022,1045,10785,JAWA BARAT
2020-12-17,939,15,684,240,60791,48706,1060,11025,JAWA BARAT
2020-12-18,1044,9,825,210,61835,49531,1069,11235,JAWA BARAT
2020-12-19,712,3,703,6,62547,50234,1072,11241,JAWA BARAT
2020-12-20,952,6,945,1,63499,51179,1078,11242,JAWA BARAT
2020-12-21,693,5,693,-5,64192,51872,1083,11237,JAWA BARAT
2020-12-22,866,7,593,266,65058,52465,1090,11503,JAWA BARAT
2020-12-23,629,6,888,-265,65687,53353,1096,11238,JAWA BARAT
2020-12-24,809,15,596,198,66496,53949,1111,11436,JAWA BARAT
2020-12-25,975,4,518,453,67471,54467,1115,11889,JAWA BARAT
2020-12-26,387,5,773,-391,67858,55240,1120,11498,JAWA BARAT
2020-12-27,974,44,999,-69,68832,56239,1164,11429,JAWA BARAT
2020-12-28,426,3,679,-256,69258,56918,1167,11173,JAWA BARAT
2020-12-29,1039,5,984,50,70297,57902,1172,11223,JAWA BARAT
2020-12-30,1003,4,1073,-74,71300,58975,1176,11149,JAWA BARAT
2020-12-31,1003,11,1057,-65,72303,60032,1187,11084,JAWA BARAT
2021-01-01,1080,13,759,308,73383,60791,1200,11392,JAWA BARAT
2021-01-02,960,5,915,40,74343,61706,1205,11432,JAWA BARAT
2021-01-03,733,7,656,70,75076,62362,1212,11502,JAWA BARAT
2021-01-04,985,6,848,131,76061,63210,1218,11633,JAWA BARAT
2021-01-05,971,11,834,126,77032,64044,1229,11759,JAWA BARAT
2021-01-06,992,14,1298,-320,78024,65342,1243,11439,JAWA BARAT
2021-01-07,941,5,911,25,78965,66253,1248,11464,JAWA BARAT
2021-01-08,1399,8,729,662,80364,66982,1256,12126,JAWA BARAT
2021-01-09,1286,8,906,372,81650,67888,1264,12498,JAWA BARAT
2021-01-10,1078,7,787,284,82728,68675,1271,12782,JAWA BARAT
2021-01-11,1036,10,966,60,83764,69641,1281,12842,JAWA BARAT
2021-01-12,1369,15,1029,325,85133,70670,1296,13167,JAWA BARAT
2021-01-13,1169,14,1095,60,86302,71765,1310,13227,JAWA BARAT
2021-01-14,1700,12,684,1004,88002,72449,1322,14231,JAWA BARAT
2021-01-15,1017,9,889,119,89019,73338,1331,14350,JAWA BARAT
2021-01-16,1460,6,411,1043,90479,73749,1337,15393,JAWA BARAT
2021-01-17,1166,9,403,754,91645,74152,1346,16147,JAWA BARAT
2021-01-18,1414,27,869,518,93059,75021,1373,16665,JAWA BARAT
2021-01-19,1456,14,1017,425,94515,76038,1387,17090,JAWA BARAT
2021-01-20,1565,13,1204,348,96080,77242,1400,17438,JAWA BARAT
2021-01-21,1329,61,1334,-66,97409,78576,1461,17372,JAWA BARAT
2021-01-22,2200,12,1339,849,99609,79915,1473,18221,JAWA BARAT
2021-01-23,1362,16,1572,-226,100971,81487,1489,17995,JAWA BARAT
2021-01-24,1912,9,1389,514,102883,82876,1498,18509,JAWA BARAT
2021-01-25,1424,9,1075,340,104307,83951,1507,18849,JAWA BARAT
2021-01-26,3086,14,1801,1271,107393,85752,1521,20120,JAWA BARAT
2021-01-27,2926,91,1213,1622,110319,86965,1612,21742,JAWA BARAT
2021-01-28,3203,132,1971,1100,113522,88936,1744,22842,JAWA BARAT
2021-01-29,2911,8,1662,1241,116433,90598,1752,24083,JAWA BARAT
2021-01-30,3890,21,2266,1603,120323,92864,1773,25686,JAWA BARAT
2021-01-31,2114,52,2061,1,122437,94925,1825,25687,JAWA BARAT
2021-02-01,2423,7,1957,459,124860,96882,1832,26146,JAWA BARAT
2021-02-02,1800,64,1992,-256,126660,98874,1896,25890,JAWA BARAT
2021-02-03,2116,11,1782,323,128776,100656,1907,26213,JAWA BARAT
2021-02-04,1665,13,2047,-395,130441,102703,1920,25818,JAWA BARAT
2021-02-05,1926,28,2363,-465,132367,105066,1948,25353,JAWA BARAT
2021-02-06,3161,7,2211,943,135528,107277,1955,26296,JAWA BARAT
2021-02-07,1802,4,1780,18,137330,109057,1959,26314,JAWA BARAT
2021-02-08,1327,15,2505,-1193,138657,111562,1974,25121,JAWA BARAT
2021-02-09,858,20,1983,-1145,139515,113545,1994,23976,JAWA BARAT
2021-02-10,775,18,1287,-530,140290,114832,2012,23446,JAWA BARAT
2021-02-11,1001,5,1221,-225,141291,116053,2017,23221,JAWA BARAT
2021-02-12,810,8,1451,-649,142101,117504,2025,22572,JAWA BARAT
2021-02-13,1523,6,2036,-519,143624,119540,2031,22053,JAWA BARAT
2021-02-14,825,8,1503,-686,144449,121043,2039,21367,JAWA BARAT
2021-02-15,828,11,927,-110,145277,121970,2050,21257,JAWA BARAT
2021-02-16,3064,12,1569,1483,148341,123539,2062,22740,JAWA BARAT
2021-02-17,3615,3,2163,1449,151956,125702,2065,24189,JAWA BARAT
2021-02-18,2279,8,2664,-393,154235,128366,2073,23796,JAWA BARAT
2021-02-19,1761,26,2175,-440,155996,130541,2099,23356,JAWA BARAT
2021-02-20,1035,7,1113,-85,157031,131654,2106,23271,JAWA BARAT
2021-02-21,782,8,1212,-438,157813,132866,2114,22833,JAWA BARAT
2021-02-22,2238,16,2376,-154,160051,135242,2130,22679,JAWA BARAT
2021-02-23,3663,24,1673,1966,163714,136915,2154,24645,JAWA BARAT
2021-02-24,1850,9,1254,587,165564,138169,2163,25232,JAWA BARAT
2021-02-25,1953,3,1060,890,167517,139229,2166,26122,JAWA BARAT
2021-02-26,1843,9,809,1025,169360,140038,2175,27147,JAWA BARAT
2021-02-27,896,8,742,146,170256,140780,2183,27293,JAWA BARAT
2021-02-28,780,3,589,188,171036,141369,2186,27481,JAWA BARAT
2021-03-01,1154,9,1669,-524,172190,143038,2195,26957,JAWA BARAT
2021-03-02,1173,20,1845,-692,173363,144883,2215,26265,JAWA BARAT
2021-03-03,1028,13,1986,-971,174391,146869,2228,25294,JAWA BARAT
2021-03-04,1298,17,1157,124,175689,148026,2245,25418,JAWA BARAT
2021-03-05,1350,13,1150,187,177039,149176,2258,25605,JAWA BARAT
2021-03-06,984,3,1056,-75,178023,150232,2261,25530,JAWA BARAT
2021-03-07,1192,3,514,675,179215,150746,2264,26205,JAWA BARAT
2021-03-08,1274,53,1670,-449,180489,152416,2317,25756,JAWA BARAT
2021-03-09,1379,40,911,428,181868,153327,2357,26184,JAWA BARAT
2021-03-10,1187,18,1132,37,183055,154459,2375,26221,JAWA BARAT
2021-03-11,694,6,1183,-495,183749,155642,2381,25726,JAWA BARAT
2021-03-12,974,39,1410,-475,184723,157052,2420,25251,JAWA BARAT
2021-03-13,807,3,833,-29,185530,157885,2423,25222,JAWA BARAT
2021-03-14,964,5,759,200,186494,158644,2428,25422,JAWA BARAT
2021-03-15,875,18,1370,-513,187369,160014,2446,24909,JAWA BARAT
2021-03-16,1250,20,1835,-605,188619,161849,2466,24304,JAWA BARAT
2021-03-17,1164,12,1622,-470,189783,163471,2478,23834,JAWA BARAT
2021-03-18,1113,5,1106,2,190896,164577,2483,23836,JAWA BARAT
2021-03-19,1147,12,935,200,192043,165512,2495,24036,JAWA BARAT
2021-03-20,750,6,1471,-727,192793,166983,2501,23309,JAWA BARAT
2021-03-21,464,1,1111,-648,193257,168094,2502,22661,JAWA BARAT
2021-03-22,1117,19,1068,30,194374,169162,2521,22691,JAWA BARAT
2021-03-23,795,9,1289,-503,195169,170451,2530,22188,JAWA BARAT
2021-03-24,863,2,2110,-1249,196032,172561,2532,20939,JAWA BARAT
2021-03-25,935,7,1048,-120,196967,173609,2539,20819,JAWA BARAT
2021-03-26,786,7,1222,-443,197753,174831,2546,20376,JAWA BARAT
2021-03-27,454,82,1027,-655,198207,175858,2628,19721,JAWA BARAT
2021-03-28,471,3,595,-127,198678,176453,2631,19594,JAWA BARAT
2021-03-29,1094,7,987,100,199772,177440,2638,19694,JAWA BARAT
2021-03-30,697,8,747,-58,200469,178187,2646,19636,JAWA BARAT
2021-03-31,739,7,673,59,201208,178860,2653,19695,JAWA BARAT
2021-04-01,835,61,871,-97,202043,179731,2714,19598,JAWA BARAT
2021-04-02,512,1,393,118,202555,180124,2715,19716,JAWA BARAT
2021-04-03,369,4,464,-99,202924,180588,2719,19617,JAWA BARAT
2021-04-04,275,4,255,16,203199,180843,2723,19633,JAWA BARAT
2021-04-05,724,4,626,94,203923,181469,2727,19727,JAWA BARAT
2021-04-06,653,14,639,0,204576,182108,2741,19727,JAWA BARAT
2021-04-07,758,1,607,150,205334,182715,2742,19877,JAWA BARAT
2021-04-08,493,9,1010,-526,205827,183725,2751,19351,JAWA BARAT
2021-04-09,773,14,495,264,206600,184220,2765,19615,JAWA BARAT
2021-04-10,851,6,410,435,207451,184630,2771,20050,JAWA BARAT
2021-04-11,613,4,549,60,208064,185179,2775,20110,JAWA BARAT
2021-04-12,947,22,288,637,209011,185467,2797,20747,JAWA BARAT
2021-04-13,1069,16,813,240,210080,186280,2813,20987,JAWA BARAT
2021-04-14,1243,16,669,558,211323,186949,2829,21545,JAWA BARAT
2021-04-15,1087,29,1113,-55,212410,188062,2858,21490,JAWA BARAT
2021-04-16,778,6,566,206,213188,188628,2864,21696,JAWA BARAT
2021-04-17,723,8,582,133,213911,189210,2872,21829,JAWA BARAT
2021-04-18,692,9,351,332,214603,189561,2881,22161,JAWA BARAT
2021-04-19,1044,12,787,245,215647,190348,2893,22406,JAWA BARAT
2021-04-20,1116,13,462,641,216763,190810,2906,23047,JAWA BARAT
2021-04-21,808,14,1168,-374,217571,191978,2920,22673,JAWA BARAT
2021-04-22,1074,11,619,444,218645,192597,2931,23117,JAWA BARAT
2021-04-23,818,20,849,-51,219463,193446,2951,23066,JAWA BARAT
2021-04-24,596,17,764,-185,220059,194210,2968,22881,JAWA BARAT
2021-04-25,682,9,367,306,220741,194577,2977,23187,JAWA BARAT
2021-04-26,1301,16,721,564,222042,195298,2993,23751,JAWA BARAT
2021-04-27,974,16,668,290,223016,195966,3009,24041,JAWA BARAT
2021-04-28,1059,10,813,236,224075,196779,3019,24277,JAWA BARAT
2021-04-29,903,12,470,421,224978,197249,3031,24698,JAWA BARAT
2021-04-30,893,19,675,199,225871,197924,3050,24897,JAWA BARAT
2021-05-01,615,5,472,138,226486,198396,3055,25035,JAWA BARAT
2021-05-02,580,8,428,144,227066,198824,3063,25179,JAWA BARAT
2021-05-03,921,15,825,81,227987,199649,3078,25260,JAWA BARAT
2021-05-04,736,21,1000,-285,228723,200649,3099,24975,JAWA BARAT
2021-05-05,797,21,1106,-330,229520,201755,3120,24645,JAWA BARAT
2021-05-06,854,5,1219,-370,230374,202974,3125,24275,JAWA BARAT
2021-05-07,1561,22,981,558,231935,203955,3147,24833,JAWA BARAT
2021-05-08,1779,5,1604,170,233714,205559,3152,25003,JAWA BARAT
2021-05-09,408,8,484,-84,234122,206043,3160,24919,JAWA BARAT
2021-05-10,812,10,1781,-979,234934,207824,3170,23940,JAWA BARAT
2021-05-11,1122,14,827,281,236056,208651,3184,24221,JAWA BARAT
2021-05-12,617,18,620,-21,236673,209271,3202,24200,JAWA BARAT
2021-05-13,338,10,514,-186,237011,209785,3212,24014,JAWA BARAT
2021-05-14,479,2,592,-115,237490,210377,3214,23899,JAWA BARAT
2021-05-15,594,7,561,26,238084,210938,3221,23925,JAWA BARAT
2021-05-16,692,3,358,331,238776,211296,3224,24256,JAWA BARAT
2021-05-17,1023,22,985,16,239799,212281,3246,24272,JAWA BARAT
2021-05-18,896,27,1147,-278,240695,213428,3273,23994,JAWA BARAT
2021-05-19,957,8,1135,-186,241652,214563,3281,23808,JAWA BARAT
2021-05-20,1050,12,1018,20,242702,215581,3293,23828,JAWA BARAT
2021-05-21,842,14,1176,-348,243544,216757,3307,23480,JAWA BARAT
2021-05-22,880,13,539,328,244424,217296,3320,23808,JAWA BARAT
2021-05-23,827,5,588,234,245251,217884,3325,24042,JAWA BARAT
2021-05-24,1037,13,968,56,246288,218852,3338,24098,JAWA BARAT
2021-05-25,861,11,769,81,247149,219621,3349,24179,JAWA BARAT
2021-05-26,598,12,533,53,247747,220154,3361,24232,JAWA BARAT
2021-05-27,1010,18,826,166,248757,220980,3379,24398,JAWA BARAT
2021-05-28,934,15,750,169,249691,221730,3394,24567,JAWA BARAT
2021-05-29,800,8,767,25,250491,222497,3402,24592,JAWA BARAT
2021-05-30,603,11,422,170,251094,222919,3413,24762,JAWA BARAT
2021-05-31,946,20,1013,-87,252040,223932,3433,24675,JAWA BARAT
2021-06-01,757,10,1682,-935,252797,225614,3443,23740,JAWA BARAT
2021-06-02,704,13,2241,-1550,253501,227855,3456,22190,JAWA BARAT
2021-06-03,963,19,6124,-5180,254464,233979,3475,17010,JAWA BARAT
2021-06-04,836,16,1384,-564,255300,235363,3491,16446,JAWA BARAT
2021-06-05,833,17,592,224,256133,235955,3508,16670,JAWA BARAT
2021-06-06,767,10,313,444,256900,236268,3518,17114,JAWA BARAT
2021-06-07,1371,19,780,572,258271,237048,3537,17686,JAWA BARAT
2021-06-08,913,20,834,59,259184,237882,3557,17745,JAWA BARAT
2021-06-09,1178,9,674,495,260362,238556,3566,18240,JAWA BARAT
2021-06-10,1108,14,1020,74,261470,239576,3580,18314,JAWA BARAT
2021-06-11,1055,14,1218,-177,262525,240794,3594,18137,JAWA BARAT
2021-06-12,788,13,657,118,263313,241451,3607,18255,JAWA BARAT
2021-06-13,1095,10,590,495,264408,242041,3617,18750,JAWA BARAT
2021-06-14,1201,11,1425,-235,265609,243466,3628,18515,JAWA BARAT
2021-06-15,1606,9,1018,579,267215,244484,3637,19094,JAWA BARAT
2021-06-16,2179,17,1302,860,269394,245786,3654,19954,JAWA BARAT
2021-06-17,2079,13,914,1152,271473,246700,3667,21106,JAWA BARAT
2021-06-18,2457,43,1110,1304,273930,247810,3710,22410,JAWA BARAT
2021-06-19,1565,16,911,638,275495,248721,3726,23048,JAWA BARAT
2021-06-20,1838,49,889,900,277333,249610,3775,23948,JAWA BARAT
2021-06-21,2468,26,1164,1278,279801,250774,3801,25226,JAWA BARAT
2021-06-22,2636,64,975,1597,282437,251749,3865,26823,JAWA BARAT
2021-06-23,2439,31,1034,1374,284876,252783,3896,28197,JAWA BARAT
2021-06-24,2578,72,1275,1231,287454,254058,3968,29428,JAWA BARAT
2021-06-25,3180,82,1244,1854,290634,255302,4050,31282,JAWA BARAT
2021-06-26,3125,71,1198,1856,293759,256500,4121,33138,JAWA BARAT
2021-06-27,3629,86,1250,2293,297388,257750,4207,35431,JAWA BARAT
2021-06-28,3544,76,1271,2197,300932,259021,4283,37628,JAWA BARAT
2021-06-29,3411,98,1313,2000,304343,260334,4381,39628,JAWA BARAT
2021-06-30,3664,74,2072,1518,308007,262406,4455,41146,JAWA BARAT
2021-07-01,4199,65,1375,2759,312206,263781,4520,43905,JAWA BARAT
2021-07-02,4412,49,1796,2567,316618,265577,4569,46472,JAWA BARAT
2021-07-03,4543,46,2201,2296,321161,267778,4615,48768,JAWA BARAT
2021-07-04,4057,61,2011,1985,325218,269789,4676,50753,JAWA BARAT
2021-07-05,5360,44,1688,3628,330578,271477,4720,54381,JAWA BARAT
2021-07-06,5660,42,3533,2085,336238,275010,4762,56466,JAWA BARAT
2021-07-07,6852,66,3475,3311,343090,278485,4828,59777,JAWA BARAT
2021-07-08,5614,105,3017,2492,348704,281502,4933,62269,JAWA BARAT
2021-07-09,6071,124,4312,1635,354775,285814,5057,63904,JAWA BARAT
2021-07-10,4032,142,3600,290,358807,289414,5199,64194,JAWA BARAT
2021-07-11,5740,217,3258,2265,364547,292672,5416,66459,JAWA BARAT
2021-07-12,6219,145,3941,2133,370766,296613,5561,68592,JAWA BARAT
2021-07-13,5910,110,3611,2189,376676,300224,5671,70781,JAWA BARAT
2021-07-14,7745,111,3830,3804,384421,304054,5782,74585,JAWA BARAT
2021-07-15,8465,71,4357,4037,392886,308411,5853,78622,JAWA BARAT
2021-07-16,8547,94,6366,2087,401433,314777,5947,80709,JAWA BARAT
2021-07-17,7397,73,4342,2982,408830,319119,6020,83691,JAWA BARAT
2021-07-18,6244,76,3475,2693,415074,322594,6096,86384,JAWA BARAT
2021-07-19,6128,63,4590,1475,421202,327184,6159,87859,JAWA BARAT
2021-07-20,5817,55,2680,3082,427019,329864,6214,90941,JAWA BARAT
2021-07-21,4637,63,4616,-42,431656,334480,6277,90899,JAWA BARAT
2021-07-22,8517,117,5787,2613,440173,340267,6394,93512,JAWA BARAT
2021-07-23,6555,123,5649,783,446728,345916,6517,94295,JAWA BARAT
2021-07-24,5638,100,5373,165,452366,351289,6617,94460,JAWA BARAT
2021-07-25,3764,103,4198,-537,456130,355487,6720,93923,JAWA BARAT
2021-07-26,3226,181,3996,-951,459356,359483,6901,92972,JAWA BARAT
2021-07-27,6044,252,7667,-1875,465400,367150,7153,91097,JAWA BARAT
2021-07-28,5566,169,6213,-816,470966,373363,7322,90281,JAWA BARAT
2021-07-29,5458,167,5965,-674,476424,379328,7489,89607,JAWA BARAT
2021-07-30,5139,66,5470,-397,481563,384798,7555,89210,JAWA BARAT
2021-07-31,3060,138,5214,-2292,484623,390012,7693,86918,JAWA BARAT
2021-08-01,2004,150,2692,-838,486627,392704,7843,86080,JAWA BARAT
2021-08-02,1695,94,4679,-3078,488322,397383,7937,83002,JAWA BARAT
2021-08-03,3031,114,3865,-948,491353,401248,8051,82054,JAWA BARAT
2021-08-04,3008,108,3606,-706,494361,404854,8159,81348,JAWA BARAT
2021-08-05,4436,128,6469,-2161,498797,411323,8287,79187,JAWA BARAT
2021-08-06,4121,77,5787,-1743,502918,417110,8364,77444,JAWA BARAT
2021-08-07,3134,57,3438,-361,506052,420548,8421,77083,JAWA BARAT
2021-08-08,2267,47,14885,-12665,508319,435433,8468,64418,JAWA BARAT
2021-08-09,2260,91,6439,-4270,510579,441872,8559,60148,JAWA BARAT
2021-08-10,3020,383,5058,-2421,513599,446930,8942,57727,JAWA BARAT
2021-08-11,2890,90,6169,-3369,516489,453099,9032,54358,JAWA BARAT
2021-08-12,1902,62,3303,-1463,518391,456402,9094,52895,JAWA BARAT
2021-08-13,2539,43,6193,-3697,520930,462595,9137,49198,JAWA BARAT
2021-08-14,1964,27,1819,118,522894,464414,9164,49316,JAWA BARAT
2021-08-15,1043,39,1640,-636,523937,466054,9203,48680,JAWA BARAT
2021-08-16,1512,41,2784,-1313,525449,468838,9244,47367,JAWA BARAT
2021-08-17,1455,62,2731,-1338,526904,471569,9306,46029,JAWA BARAT
2021-08-18,1083,31,2918,-1866,527987,474487,9337,44163,JAWA BARAT
2021-08-19,2884,178,4738,-2032,530871,479225,9515,42131,JAWA BARAT
2021-08-20,2123,217,2037,-131,532994,481262,9732,42000,JAWA BARAT
2021-08-21,1387,274,1506,-393,534381,482768,10006,41607,JAWA BARAT
2021-08-22,969,47,1463,-541,535350,484231,10053,41066,JAWA BARAT
2021-08-23,1188,28,1313,-153,536538,485544,10081,40913,JAWA BARAT
2021-08-24,4228,257,11386,-7415,540766,496930,10338,33498,JAWA BARAT
2021-08-25,4396,216,10756,-6576,545162,507686,10554,26922,JAWA BARAT
2021-08-26,4010,198,8306,-4494,549172,515992,10752,22428,JAWA BARAT
2021-08-27,1082,22,2037,-977,550254,518029,10774,21451,JAWA BARAT
2021-08-28,788,22,1332,-566,551042,519361,10796,20885,JAWA BARAT
2021-08-29,498,9,1275,-786,551540,520636,10805,20099,JAWA BARAT
2021-08-30,403,39,2102,-1738,551943,522738,10844,18361,JAWA BARAT
2021-08-31,915,26,1839,-950,552858,524577,10870,17411,JAWA BARAT
2021-09-01,1027,43,1422,-438,553885,525999,10913,16973,JAWA BARAT
2021-09-02,644,38,3912,-3306,554529,529911,10951,13667,JAWA BARAT
2021-09-03,697,80,1935,-1318,555226,531846,11031,12349,JAWA BARAT
2021-09-04,422,103,2021,-1702,555648,533867,11134,10647,JAWA BARAT
2021-09-05,291,10,691,-410,555939,534558,11144,10237,JAWA BARAT
2021-09-06,344,143,1381,-1180,556283,535939,11287,9057,JAWA BARAT
2021-09-07,628,203,2270,-1845,556911,538209,11490,7212,JAWA BARAT
2021-09-08,565,153,794,-382,557476,539003,11643,6830,JAWA BARAT
2021-09-09,432,13,586,-167,557908,539589,11656,6663,JAWA BARAT
2021-09-10,430,6,746,-322,558338,540335,11662,6341,JAWA BARAT
2021-09-11,355,5,239,111,558693,540574,11667,6452,JAWA BARAT
2021-09-12,458,2,807,-351,559151,541381,11669,6101,JAWA BARAT
2021-09-13,171,6,586,-421,559322,541967,11675,5680,JAWA BARAT
2021-09-14,263,13,525,-275,559585,542492,11688,5405,JAWA BARAT
2021-09-15,308,19,800,-511,559893,543292,11707,4894,JAWA BARAT
2021-09-16,284,8,611,-335,560177,543903,11715,4559,JAWA BARAT
2021-09-17,268,6,325,-63,560445,544228,11721,4496,JAWA BARAT
2021-09-18,200,4,358,-162,560645,544586,11725,4334,JAWA BARAT
2021-09-19,134,5,511,-382,560779,545097,11730,3952,JAWA BARAT
2021-09-20,95,10,373,-288,560874,545470,11740,3664,JAWA BARAT
2021-09-21,222,6,463,-247,561096,545933,11746,3417,JAWA BARAT
2021-09-22,172,11,345,-184,561268,546278,11757,3233,JAWA BARAT
2021-09-23,190,12,303,-125,561458,546581,11769,3108,JAWA BARAT
2021-09-24,159,11,270,-122,561617,546851,11780,2986,JAWA BARAT
2021-09-25,155,2,176,-23,561772,547027,11782,2963,JAWA BARAT
2021-09-26,131,6,239,-114,561903,547266,11788,2849,JAWA BARAT
2021-09-27,119,6,351,-238,562022,547617,11794,2611,JAWA BARAT
2021-09-28,165,5,193,-33,562187,547810,11799,2578,JAWA BARAT
2021-09-29,156,4,272,-120,562343,548082,11803,2458,JAWA BARAT
2021-09-30,134,9,230,-105,562477,548312,11812,2353,JAWA BARAT
2021-10-01,95,1,141,-47,562572,548453,11813,2306,JAWA BARAT
2021-10-02,114,1,138,-25,562686,548591,11814,2281,JAWA BARAT
2021-10-03,79,2,191,-114,562765,548782,11816,2167,JAWA BARAT
2021-10-04,52,5,389,-342,562817,549171,11821,1825,JAWA BARAT
2021-10-05,84,3,205,-124,562901,549376,11824,1701,JAWA BARAT
2021-10-06,87,2,115,-30,562988,549491,11826,1671,JAWA BARAT
2021-10-07,87,5,91,-9,563075,549582,11831,1662,JAWA BARAT
2021-10-08,81,0,105,-24,563156,549687,11831,1638,JAWA BARAT
2021-10-09,89,1,101,-13,563245,549788,11832,1625,JAWA BARAT
2021-10-10,46,2,78,-34,563291,549866,11834,1591,JAWA BARAT
2021-10-11,57,4,118,-65,563348,549984,11838,1526,JAWA BARAT
2021-10-12,102,2,131,-31,563450,550115,11840,1495,JAWA BARAT
2021-10-13,79,1,177,-99,563529,550292,11841,1396,JAWA BARAT
2021-10-14,81,0,100,-19,563610,550392,11841,1377,JAWA BARAT
2021-10-15,71,0,82,-11,563681,550474,11841,1366,JAWA BARAT
2021-10-16,81,1,63,17,563762,550537,11842,1383,JAWA BARAT
2021-10-17,61,0,67,-6,563823,550604,11842,1377,JAWA BARAT
2021-10-18,59,2,124,-67,563882,550728,11844,1310,JAWA BARAT
2021-10-19,80,3,201,-124,563962,550929,11847,1186,JAWA BARAT
2021-10-20,104,3,93,8,564066,551022,11850,1194,JAWA BARAT
2021-10-21,32,1,159,-128,564098,551181,11851,1066,JAWA BARAT
2021-10-22,109,4,142,-37,564207,551323,11855,1029,JAWA BARAT
2021-10-23,60,0,52,8,564267,551375,11855,1037,JAWA BARAT
2021-10-24,62,2,39,21,564329,551414,11857,1058,JAWA BARAT
2021-10-25,52,2,139,-89,564381,551553,11859,969,JAWA BARAT
2021-10-26,62,0,55,7,564443,551608,11859,976,JAWA BARAT
2021-10-27,74,3,75,-4,564517,551683,11862,972,JAWA BARAT
2021-10-28,96,3,82,11,564613,551765,11865,983,JAWA BARAT
2021-10-29,124,2,64,58,564737,551829,11867,1041,JAWA BARAT
2021-10-30,118,0,25,93,564855,551854,11867,1134,JAWA BARAT
2021-10-31,82,1,43,38,564937,551897,11868,1172,JAWA BARAT
2021-11-01,33,0,87,-54,564970,551984,11868,1118,JAWA BARAT
2021-11-02,62,6,47,9,565032,552031,11874,1127,JAWA BARAT
2021-11-03,140,1,55,84,565172,552086,11875,1211,JAWA BARAT
2021-11-04,125,0,106,19,565297,552192,11875,1230,JAWA BARAT
2021-11-05,71,2,53,16,565368,552245,11877,1246,JAWA BARAT
2021-11-06,51,0,13,38,565419,552258,11877,1284,JAWA BARAT
2021-11-07,79,0,90,-11,565498,552348,11877,1273,JAWA BARAT
2021-11-08,19,1,93,-75,565517,552441,11878,1198,JAWA BARAT
2021-11-09,52,1,60,-9,565569,552501,11879,1189,JAWA BARAT
2021-11-10,58,2,40,16,565627,552541,11881,1205,JAWA BARAT
2021-11-11,36,1,23,12,565663,552564,11882,1217,JAWA BARAT
2021-11-12,47,1,65,-19,565710,552629,11883,1198,JAWA BARAT
2021-11-13,42,2,55,-15,565752,552684,11885,1183,JAWA BARAT
2021-11-14,18,2,29,-13,565770,552713,11887,1170,JAWA BARAT
2021-11-15,20,0,235,-215,565790,552948,11887,955,JAWA BARAT
2021-11-16,41,2,78,-39,565831,553026,11889,916,JAWA BARAT
2021-11-17,128,1,58,69,565959,553084,11890,985,JAWA BARAT
2021-11-18,42,2,54,-14,566001,553138,11892,971,JAWA BARAT
2021-11-19,53,1,161,-109,566054,553299,11893,862,JAWA BARAT
2021-11-20,33,0,16,17,566087,553315,11893,879,JAWA BARAT
2021-11-21,26,1,20,5,566113,553335,11894,884,JAWA BARAT
2021-11-22,27,0,67,-40,566140,553402,11894,844,JAWA BARAT
2021-11-23,48,0,125,-77,566188,553527,11894,767,JAWA BARAT
2021-11-24,70,2,61,7,566258,553588,11896,774,JAWA BARAT
2021-11-25,35,0,42,-7,566293,553630,11896,767,JAWA BARAT
2021-11-26,76,0,24,52,566369,553654,11896,819,JAWA BARAT
2021-11-27,35,0,24,11,566404,553678,11896,830,JAWA BARAT
2021-11-28,21,0,20,1,566425,553698,11896,831,JAWA BARAT
2021-11-29,26,2,81,-57,566451,553779,11898,774,JAWA BARAT
2021-11-30,53,3,43,7,566504,553822,11901,781,JAWA BARAT
2021-12-01,49,0,59,-10,566553,553881,11901,771,JAWA BARAT
2021-12-02,61,0,46,15,566614,553927,11901,786,JAWA BARAT
2021-12-03,23,0,33,-10,566637,553960,11901,776,JAWA BARAT
2021-12-04,42,0,48,-6,566679,554008,11901,770,JAWA BARAT
2021-12-05,23,0,53,-30,566702,554061,11901,740,JAWA BARAT
2021-12-06,19,1,70,-52,566721,554131,11902,688,JAWA BARAT
2021-12-07,53,2,76,-25,566774,554207,11904,663,JAWA BARAT
2021-12-08,51,1,61,-11,566825,554268,11905,652,JAWA BARAT
2021-12-09,38,0,29,9,566863,554297,11905,661,JAWA BARAT
2021-12-10,37,0,31,6,566900,554328,11905,667,JAWA BARAT
2021-12-11,31,0,18,13,566931,554346,11905,680,JAWA BARAT
2021-12-12,17,1,7,9,566948,554353,11906,689,JAWA BARAT
2021-12-13,11,1,48,-38,566959,554401,11907,651,JAWA BARAT
2021-12-14,32,3,65,-36,566991,554466,11910,615,JAWA BARAT
2021-12-15,44,0,45,-1,567035,554511,11910,614,JAWA BARAT
2021-12-16,31,0,32,-1,567066,554543,11910,613,JAWA BARAT
2021-12-17,42,0,38,4,567108,554581,11910,617,JAWA BARAT
2021-12-18,36,1,29,6,567144,554610,11911,623,JAWA BARAT
2021-12-19,26,0,10,16,567170,554620,11911,639,JAWA BARAT
2021-12-20,16,0,51,-35,567186,554671,11911,604,JAWA BARAT
2021-12-21,29,1,42,-14,567215,554713,11912,590,JAWA BARAT
2021-12-22,14,0,54,-40,567229,554767,11912,550,JAWA BARAT
2021-12-23,16,0,40,-24,567245,554807,11912,526,JAWA BARAT
2021-12-24,16,0,18,-2,567261,554825,11912,524,JAWA BARAT
2021-12-25,13,0,17,-4,567274,554842,11912,520,JAWA BARAT
2021-12-26,7,0,30,-23,567281,554872,11912,497,JAWA BARAT
2021-12-27,5,2,41,-38,567286,554913,11914,459,JAWA BARAT
2021-12-28,15,0,18,-3,567301,554931,11914,456,JAWA BARAT
2021-12-29,31,2,38,-9,567332,554969,11916,447,JAWA BARAT
2021-12-30,11,0,17,-6,567343,554986,11916,441,JAWA BARAT
2021-12-31,16,0,39,-23,567359,555025,11916,418,JAWA BARAT
2022-01-01,18,0,10,8,567377,555035,11916,426,JAWA BARAT
2022-01-02,8,0,30,-22,567385,555065,11916,404,JAWA BARAT
2022-01-03,8,0,11,-3,567393,555076,11916,401,JAWA BARAT
2022-01-04,26,0,17,9,567419,555093,11916,410,JAWA BARAT
2022-01-05,20,0,19,1,567439,555112,11916,411,JAWA BARAT
2022-01-06,20,0,21,-1,567459,555133,11916,410,JAWA BARAT
2022-01-07,27,0,17,10,567486,555150,11916,420,JAWA BARAT
2022-01-08,21,0,13,8,567507,555163,11916,428,JAWA BARAT
2022-01-09,18,0,25,-7,567525,555188,11916,421,JAWA BARAT
2022-01-10,23,1,29,-7,567548,555217,11917,414,JAWA BARAT
2022-01-11,53,1,15,37,567601,555232,11918,451,JAWA BARAT
2022-01-12,54,1,21,32,567655,555253,11919,483,JAWA BARAT
2022-01-13,69,0,8,61,567724,555261,11919,544,JAWA BARAT
2022-01-14,82,2,9,71,567806,555270,11921,615,JAWA BARAT
2022-01-15,85,0,15,70,567891,555285,11921,685,JAWA BARAT
2022-01-16,72,0,14,58,567963,555299,11921,743,JAWA BARAT
2022-01-17,69,0,13,56,568032,555312,11921,799,JAWA BARAT
2022-01-18,230,1,31,198,568262,555343,11922,997,JAWA BARAT
2022-01-19,253,1,22,230,568515,555365,11923,1227,JAWA BARAT
2022-01-20,326,1,21,304,568841,555386,11924,1531,JAWA BARAT
2022-01-21,395,0,33,362,569236,555419,11924,1893,JAWA BARAT
2022-01-22,496,0,21,475,569732,555440,11924,2368,JAWA BARAT
2022-01-23,390,3,27,360,570122,555467,11927,2728,JAWA BARAT
2022-01-24,327,0,44,283,570449,555511,11927,3011,JAWA BARAT
2022-01-25,986,1,79,906,571435,555590,11928,3917,JAWA BARAT
2022-01-26,1304,1,543,760,572739,556133,11929,4677,JAWA BARAT
2022-01-27,1407,1,17,1389,574146,556150,11930,6066,JAWA BARAT
2022-01-28,1854,0,130,1724,576000,556280,11930,7790,JAWA BARAT
2022-01-29,2022,0,355,1667,578022,556635,11930,9457,JAWA BARAT
2022-01-30,2068,1,423,1644,580090,557058,11931,11101,JAWA BARAT
2022-01-31,1663,2,441,1220,581753,557499,11933,12321,JAWA BARAT
2022-02-01,3438,4,708,2726,585191,558207,11937,15047,JAWA BARAT
2022-02-02,3008,1,133,2874,588199,558340,11938,17921,JAWA BARAT
2022-02-03,5824,2,176,5646,594023,558516,11940,23567,JAWA BARAT
2022-02-04,6232,2,137,6093,600255,558653,11942,29660,JAWA BARAT
2022-02-05,6419,1,191,6227,606674,558844,11943,35887,JAWA BARAT
2022-02-06,6111,2,358,5751,612785,559202,11945,41638,JAWA BARAT
2022-02-07,4037,4,493,3540,616822,559695,11949,45178,JAWA BARAT
2022-02-08,7235,3,997,6235,624057,560692,11952,51413,JAWA BARAT
2022-02-09,8914,7,221,8686,632971,560913,11959,60099,JAWA BARAT
2022-02-10,7558,4,1901,5653,640529,562814,11963,65752,JAWA BARAT
2022-02-11,7189,5,1261,5923,647718,564075,11968,71675,JAWA BARAT
2022-02-12,11327,5,1464,9858,659045,565539,11973,81533,JAWA BARAT
2022-02-13,8021,4,997,7020,667066,566536,11977,88553,JAWA BARAT
2022-02-14,6672,3,1700,4969,673738,568236,11980,93522,JAWA BARAT
2022-02-15,11274,10,4594,6670,685012,572830,11990,100192,JAWA BARAT
2022-02-16,12127,13,4368,7746,697139,577198,12003,107938,JAWA BARAT
2022-02-17,13027,11,2488,10528,710166,579686,12014,118466,JAWA BARAT
2022-02-18,11062,11,3466,7585,721228,583152,12025,126051,JAWA BARAT
2022-02-19,10094,12,5860,4222,731322,589012,12037,130273,JAWA BARAT
2022-02-20,8296,9,3321,4966,739618,592333,12046,135239,JAWA BARAT
2022-02-21,6552,8,5577,967,746170,597910,12054,136206,JAWA BARAT
2022-02-22,10961,17,4768,6176,757131,602678,12071,142382,JAWA BARAT
2022-02-23,11280,22,7744,3514,768411,610422,12093,145896,JAWA BARAT
2022-02-24,10402,21,5405,4976,778813,615827,12114,150872,JAWA BARAT
2022-02-25,8811,18,8503,290,787624,624330,12132,151162,JAWA BARAT
2022-02-26,7819,22,9873,-2076,795443,634203,12154,149086,JAWA BARAT
2022-02-27,5138,11,4376,751,800581,638579,12165,149837,JAWA BARAT
2022-02-28,2999,14,4703,-1718,803580,643282,12179,148119,JAWA BARAT
2022-03-01,3684,29,5848,-2193,807264,649130,12208,145926,JAWA BARAT
2022-03-02,6838,31,10568,-3761,814102,659698,12239,142165,JAWA BARAT
2022-03-03,6080,22,8604,-2546,820182,668302,12261,139619,JAWA BARAT
2022-03-04,4238,20,4357,-139,824420,672659,12281,139480,JAWA BARAT
2022-03-05,5359,22,12975,-7638,829779,685634,12303,131842,JAWA BARAT
2022-03-06,4009,18,14827,-10836,833788,700461,12321,121006,JAWA BARAT
2022-03-07,3478,19,16671,-13212,837266,717132,12340,107794,JAWA BARAT
2022-03-08,5714,19,17624,-11929,842980,734756,12359,95865,JAWA BARAT
2022-03-09,4448,21,4969,-542,847428,739725,12380,95323,JAWA BARAT
2022-03-10,3670,22,10618,-6970,851098,750343,12402,88353,JAWA BARAT
2022-03-11,3012,23,9526,-6537,854110,759869,12425,81816,JAWA BARAT
2022-03-12,2636,9,8103,-5476,856746,767972,12434,76340,JAWA BARAT
2022-03-13,1901,14,3264,-1377,858647,771236,12448,74963,JAWA BARAT
2022-03-14,1459,20,7577,-6138,860106,778813,12468,68825,JAWA BARAT
2022-03-15,2480,20,5794,-3334,862586,784607,12488,65491,JAWA BARAT
2022-03-16,2177,17,7723,-5563,864763,792330,12505,59928,JAWA BARAT
2022-03-17,1996,15,6818,-4837,866759,799148,12520,55091,JAWA BARAT
2022-03-18,1723,10,6347,-4634,868482,805495,12530,50457,JAWA BARAT
2022-03-19,1357,12,6739,-5394,869839,812234,12542,45063,JAWA BARAT
2022-03-20,881,9,2760,-1888,870720,814994,12551,43175,JAWA BARAT
2022-03-21,801,13,4586,-3798,871521,819580,12564,39377,JAWA BARAT
2022-03-22,1382,14,3949,-2581,872903,823529,12578,36796,JAWA BARAT
2022-03-23,995,14,5697,-4716,873898,829226,12592,32080,JAWA BARAT
2022-03-24,981,8,2271,-1298,874879,831497,12600,30782,JAWA BARAT
2022-03-25,899,11,2436,-1548,875778,833933,12611,29234,JAWA BARAT
2022-03-26,700,3,1814,-1117,876478,835747,12614,28117,JAWA BARAT
2022-03-27,550,2,1089,-541,877028,836836,12616,27576,JAWA BARAT
2022-03-28,523,6,2499,-1982,877551,839335,12622,25594,JAWA BARAT
2022-03-29,741,9,2655,-1923,878292,841990,12631,23671,JAWA BARAT
2022-03-30,659,6,1058,-405,878951,843048,12637,23266,JAWA BARAT
2022-03-31,549,3,1338,-792,879500,844386,12640,22474,JAWA BARAT
2022-04-01,513,7,1863,-1357,880013,846249,12647,21117,JAWA BARAT
2022-04-02,357,5,609,-257,880370,846858,12652,20860,JAWA BARAT
2022-04-03,271,3,602,-334,880641,847460,12655,20526,JAWA BARAT
2022-04-04,221,5,1991,-1775,880862,849451,12660,18751,JAWA BARAT
2022-04-05,330,5,1728,-1403,881192,851179,12665,17348,JAWA BARAT
2022-04-06,359,10,1595,-1246,881551,852774,12675,16102,JAWA BARAT
2022-04-07,300,1,1902,-1603,881851,854676,12676,14499,JAWA BARAT
2022-04-08,272,3,320,-51,882123,854996,12679,14448,JAWA BARAT
2022-04-09,225,2,801,-578,882348,855797,12681,13870,JAWA BARAT
2022-04-10,180,0,322,-142,882528,856119,12681,13728,JAWA BARAT
2022-04-11,276,8,611,-343,882804,856730,12689,13385,JAWA BARAT
2022-04-12,247,3,475,-231,883051,857205,12692,13154,JAWA BARAT
2022-04-13,200,0,930,-730,883251,858135,12692,12424,JAWA BARAT
2022-04-14,185,8,567,-390,883436,858702,12700,12034,JAWA BARAT
2022-04-15,178,4,146,28,883614,858848,12704,12062,JAWA BARAT
2022-04-16,77,0,325,-248,883691,859173,12704,11814,JAWA BARAT
2022-04-17,89,4,304,-219,883780,859477,12708,11595,JAWA BARAT
2022-04-18,97,2,515,-420,883877,859992,12710,11175,JAWA BARAT
2022-04-19,175,7,288,-120,884052,860280,12717,11055,JAWA BARAT
2022-04-20,135,3,330,-198,884187,860610,12720,10857,JAWA BARAT
2022-04-21,113,4,1605,-1496,884300,862215,12724,9361,JAWA BARAT
2022-04-22,95,2,785,-692,884395,863000,12726,8669,JAWA BARAT
2022-04-23,66,2,758,-694,884461,863758,12728,7975,JAWA BARAT
2022-04-24,51,8,995,-952,884512,864753,12736,7023,JAWA BARAT
2022-04-25,43,2,2647,-2606,884555,867400,12738,4417,JAWA BARAT
2022-04-26,88,1,2633,-2546,884643,870033,12739,1871,JAWA BARAT
2022-04-27,64,6,163,-105,884707,870196,12745,1766,JAWA BARAT
2022-04-28,55,1,137,-83,884762,870333,12746,1683,JAWA BARAT
2022-04-29,58,3,60,-5,884820,870393,12749,1678,JAWA BARAT
2022-04-30,39,1,85,-47,884859,870478,12750,1631,JAWA BARAT
2022-05-01,32,1,185,-154,884891,870663,12751,1477,JAWA BARAT
2022-05-02,15,2,40,-27,884906,870703,12753,1450,JAWA BARAT
2022-05-03,16,0,111,-95,884922,870814,12753,1355,JAWA BARAT
2022-05-04,17,0,15,2,884939,870829,12753,1357,JAWA BARAT
2022-05-05,24,1,49,-26,884963,870878,12754,1331,JAWA BARAT
2022-05-06,27,0,30,-3,884990,870908,12754,1328,JAWA BARAT
2022-05-07,24,2,26,-4,885014,870934,12756,1324,JAWA BARAT
2022-05-08,36,0,61,-25,885050,870995,12756,1299,JAWA BARAT
2022-05-09,26,1,29,-4,885076,871024,12757,1295,JAWA BARAT
2022-05-10,81,5,184,-108,885157,871208,12762,1187,JAWA BARAT
2022-05-11,45,0,47,-2,885202,871255,12762,1185,JAWA BARAT
2022-05-12,39,3,54,-18,885241,871309,12765,1167,JAWA BARAT
2022-05-13,57,1,19,37,885298,871328,12766,1204,JAWA BARAT
2022-05-14,34,1,17,16,885332,871345,12767,1220,JAWA BARAT
2022-05-15,28,1,122,-95,885360,871467,12768,1125,JAWA BARAT
2022-05-16,11,1,26,-16,885371,871493,12769,1109,JAWA BARAT
2022-05-17,34,5,623,-594,885405,872116,12774,515,JAWA BARAT
2022-05-18,31,2,98,-69,885436,872214,12776,446,JAWA BARAT
2022-05-19,38,2,40,-4,885474,872254,12778,442,JAWA BARAT
2022-05-20,25,0,47,-22,885499,872301,12778,420,JAWA BARAT
2022-05-21,26,2,26,-2,885525,872327,12780,418,JAWA BARAT
2022-05-22,15,0,13,2,885540,872340,12780,420,JAWA BARAT
2022-05-23,23,1,96,-74,885563,872436,12781,346,JAWA BARAT
2022-05-24,38,2,53,-17,885601,872489,12783,329,JAWA BARAT
2022-05-25,38,0,46,-8,885639,872535,12783,321,JAWA BARAT
2022-05-26,27,0,15,12,885666,872550,12783,333,JAWA BARAT
2022-05-27,27,1,28,-2,885693,872578,12784,331,JAWA BARAT
2022-05-28,30,0,25,5,885723,872603,12784,336,JAWA BARAT
2022-05-29,40,0,33,7,885763,872636,12784,343,JAWA BARAT
2022-05-30,27,3,27,-3,885790,872663,12787,340,JAWA BARAT
2022-05-31,51,1,24,26,885841,872687,12788,366,JAWA BARAT
2022-06-01,31,0,23,8,885872,872710,12788,374,JAWA BARAT
2022-06-02,22,1,56,-35,885894,872766,12789,339,JAWA BARAT
2022-06-03,36,0,22,14,885930,872788,12789,353,JAWA BARAT
2022-06-04,44,0,19,25,885974,872807,12789,378,JAWA BARAT
2022-06-05,49,1,12,36,886023,872819,12790,414,JAWA BARAT
2022-06-06,41,1,31,9,886064,872850,12791,423,JAWA BARAT
2022-06-07,63,0,33,30,886127,872883,12791,453,JAWA BARAT
2022-06-08,68,0,39,29,886195,872922,12791,482,JAWA BARAT
2022-06-09,64,1,23,40,886259,872945,12792,522,JAWA BARAT
2022-06-10,82,0,28,54,886341,872973,12792,576,JAWA BARAT
2022-06-11,78,1,21,56,886419,872994,12793,632,JAWA BARAT
2022-06-12,60,0,17,43,886479,873011,12793,675,JAWA BARAT
2022-06-13,60,3,30,27,886539,873041,12796,702,JAWA BARAT
2022-06-14,135,0,55,80,886674,873096,12796,782,JAWA BARAT
2022-06-15,161,1,109,51,886835,873205,12797,833,JAWA BARAT
2022-06-16,127,1,50,76,886962,873255,12798,909,JAWA BARAT
2022-06-17,166,1,45,120,887128,873300,12799,1029,JAWA BARAT
2022-06-18,157,1,52,104,887285,873352,12800,1133,JAWA BARAT
2022-06-19,125,0,48,77,887410,873400,12800,1210,JAWA BARAT
2022-06-20,148,1,72,75,887558,873472,12801,1285,JAWA BARAT
2022-06-21,230,0,73,157,887788,873545,12801,1442,JAWA BARAT
2022-06-22,236,0,98,138,888024,873643,12801,1580,JAWA BARAT
2022-06-23,274,1,109,164,888298,873752,12802,1744,JAWA BARAT
2022-06-24,259,0,89,170,888557,873841,12802,1914,JAWA BARAT
2022-06-25,253,0,90,163,888810,873931,12802,2077,JAWA BARAT
2022-06-26,207,0,88,119,889017,874019,12802,2196,JAWA BARAT
2022-06-27,195,1,220,-26,889212,874239,12803,2170,JAWA BARAT
2022-06-28,340,0,87,253,889552,874326,12803,2423,JAWA BARAT
2022-06-29,341,1,139,201,889893,874465,12804,2624,JAWA BARAT
2022-06-30,353,0,180,173,890246,874645,12804,2797,JAWA BARAT
2022-07-01,359,1,135,223,890605,874780,12805,3020,JAWA BARAT
2022-07-02,272,0,156,116,890877,874936,12805,3136,JAWA BARAT
2022-07-03,216,0,220,-4,891093,875156,12805,3132,JAWA BARAT
2022-07-04,199,0,200,-1,891292,875356,12805,3131,JAWA BARAT
2022-07-05,443,1,331,111,891735,875687,12806,3242,JAWA BARAT
2022-07-06,428,0,194,234,892163,875881,12806,3476,JAWA BARAT
2022-07-07,464,1,222,241,892627,876103,12807,3717,JAWA BARAT
2022-07-08,438,0,564,-126,893065,876667,12807,3591,JAWA BARAT
2022-07-09,389,1,158,230,893454,876825,12808,3821,JAWA BARAT
2022-07-10,243,1,128,114,893697,876953,12809,3935,JAWA BARAT
2022-07-11,239,0,189,50,893936,877142,12809,3985,JAWA BARAT
2022-07-12,597,1,244,352,894533,877386,12810,4337,JAWA BARAT
2022-07-13,616,1,353,262,895149,877739,12811,4599,JAWA BARAT
2022-07-14,558,0,529,29,895707,878268,12811,4628,JAWA BARAT
2022-07-15,526,0,295,231,896233,878563,12811,4859,JAWA BARAT
2022-07-16,703,0,243,460,896936,878806,12811,5319,JAWA BARAT
2022-07-17,417,0,160,257,897353,878966,12811,5576,JAWA BARAT
2022-07-18,414,3,331,80,897767,879297,12814,5656,JAWA BARAT
2022-07-19,796,0,276,520,898563,879573,12814,6176,JAWA BARAT
2022-07-20,865,4,417,444,899428,879990,12818,6620,JAWA BARAT
2022-07-21,736,0,309,427,900164,880299,12818,7047,JAWA BARAT
2022-07-22,754,0,357,397,900918,880656,12818,7444,JAWA BARAT
2022-07-23,670,1,305,364,901588,880961,12819,7808,JAWA BARAT
2022-07-24,519,0,303,216,902107,881264,12819,8024,JAWA BARAT
2022-07-25,564,1,501,62,902671,881765,12820,8086,JAWA BARAT
2022-07-26,1064,0,507,557,903735,882272,12820,8643,JAWA BARAT
2022-07-27,935,1,530,404,904670,882802,12821,9047,JAWA BARAT
2022-07-28,937,2,1326,-391,905607,884128,12823,8656,JAWA BARAT
2022-07-29,886,1,354,531,906493,884482,12824,9187,JAWA BARAT
2022-07-30,805,0,441,364,907298,884923,12824,9551,JAWA BARAT
2022-07-31,506,1,406,99,907804,885329,12825,9650,JAWA BARAT
2022-08-01,664,0,431,233,908468,885760,12825,9883,JAWA BARAT
2022-08-02,1242,1,449,792,909710,886209,12826,10675,JAWA BARAT
2022-08-03,1143,0,523,620,910853,886732,12826,11295,JAWA BARAT
2022-08-04,1140,0,574,566,911993,887306,12826,11861,JAWA BARAT
2022-08-05,952,0,1267,-315,912945,888573,12826,11546,JAWA BARAT
2022-08-06,951,0,499,452,913896,889072,12826,11998,JAWA BARAT
2022-08-07,606,1,481,124,914502,889553,12827,12122,JAWA BARAT
2022-08-08,612,0,422,190,915114,889975,12827,12312,JAWA BARAT
2022-08-09,1254,2,733,519,916368,890708,12829,12831,JAWA BARAT
2022-08-10,1205,0,590,615,917573,891298,12829,13446,JAWA BARAT
2022-08-11,1050,1,602,447,918623,891900,12830,13893,JAWA BARAT
2022-08-12,954,0,618,336,919577,892518,12830,14229,JAWA BARAT
2022-08-13,914,0,532,382,920491,893050,12830,14611,JAWA BARAT
2022-08-14,604,1,549,54,921095,893599,12831,14665,JAWA BARAT
2022-08-15,461,1,680,-220,921556,894279,12832,14445,JAWA BARAT
2022-08-16,949,0,1685,-736,922505,895964,12832,13709,JAWA BARAT
2022-08-17,861,0,726,135,923366,896690,12832,13844,JAWA BARAT
2022-08-18,534,0,778,-244,923900,897468,12832,13600,JAWA BARAT
2022-08-19,828,3,758,67,924728,898226,12835,13667,JAWA BARAT
2022-08-20,791,0,487,304,925519,898713,12835,13971,JAWA BARAT
2022-08-21,547,0,543,4,926066,899256,12835,13975,JAWA BARAT
2022-08-22,505,0,513,-8,926571,899769,12835,13967,JAWA BARAT
2022-08-23,1034,2,774,258,927605,900543,12837,14225,JAWA BARAT
2022-08-24,902,3,1741,-842,928507,902284,12840,13383,JAWA BARAT
2022-08-25,916,2,969,-55,929423,903253,12842,13328,JAWA BARAT
2022-08-26,771,1,528,242,930194,903781,12843,13570,JAWA BARAT
2022-08-27,700,0,432,268,930894,904213,12843,13838,JAWA BARAT
2022-08-28,471,0,370,101,931365,904583,12843,13939,JAWA BARAT
2022-08-29,490,2,594,-106,931855,905177,12845,13833,JAWA BARAT
2022-08-30,1262,0,550,712,933117,905727,12845,14545,JAWA BARAT
2022-08-31,786,1,1286,-501,933903,907013,12846,14044,JAWA BARAT
2022-09-01,662,1,1118,-457,934565,908131,12847,13587,JAWA BARAT
2022-09-02,539,0,606,-67,935104,908737,12847,13520,JAWA BARAT
2022-09-03,480,0,487,-7,935584,909224,12847,13513,JAWA BARAT
2022-09-04,352,0,424,-72,935936,909648,12847,13441,JAWA BARAT
2022-09-05,385,3,881,-499,936321,910529,12850,12942,JAWA BARAT
2022-09-06,571,1,1996,-1426,936892,912525,12851,11516,JAWA BARAT
2022-09-07,559,2,968,-411,937451,913493,12853,11105,JAWA BARAT
2022-09-08,434,1,455,-22,937885,913948,12854,11083,JAWA BARAT
2022-09-09,422,1,432,-11,938307,914380,12855,11072,JAWA BARAT
2022-09-10,375,1,423,-49,938682,914803,12856,11023,JAWA BARAT
2022-09-11,241,0,390,-149,938923,915193,12856,10874,JAWA BARAT
2022-09-12,258,0,478,-220,939181,915671,12856,10654,JAWA BARAT
2022-09-13,464,2,1112,-650,939645,916783,12858,10004,JAWA BARAT
2022-09-14,397,0,1021,-624,940042,917804,12858,9380,JAWA BARAT
2022-09-15,404,3,1094,-693,940446,918898,12861,8687,JAWA BARAT
2022-09-16,358,1,484,-127,940804,919382,12862,8560,JAWA BARAT
2022-09-17,294,0,154,140,941098,919536,12862,8700,JAWA BARAT
2022-09-18,203,1,169,33,941301,919705,12863,8733,JAWA BARAT
2022-09-19,243,5,1014,-776,941544,920719,12868,7957,JAWA BARAT
2022-09-20,379,1,716,-338,941923,921435,12869,7619,JAWA BARAT
2022-09-21,377,2,655,-280,942300,922090,12871,7339,JAWA BARAT
2022-09-22,311,1,1669,-1359,942611,923759,12872,5980,JAWA BARAT
2022-09-23,270,0,750,-480,942881,924509,12872,5500,JAWA BARAT
2022-09-24,262,0,320,-58,943143,924829,12872,5442,JAWA BARAT
2022-09-25,171,1,239,-69,943314,925068,12873,5373,JAWA BARAT
2022-09-26,192,2,939,-749,943506,926007,12875,4624,JAWA BARAT
2022-09-27,147,0,144,3,943653,926151,12875,4627,JAWA BARAT
2022-09-28,291,0,34,257,943944,926185,12875,4884,JAWA BARAT
2022-09-29,121,0,30,91,944065,926215,12875,4975,JAWA BARAT
2022-09-30,270,0,60,210,944335,926275,12875,5185,JAWA BARAT
2020-03-18,6,1,0,5,6,0,1,5,JAWA TIMUR
2020-03-19,3,0,0,3,9,0,1,8,JAWA TIMUR
2020-03-20,6,0,0,6,15,0,1,14,JAWA TIMUR
2020-03-21,7,1,0,6,22,0,2,20,JAWA TIMUR
2020-03-22,12,0,0,12,34,0,2,32,JAWA TIMUR
2020-03-23,1,1,0,0,35,0,3,32,JAWA TIMUR
2020-03-24,3,1,0,2,38,0,4,34,JAWA TIMUR
2020-03-25,6,0,1,5,44,1,4,39,JAWA TIMUR
2020-03-26,10,1,0,9,54,1,5,48,JAWA TIMUR
2020-03-27,3,0,0,3,57,1,5,51,JAWA TIMUR
2020-03-28,12,2,1,9,69,2,7,60,JAWA TIMUR
2020-03-29,11,1,25,-15,80,27,8,45,JAWA TIMUR
2020-03-30,3,2,0,1,83,27,10,46,JAWA TIMUR
2020-03-31,1,0,0,1,84,27,10,47,JAWA TIMUR
2020-04-01,5,3,60,-58,89,87,13,-11,JAWA TIMUR
2020-04-02,0,10,71,-81,89,158,23,-92,JAWA TIMUR
2020-04-03,41,1,4,36,130,162,24,-56,JAWA TIMUR
2020-04-04,4,1,1,2,134,163,25,-54,JAWA TIMUR
2020-04-05,26,2,6,18,160,169,27,-36,JAWA TIMUR
2020-04-06,8,4,10,-6,168,179,31,-42,JAWA TIMUR
2020-04-07,4,5,2,-3,172,181,36,-45,JAWA TIMUR
2020-04-08,13,18,12,-17,185,193,54,-62,JAWA TIMUR
2020-04-09,29,10,35,-16,214,228,64,-78,JAWA TIMUR
2020-04-10,22,2,23,-3,236,251,66,-81,JAWA TIMUR
2020-04-11,11,7,20,-16,247,271,73,-97,JAWA TIMUR
2020-04-12,92,1,6,85,339,277,74,-12,JAWA TIMUR
2020-04-13,44,2,3,39,383,280,76,27,JAWA TIMUR
2020-04-14,30,1,8,21,413,288,77,48,JAWA TIMUR
2020-04-15,18,4,3,11,431,291,81,59,JAWA TIMUR
2020-04-16,10,3,3,4,441,294,84,63,JAWA TIMUR
2020-04-17,9,4,2,3,450,296,88,66,JAWA TIMUR
2020-04-18,27,3,6,18,477,302,91,84,JAWA TIMUR
2020-04-19,34,6,2,26,511,304,97,110,JAWA TIMUR
2020-04-20,2,2,1,-1,513,305,99,109,JAWA TIMUR
2020-04-21,9,4,2,3,522,307,103,112,JAWA TIMUR
2020-04-22,28,3,27,-2,550,334,106,110,JAWA TIMUR
2020-04-23,20,3,9,8,570,343,109,118,JAWA TIMUR
2020-04-24,14,8,12,-6,584,355,117,112,JAWA TIMUR
2020-04-25,67,5,12,50,651,367,122,162,JAWA TIMUR
2020-04-26,15,6,3,6,666,370,128,168,JAWA TIMUR
2020-04-27,11,5,8,-2,677,378,133,166,JAWA TIMUR
2020-04-28,47,1,18,28,724,396,134,194,JAWA TIMUR
2020-04-29,15,3,7,5,739,403,137,199,JAWA TIMUR
2020-04-30,60,4,7,49,799,410,141,248,JAWA TIMUR
2020-05-01,72,2,27,43,871,437,143,291,JAWA TIMUR
2020-05-02,5,8,35,-38,876,472,151,253,JAWA TIMUR
2020-05-03,60,5,5,50,936,477,156,303,JAWA TIMUR
2020-05-04,10,7,5,-2,946,482,163,301,JAWA TIMUR
2020-05-05,32,5,17,10,978,499,168,311,JAWA TIMUR
2020-05-06,35,8,10,17,1013,509,176,328,JAWA TIMUR
2020-05-07,24,11,8,5,1037,517,187,333,JAWA TIMUR
2020-05-08,27,17,34,-24,1064,551,204,309,JAWA TIMUR
2020-05-09,133,10,56,67,1197,607,214,376,JAWA TIMUR
2020-05-10,63,5,40,18,1260,647,219,394,JAWA TIMUR
2020-05-11,48,10,64,-26,1308,711,229,368,JAWA TIMUR
2020-05-12,89,7,21,61,1397,732,236,429,JAWA TIMUR
2020-05-13,109,6,38,65,1506,770,242,494,JAWA TIMUR
2020-05-14,67,13,13,41,1573,783,255,535,JAWA TIMUR
2020-05-15,42,8,11,23,1615,794,263,558,JAWA TIMUR
2020-05-16,136,9,15,112,1751,809,272,670,JAWA TIMUR
2020-05-17,47,9,25,13,1798,834,281,683,JAWA TIMUR
2020-05-18,101,9,13,79,1899,847,290,762,JAWA TIMUR
2020-05-19,72,10,37,25,1971,884,300,787,JAWA TIMUR
2020-05-20,104,14,36,54,2075,920,314,841,JAWA TIMUR
2020-05-21,353,14,8,331,2428,928,328,1172,JAWA TIMUR
2020-05-22,120,7,40,73,2548,968,335,1245,JAWA TIMUR
2020-05-23,359,15,70,274,2907,1038,350,1519,JAWA TIMUR
2020-05-24,60,8,45,7,2967,1083,358,1526,JAWA TIMUR
2020-05-25,155,12,32,111,3122,1115,370,1637,JAWA TIMUR
2020-05-26,70,10,54,6,3192,1169,380,1643,JAWA TIMUR
2020-05-27,129,14,35,80,3321,1204,394,1723,JAWA TIMUR
2020-05-28,134,12,42,80,3455,1246,406,1803,JAWA TIMUR
2020-05-29,109,7,45,57,3564,1291,413,1860,JAWA TIMUR
2020-05-30,143,11,45,87,3707,1336,424,1947,JAWA TIMUR
2020-05-31,179,12,167,0,3886,1503,436,1947,JAWA TIMUR
2020-06-01,84,13,77,-6,3970,1580,449,1941,JAWA TIMUR
2020-06-02,140,19,230,-109,4110,1810,468,1832,JAWA TIMUR
2020-06-03,143,10,248,-115,4253,2058,478,1717,JAWA TIMUR
2020-06-04,94,11,142,-59,4347,2200,489,1658,JAWA TIMUR
2020-06-05,112,15,151,-54,4459,2351,504,1604,JAWA TIMUR
2020-06-06,66,14,92,-40,4525,2443,518,1564,JAWA TIMUR
2020-06-07,213,16,120,77,4738,2563,534,1641,JAWA TIMUR
2020-06-08,260,14,132,114,4998,2695,548,1755,JAWA TIMUR
2020-06-09,147,18,104,25,5145,2799,566,1780,JAWA TIMUR
2020-06-10,232,24,162,46,5377,2961,590,1826,JAWA TIMUR
2020-06-11,199,28,73,98,5576,3034,618,1924,JAWA TIMUR
2020-06-12,195,24,156,15,5771,3190,642,1939,JAWA TIMUR
2020-06-13,169,18,74,77,5940,3264,660,2016,JAWA TIMUR
2020-06-14,157,18,52,87,6097,3316,678,2103,JAWA TIMUR
2020-06-15,253,23,78,152,6350,3394,701,2255,JAWA TIMUR
2020-06-16,158,17,41,100,6508,3435,718,2355,JAWA TIMUR
2020-06-17,154,20,184,-50,6662,3619,738,2305,JAWA TIMUR
2020-06-18,266,18,219,29,6928,3838,756,2334,JAWA TIMUR
2020-06-19,160,19,90,51,7088,3928,775,2385,JAWA TIMUR
2020-06-20,234,13,211,10,7322,4139,788,2395,JAWA TIMUR
2020-06-21,109,7,93,9,7431,4232,795,2404,JAWA TIMUR
2020-06-22,268,10,88,170,7699,4320,805,2574,JAWA TIMUR
2020-06-23,189,14,104,71,7888,4424,819,2645,JAWA TIMUR
2020-06-24,154,13,123,18,8042,4547,832,2663,JAWA TIMUR
2020-06-25,234,21,112,101,8276,4659,853,2764,JAWA TIMUR
2020-06-26,300,28,150,122,8576,4809,881,2886,JAWA TIMUR
2020-06-27,227,21,80,126,8803,4889,902,3012,JAWA TIMUR
2020-06-28,195,19,146,30,8998,5035,921,3042,JAWA TIMUR
2020-06-29,174,18,84,72,9172,5119,939,3114,JAWA TIMUR
2020-06-30,316,17,155,144,9488,5274,956,3258,JAWA TIMUR
2020-07-01,250,21,106,123,9738,5380,977,3381,JAWA TIMUR
2020-07-02,276,26,182,68,10014,5562,1003,3449,JAWA TIMUR
2020-07-03,298,13,121,164,10312,5683,1016,3613,JAWA TIMUR
2020-07-04,300,25,122,153,10612,5805,1041,3766,JAWA TIMUR
2020-07-05,337,13,203,121,10949,6008,1054,3887,JAWA TIMUR
2020-07-06,231,16,178,37,11180,6186,1070,3924,JAWA TIMUR
2020-07-07,260,17,119,124,11440,6305,1087,4048,JAWA TIMUR
2020-07-08,309,15,135,159,11749,6440,1102,4207,JAWA TIMUR
2020-07-09,332,26,140,166,12081,6580,1128,4373,JAWA TIMUR
2020-07-10,234,15,258,-39,12315,6838,1143,4334,JAWA TIMUR
2020-07-11,321,13,255,53,12636,7093,1156,4387,JAWA TIMUR
2020-07-12,308,18,221,69,12944,7314,1174,4456,JAWA TIMUR
2020-07-13,161,17,128,16,13105,7442,1191,4472,JAWA TIMUR
2020-07-14,235,22,210,3,13340,7652,1213,4475,JAWA TIMUR
2020-07-15,216,32,261,-77,13556,7913,1245,4398,JAWA TIMUR
2020-07-16,163,12,199,-48,13719,8112,1257,4350,JAWA TIMUR
2020-07-17,193,14,253,-74,13912,8365,1271,4276,JAWA TIMUR
2020-07-18,193,21,182,-10,14105,8547,1292,4266,JAWA TIMUR
2020-07-19,246,35,218,-7,14351,8765,1327,4259,JAWA TIMUR
2020-07-20,233,24,211,-2,14584,8976,1351,4257,JAWA TIMUR
2020-07-21,243,20,307,-84,14827,9283,1371,4173,JAWA TIMUR
2020-07-22,288,25,256,7,15115,9539,1396,4180,JAWA TIMUR
2020-07-23,254,30,288,-64,15369,9827,1426,4116,JAWA TIMUR
2020-07-24,431,25,277,129,15800,10104,1451,4245,JAWA TIMUR
2020-07-25,217,19,269,-71,16017,10373,1470,4174,JAWA TIMUR
2020-07-26,250,27,212,11,16267,10585,1497,4185,JAWA TIMUR
2020-07-27,231,11,242,-22,16498,10827,1508,4163,JAWA TIMUR
2020-07-28,225,26,249,-50,16723,11076,1534,4113,JAWA TIMUR
2020-07-29,225,14,285,-74,16948,11361,1548,4039,JAWA TIMUR
2020-07-30,243,15,233,-5,17191,11594,1563,4034,JAWA TIMUR
2020-07-31,236,17,205,14,17427,11799,1580,4048,JAWA TIMUR
2020-08-01,456,14,186,256,17883,11985,1594,4304,JAWA TIMUR
2020-08-02,257,19,155,83,18140,12140,1613,4387,JAWA TIMUR
2020-08-03,267,12,201,54,18407,12341,1625,4441,JAWA TIMUR
2020-08-04,325,18,196,111,18732,12537,1643,4552,JAWA TIMUR
2020-08-05,336,10,272,54,19068,12809,1653,4606,JAWA TIMUR
2020-08-06,211,15,404,-208,19279,13213,1668,4398,JAWA TIMUR
2020-08-07,296,18,468,-190,19575,13681,1686,4208,JAWA TIMUR
2020-08-08,322,19,277,26,19897,13958,1705,4234,JAWA TIMUR
2020-08-09,299,22,254,23,20196,14212,1727,4257,JAWA TIMUR
2020-08-10,243,13,308,-78,20439,14520,1740,4179,JAWA TIMUR
2020-08-11,234,22,218,-6,20673,14738,1762,4173,JAWA TIMUR
2020-08-12,245,22,370,-147,20918,15108,1784,4026,JAWA TIMUR
2020-08-13,266,30,472,-236,21184,15580,1814,3790,JAWA TIMUR
2020-08-14,323,35,285,3,21507,15865,1849,3793,JAWA TIMUR
2020-08-15,326,21,276,29,21833,16141,1870,3822,JAWA TIMUR
2020-08-16,365,21,306,38,22198,16447,1891,3860,JAWA TIMUR
2020-08-17,247,19,319,-91,22445,16766,1910,3769,JAWA TIMUR
2020-08-18,245,19,289,-63,22690,17055,1929,3706,JAWA TIMUR
2020-08-19,276,22,395,-141,22966,17450,1951,3565,JAWA TIMUR
2020-08-20,286,20,294,-28,23252,17744,1971,3537,JAWA TIMUR
2020-08-21,364,33,292,39,23616,18036,2004,3576,JAWA TIMUR
2020-08-22,271,26,311,-66,23887,18347,2030,3510,JAWA TIMUR
2020-08-23,221,20,303,-102,24108,18650,2050,3408,JAWA TIMUR
2020-08-24,279,19,392,-132,24387,19042,2069,3276,JAWA TIMUR
2020-08-25,281,18,361,-98,24668,19403,2087,3178,JAWA TIMUR
2020-08-26,257,26,322,-91,24925,19725,2113,3087,JAWA TIMUR
2020-08-27,278,22,281,-25,25203,20006,2135,3062,JAWA TIMUR
2020-08-28,333,22,265,46,25536,20271,2157,3108,JAWA TIMUR
2020-08-29,489,16,216,257,26025,20487,2173,3365,JAWA TIMUR
2020-08-30,357,30,305,22,26382,20792,2203,3387,JAWA TIMUR
2020-08-31,263,32,383,-152,26645,21175,2235,3235,JAWA TIMUR
2020-09-01,288,16,318,-46,26933,21493,2251,3189,JAWA TIMUR
2020-09-02,288,15,286,-13,27221,21779,2266,3176,JAWA TIMUR
2020-09-03,301,27,269,5,27522,22048,2293,3181,JAWA TIMUR
2020-09-04,259,37,272,-50,27781,22320,2330,3131,JAWA TIMUR
2020-09-05,257,18,267,-28,28038,22587,2348,3103,JAWA TIMUR
2020-09-06,247,24,310,-87,28285,22897,2372,3016,JAWA TIMUR
2020-09-07,242,20,294,-72,28527,23191,2392,2944,JAWA TIMUR
2020-09-08,341,21,286,34,28868,23477,2413,2978,JAWA TIMUR
2020-09-09,281,29,314,-62,29149,23791,2442,2916,JAWA TIMUR
2020-09-10,299,21,255,23,29448,24046,2463,2939,JAWA TIMUR
2020-09-11,295,22,287,-14,29743,24333,2485,2925,JAWA TIMUR
2020-09-12,293,18,342,-67,30036,24675,2503,2858,JAWA TIMUR
2020-09-13,194,24,564,-394,30230,25239,2527,2464,JAWA TIMUR
2020-09-14,278,26,277,-25,30508,25516,2553,2439,JAWA TIMUR
2020-09-15,307,19,275,13,30815,25791,2572,2452,JAWA TIMUR
2020-09-16,282,21,265,-4,31097,26056,2593,2448,JAWA TIMUR
2020-09-17,261,28,262,-29,31358,26318,2621,2419,JAWA TIMUR
2020-09-18,378,19,443,-84,31736,26761,2640,2335,JAWA TIMUR
2020-09-19,267,26,274,-33,32003,27035,2666,2302,JAWA TIMUR
2020-09-20,291,19,253,19,32294,27288,2685,2321,JAWA TIMUR
2020-09-21,267,13,228,26,32561,27516,2698,2347,JAWA TIMUR
2020-09-22,281,16,310,-45,32842,27826,2714,2302,JAWA TIMUR
2020-09-23,269,16,272,-19,33111,28098,2730,2283,JAWA TIMUR
2020-09-24,283,21,284,-22,33394,28382,2751,2261,JAWA TIMUR
2020-09-25,221,14,302,-95,33615,28684,2765,2166,JAWA TIMUR
2020-09-26,210,16,282,-88,33825,28966,2781,2078,JAWA TIMUR
2020-09-27,154,14,360,-220,33979,29326,2795,1858,JAWA TIMUR
2020-09-28,225,19,353,-147,34204,29679,2814,1711,JAWA TIMUR
2020-09-29,210,20,258,-68,34414,29937,2834,1643,JAWA TIMUR
2020-09-30,433,37,455,-59,34847,30392,2871,1584,JAWA TIMUR
2020-10-01,488,17,298,173,35335,30690,2888,1757,JAWA TIMUR
2020-10-02,211,15,279,-83,35546,30969,2903,1674,JAWA TIMUR
2020-10-03,245,9,261,-25,35791,31230,2912,1649,JAWA TIMUR
2020-10-04,188,17,272,-101,35979,31502,2929,1548,JAWA TIMUR
2020-10-05,188,6,240,-58,36167,31742,2935,1490,JAWA TIMUR
2020-10-06,225,7,195,23,36392,31937,2942,1513,JAWA TIMUR
2020-10-07,262,16,240,6,36654,32177,2958,1519,JAWA TIMUR
2020-10-08,261,17,250,-6,36915,32427,2975,1513,JAWA TIMUR
2020-10-09,240,19,298,-77,37155,32725,2994,1436,JAWA TIMUR
2020-10-10,255,14,301,-60,37410,33026,3008,1376,JAWA TIMUR
2020-10-11,203,15,259,-71,37613,33285,3023,1305,JAWA TIMUR
2020-10-12,247,16,255,-24,37860,33540,3039,1281,JAWA TIMUR
2020-10-13,275,16,296,-37,38135,33836,3055,1244,JAWA TIMUR
2020-10-14,250,15,277,-42,38385,34113,3070,1202,JAWA TIMUR
2020-10-15,238,16,310,-88,38623,34423,3086,1114,JAWA TIMUR
2020-10-16,232,15,331,-114,38855,34754,3101,1000,JAWA TIMUR
2020-10-17,201,19,309,-127,39056,35063,3120,873,JAWA TIMUR
2020-10-18,188,18,253,-83,39244,35316,3138,790,JAWA TIMUR
2020-10-19,180,18,271,-109,39424,35587,3156,681,JAWA TIMUR
2020-10-20,232,10,267,-45,39656,35854,3166,636,JAWA TIMUR
2020-10-21,273,13,274,-14,39929,36128,3179,622,JAWA TIMUR
2020-10-22,219,14,297,-92,40148,36425,3193,530,JAWA TIMUR
2020-10-23,219,17,300,-98,40367,36725,3210,432,JAWA TIMUR
2020-10-24,228,16,290,-78,40595,37015,3226,354,JAWA TIMUR
2020-10-25,194,17,220,-43,40789,37235,3243,311,JAWA TIMUR
2020-10-26,227,9,216,2,41016,37451,3252,313,JAWA TIMUR
2020-10-27,243,8,217,18,41259,37668,3260,331,JAWA TIMUR
2020-10-28,186,13,212,-39,41445,37880,3273,292,JAWA TIMUR
2020-10-29,196,13,216,-33,41641,38096,3286,259,JAWA TIMUR
2020-10-30,181,40,421,-280,41822,38517,3326,-21,JAWA TIMUR
2020-10-31,177,20,217,-60,41999,38734,3346,-81,JAWA TIMUR
2020-11-01,498,18,281,199,42497,39015,3364,118,JAWA TIMUR
2020-11-02,227,8,233,-14,42724,39248,3372,104,JAWA TIMUR
2020-11-03,207,17,234,-44,42931,39482,3389,60,JAWA TIMUR
2020-11-04,194,13,219,-38,43125,39701,3402,22,JAWA TIMUR
2020-11-05,214,9,214,-9,43339,39915,3411,13,JAWA TIMUR
2020-11-06,210,12,253,-55,43549,40168,3423,-42,JAWA TIMUR
2020-11-07,220,18,219,-17,43769,40387,3441,-59,JAWA TIMUR
2020-11-08,216,16,232,-32,43985,40619,3457,-91,JAWA TIMUR
2020-11-09,194,21,231,-58,44179,40850,3478,-149,JAWA TIMUR
2020-11-10,236,21,245,-30,44415,41095,3499,-179,JAWA TIMUR
2020-11-11,147,16,215,-84,44562,41310,3515,-263,JAWA TIMUR
2020-11-12,190,19,194,-23,44752,41504,3534,-286,JAWA TIMUR
2020-11-13,178,17,232,-71,44930,41736,3551,-357,JAWA TIMUR
2020-11-14,192,16,239,-63,45122,41975,3567,-420,JAWA TIMUR
2020-11-15,149,7,210,-68,45271,42185,3574,-488,JAWA TIMUR
2020-11-16,212,24,221,-33,45483,42406,3598,-521,JAWA TIMUR
2020-11-17,265,22,198,45,45748,42604,3620,-476,JAWA TIMUR
2020-11-18,305,13,232,60,46053,42836,3633,-416,JAWA TIMUR
2020-11-19,330,31,200,99,46383,43036,3664,-317,JAWA TIMUR
2020-11-20,300,24,242,34,46683,43278,3688,-283,JAWA TIMUR
2020-11-21,275,17,207,51,46958,43485,3705,-232,JAWA TIMUR
2020-11-22,218,22,215,-19,47176,43700,3727,-251,JAWA TIMUR
2020-11-23,285,23,212,50,47461,43912,3750,-201,JAWA TIMUR
2020-11-24,267,20,209,38,47728,44121,3770,-163,JAWA TIMUR
2020-11-25,295,23,227,45,48023,44348,3793,-118,JAWA TIMUR
2020-11-26,298,26,236,36,48321,44584,3819,-82,JAWA TIMUR
2020-11-27,296,30,280,-14,48617,44864,3849,-96,JAWA TIMUR
2020-11-28,345,25,315,5,48962,45179,3874,-91,JAWA TIMUR
2020-11-29,318,25,218,75,49280,45397,3899,-16,JAWA TIMUR
2020-11-30,304,78,545,-319,49584,45942,3977,-335,JAWA TIMUR
2020-12-01,323,26,318,-21,49907,46260,4003,-356,JAWA TIMUR
2020-12-02,368,16,239,113,50275,46499,4019,-243,JAWA TIMUR
2020-12-03,429,28,298,103,50704,46797,4047,-140,JAWA TIMUR
2020-12-04,475,13,288,174,51179,47085,4060,34,JAWA TIMUR
2020-12-05,429,21,308,100,51608,47393,4081,134,JAWA TIMUR
2020-12-06,431,22,282,127,52039,47675,4103,261,JAWA TIMUR
2020-12-07,449,27,311,111,52488,47986,4130,372,JAWA TIMUR
2020-12-08,438,37,438,-37,52926,48424,4167,335,JAWA TIMUR
2020-12-09,523,39,415,69,53449,48839,4206,404,JAWA TIMUR
2020-12-10,586,27,489,70,54035,49328,4233,474,JAWA TIMUR
2020-12-11,666,25,366,275,54701,49694,4258,749,JAWA TIMUR
2020-12-12,628,44,355,229,55329,50049,4302,978,JAWA TIMUR
2020-12-13,563,19,449,95,55892,50498,4321,1073,JAWA TIMUR
2020-12-14,565,17,393,155,56457,50891,4338,1228,JAWA TIMUR
2020-12-15,575,34,613,-72,57032,51504,4372,1156,JAWA TIMUR
2020-12-16,575,33,375,167,57607,51879,4405,1323,JAWA TIMUR
2020-12-17,672,31,483,158,58279,52362,4436,1481,JAWA TIMUR
2020-12-18,669,37,478,154,58948,52840,4473,1635,JAWA TIMUR
2020-12-19,575,40,414,121,59523,53254,4513,1756,JAWA TIMUR
2020-12-20,511,36,580,-105,60034,53834,4549,1651,JAWA TIMUR
2020-12-21,622,28,501,93,60656,54335,4577,1744,JAWA TIMUR
2020-12-22,569,36,472,61,61225,54807,4613,1805,JAWA TIMUR
2020-12-23,650,34,520,96,61875,55327,4647,1901,JAWA TIMUR
2020-12-24,596,41,564,-9,62471,55891,4688,1892,JAWA TIMUR
2020-12-25,599,43,420,136,63070,56311,4731,2028,JAWA TIMUR
2020-12-26,631,43,506,82,63701,56817,4774,2110,JAWA TIMUR
2020-12-27,556,33,429,94,64257,57246,4807,2204,JAWA TIMUR
2020-12-28,661,42,477,142,64918,57723,4849,2346,JAWA TIMUR
2020-12-29,618,39,544,35,65536,58267,4888,2381,JAWA TIMUR
2020-12-30,767,44,593,130,66303,58860,4932,2511,JAWA TIMUR
2020-12-31,1318,132,1013,173,67621,59873,5064,2684,JAWA TIMUR
2021-01-01,706,53,529,124,68327,60402,5117,2808,JAWA TIMUR
2021-01-02,611,55,549,7,68938,60951,5172,2815,JAWA TIMUR
2021-01-03,457,35,443,-21,69395,61394,5207,2794,JAWA TIMUR
2021-01-04,529,39,396,94,69924,61790,5246,2888,JAWA TIMUR
2021-01-05,532,53,406,73,70456,62196,5299,2961,JAWA TIMUR
2021-01-06,615,41,724,-150,71071,62920,5340,2811,JAWA TIMUR
2021-01-07,700,73,444,183,71771,63364,5413,2994,JAWA TIMUR
2021-01-08,784,60,488,236,72555,63852,5473,3230,JAWA TIMUR
2021-01-09,813,40,467,306,73368,64319,5513,3536,JAWA TIMUR
2021-01-10,762,44,656,62,74130,64975,5557,3598,JAWA TIMUR
2021-01-11,688,37,391,260,74818,65366,5594,3858,JAWA TIMUR
2021-01-12,691,57,588,46,75509,65954,5651,3904,JAWA TIMUR
2021-01-13,718,64,714,-60,76227,66668,5715,3844,JAWA TIMUR
2021-01-14,801,53,622,126,77028,67290,5768,3970,JAWA TIMUR
2021-01-15,994,53,633,308,78022,67923,5821,4278,JAWA TIMUR
2021-01-16,969,35,564,370,78991,68487,5856,4648,JAWA TIMUR
2021-01-17,719,37,620,62,79710,69107,5893,4710,JAWA TIMUR
2021-01-18,690,29,568,93,80400,69675,5922,4803,JAWA TIMUR
2021-01-19,742,42,534,166,81142,70209,5964,4969,JAWA TIMUR
2021-01-20,774,46,564,164,81916,70773,6010,5133,JAWA TIMUR
2021-01-21,914,42,738,134,82830,71511,6052,5267,JAWA TIMUR
2021-01-22,865,42,655,168,83695,72166,6094,5435,JAWA TIMUR
2021-01-23,746,26,701,19,84441,72867,6120,5454,JAWA TIMUR
2021-01-24,709,34,622,53,85150,73489,6154,5507,JAWA TIMUR
2021-01-25,710,29,595,86,85860,74084,6183,5593,JAWA TIMUR
2021-01-26,760,48,595,117,86620,74679,6231,5710,JAWA TIMUR
2021-01-27,863,33,618,212,87483,75297,6264,5922,JAWA TIMUR
2021-01-28,834,37,611,186,88317,75908,6301,6108,JAWA TIMUR
2021-01-29,796,30,758,8,89113,76666,6331,6116,JAWA TIMUR
2021-01-30,683,27,664,-8,89796,77330,6358,6108,JAWA TIMUR
2021-01-31,688,24,553,111,90484,77883,6382,6219,JAWA TIMUR
2021-02-01,563,30,764,-231,91047,78647,6412,5988,JAWA TIMUR
2021-02-02,634,44,730,-140,91681,79377,6456,5848,JAWA TIMUR
2021-02-03,568,54,520,-6,92249,79897,6510,5842,JAWA TIMUR
2021-02-04,481,44,730,-293,92730,80627,6554,5549,JAWA TIMUR
2021-02-05,604,46,668,-110,93334,81295,6600,5439,JAWA TIMUR
2021-02-06,545,51,548,-54,93879,81843,6651,5385,JAWA TIMUR
2021-02-07,465,25,576,-136,94344,82419,6676,5249,JAWA TIMUR
2021-02-08,532,20,599,-87,94876,83018,6696,5162,JAWA TIMUR
2021-02-09,365,21,269,75,95241,83287,6717,5237,JAWA TIMUR
2021-02-10,473,17,322,134,95714,83609,6734,5371,JAWA TIMUR
2021-02-11,837,42,358,437,96551,83967,6776,5808,JAWA TIMUR
2021-02-12,631,72,470,89,97182,84437,6848,5897,JAWA TIMUR
2021-02-13,449,26,406,17,97631,84843,6874,5914,JAWA TIMUR
2021-02-14,402,27,320,55,98033,85163,6901,5969,JAWA TIMUR
2021-02-15,355,28,381,-54,98388,85544,6929,5915,JAWA TIMUR
2021-02-16,381,16,241,124,98769,85785,6945,6039,JAWA TIMUR
2021-02-17,471,11,213,247,99240,85998,6956,6286,JAWA TIMUR
2021-02-18,457,16,298,143,99697,86296,6972,6429,JAWA TIMUR
2021-02-19,452,19,501,-68,100149,86797,6991,6361,JAWA TIMUR
2021-02-20,498,23,450,25,100647,87247,7014,6386,JAWA TIMUR
2021-02-21,355,22,434,-101,101002,87681,7036,6285,JAWA TIMUR
2021-02-22,326,27,513,-214,101328,88194,7063,6071,JAWA TIMUR
2021-02-23,444,26,395,23,101772,88589,7089,6094,JAWA TIMUR
2021-02-24,457,24,554,-121,102229,89143,7113,5973,JAWA TIMUR
2021-02-25,445,26,460,-41,102674,89603,7139,5932,JAWA TIMUR
2021-02-26,449,17,471,-39,103123,90074,7156,5893,JAWA TIMUR
2021-02-27,361,18,349,-6,103484,90423,7174,5887,JAWA TIMUR
2021-02-28,264,21,449,-206,103748,90872,7195,5681,JAWA TIMUR
2021-03-01,272,20,331,-79,104020,91203,7215,5602,JAWA TIMUR
2021-03-02,330,17,525,-212,104350,91728,7232,5390,JAWA TIMUR
2021-03-03,354,18,389,-53,104704,92117,7250,5337,JAWA TIMUR
2021-03-04,304,17,353,-66,105008,92470,7267,5271,JAWA TIMUR
2021-03-05,329,12,358,-41,105337,92828,7279,5230,JAWA TIMUR
2021-03-06,320,23,372,-75,105657,93200,7302,5155,JAWA TIMUR
2021-03-07,259,15,315,-71,105916,93515,7317,5084,JAWA TIMUR
2021-03-08,254,19,330,-95,106170,93845,7336,4989,JAWA TIMUR
2021-03-09,303,19,358,-74,106473,94203,7355,4915,JAWA TIMUR
2021-03-10,307,16,373,-82,106780,94576,7371,4833,JAWA TIMUR
2021-03-11,269,13,312,-56,107049,94888,7384,4777,JAWA TIMUR
2021-03-12,281,12,319,-50,107330,95207,7396,4727,JAWA TIMUR
2021-03-13,287,15,293,-21,107617,95500,7411,4706,JAWA TIMUR
2021-03-14,226,12,166,48,107843,95666,7423,4754,JAWA TIMUR
2021-03-15,199,15,228,-44,108042,95894,7438,4710,JAWA TIMUR
2021-03-16,236,17,196,23,108278,96090,7455,4733,JAWA TIMUR
2021-03-17,260,71,793,-604,108538,96883,7526,4129,JAWA TIMUR
2021-03-18,264,28,654,-418,108802,97537,7554,3711,JAWA TIMUR
2021-03-19,237,34,301,-98,109039,97838,7588,3613,JAWA TIMUR
2021-03-20,235,52,267,-84,109274,98105,7640,3529,JAWA TIMUR
2021-03-21,247,17,432,-202,109521,98537,7657,3327,JAWA TIMUR
2021-03-22,204,22,260,-78,109725,98797,7679,3249,JAWA TIMUR
2021-03-23,180,22,297,-139,109905,99094,7701,3110,JAWA TIMUR
2021-03-24,228,14,475,-261,110133,99569,7715,2849,JAWA TIMUR
2021-03-25,274,19,275,-20,110407,99844,7734,2829,JAWA TIMUR
2021-03-26,270,19,314,-63,110677,100158,7753,2766,JAWA TIMUR
2021-03-27,214,13,361,-160,110891,100519,7766,2606,JAWA TIMUR
2021-03-28,196,15,277,-96,111087,100796,7781,2510,JAWA TIMUR
2021-03-29,209,26,639,-456,111296,101435,7807,2054,JAWA TIMUR
2021-03-30,221,24,390,-193,111517,101825,7831,1861,JAWA TIMUR
2021-03-31,238,30,223,-15,111755,102048,7861,1846,JAWA TIMUR
2021-04-01,224,19,181,24,111979,102229,7880,1870,JAWA TIMUR
2021-04-02,217,21,182,14,112196,102411,7901,1884,JAWA TIMUR
2021-04-03,183,18,179,-14,112379,102590,7919,1870,JAWA TIMUR
2021-04-04,171,16,142,13,112550,102732,7935,1883,JAWA TIMUR
2021-04-05,179,21,192,-34,112729,102924,7956,1849,JAWA TIMUR
2021-04-06,233,20,174,39,112962,103098,7976,1888,JAWA TIMUR
2021-04-07,268,37,274,-43,113230,103372,8013,1845,JAWA TIMUR
2021-04-08,235,21,168,46,113465,103540,8034,1891,JAWA TIMUR
2021-04-09,257,15,192,50,113722,103732,8049,1941,JAWA TIMUR
2021-04-10,215,21,184,10,113937,103916,8070,1951,JAWA TIMUR
2021-04-11,187,19,273,-105,114124,104189,8089,1846,JAWA TIMUR
2021-04-12,193,26,187,-20,114317,104376,8115,1826,JAWA TIMUR
2021-04-13,197,27,175,-5,114514,104551,8142,1821,JAWA TIMUR
2021-04-14,212,16,227,-31,114726,104778,8158,1790,JAWA TIMUR
2021-04-15,242,20,184,38,114968,104962,8178,1828,JAWA TIMUR
2021-04-16,223,21,248,-46,115191,105210,8199,1782,JAWA TIMUR
2021-04-17,227,18,192,17,115418,105402,8217,1799,JAWA TIMUR
2021-04-18,196,17,186,-7,115614,105588,8234,1792,JAWA TIMUR
2021-04-19,211,25,190,-4,115825,105778,8259,1788,JAWA TIMUR
2021-04-20,215,34,171,10,116040,105949,8293,1798,JAWA TIMUR
2021-04-21,246,20,183,43,116286,106132,8313,1841,JAWA TIMUR
2021-04-22,238,20,188,30,116524,106320,8333,1871,JAWA TIMUR
2021-04-23,239,23,217,-1,116763,106537,8356,1870,JAWA TIMUR
2021-04-24,204,17,236,-49,116967,106773,8373,1821,JAWA TIMUR
2021-04-25,188,16,167,5,117155,106940,8389,1826,JAWA TIMUR
2021-04-26,197,15,205,-23,117352,107145,8404,1803,JAWA TIMUR
2021-04-27,200,22,198,-20,117552,107343,8426,1783,JAWA TIMUR
2021-04-28,237,20,213,4,117789,107556,8446,1787,JAWA TIMUR
2021-04-29,246,19,209,18,118035,107765,8465,1805,JAWA TIMUR
2021-04-30,246,17,221,8,118281,107986,8482,1813,JAWA TIMUR
2021-05-01,176,14,168,-6,118457,108154,8496,1807,JAWA TIMUR
2021-05-02,175,17,162,-4,118632,108316,8513,1803,JAWA TIMUR
2021-05-03,173,16,207,-50,118805,108523,8529,1753,JAWA TIMUR
2021-05-04,231,26,198,7,119036,108721,8555,1760,JAWA TIMUR
2021-05-05,207,24,179,4,119243,108900,8579,1764,JAWA TIMUR
2021-05-06,201,25,195,-19,119444,109095,8604,1745,JAWA TIMUR
2021-05-07,185,20,222,-57,119629,109317,8624,1688,JAWA TIMUR
2021-05-08,179,14,155,10,119808,109472,8638,1698,JAWA TIMUR
2021-05-09,185,16,168,1,119993,109640,8654,1699,JAWA TIMUR
2021-05-10,161,16,164,-19,120154,109804,8670,1680,JAWA TIMUR
2021-05-11,187,26,177,-16,120341,109981,8696,1664,JAWA TIMUR
2021-05-12,198,18,176,4,120539,110157,8714,1668,JAWA TIMUR
2021-05-13,113,9,118,-14,120652,110275,8723,1654,JAWA TIMUR
2021-05-14,120,10,135,-25,120772,110410,8733,1629,JAWA TIMUR
2021-05-15,146,19,256,-129,120918,110666,8752,1500,JAWA TIMUR
2021-05-16,134,12,122,0,121052,110788,8764,1500,JAWA TIMUR
2021-05-17,164,21,217,-74,121216,111005,8785,1426,JAWA TIMUR
2021-05-18,180,19,187,-26,121396,111192,8804,1400,JAWA TIMUR
2021-05-19,198,28,162,8,121594,111354,8832,1408,JAWA TIMUR
2021-05-20,218,16,184,18,121812,111538,8848,1426,JAWA TIMUR
2021-05-21,186,15,143,28,121998,111681,8863,1454,JAWA TIMUR
2021-05-22,190,14,158,18,122188,111839,8877,1472,JAWA TIMUR
2021-05-23,187,16,166,5,122375,112005,8893,1477,JAWA TIMUR
2021-05-24,186,15,164,7,122561,112169,8908,1484,JAWA TIMUR
2021-05-25,174,17,146,11,122735,112315,8925,1495,JAWA TIMUR
2021-05-26,208,20,105,83,122943,112420,8945,1578,JAWA TIMUR
2021-05-27,167,19,145,3,123110,112565,8964,1581,JAWA TIMUR
2021-05-28,197,19,166,12,123307,112731,8983,1593,JAWA TIMUR
2021-05-29,204,17,229,-42,123511,112960,9000,1551,JAWA TIMUR
2021-05-30,179,15,127,37,123690,113087,9015,1588,JAWA TIMUR
2021-05-31,191,29,183,-21,123881,113270,9044,1567,JAWA TIMUR
2021-06-01,181,23,167,-9,124062,113437,9067,1558,JAWA TIMUR
2021-06-02,178,19,160,-1,124240,113597,9086,1557,JAWA TIMUR
2021-06-03,203,22,175,6,124443,113772,9108,1563,JAWA TIMUR
2021-06-04,243,21,204,18,124686,113976,9129,1581,JAWA TIMUR
2021-06-05,190,21,150,19,124876,114126,9150,1600,JAWA TIMUR
2021-06-06,223,16,150,57,125099,114276,9166,1657,JAWA TIMUR
2021-06-07,227,21,160,46,125326,114436,9187,1703,JAWA TIMUR
2021-06-08,315,25,198,92,125641,114634,9212,1795,JAWA TIMUR
2021-06-09,319,24,171,124,125960,114805,9236,1919,JAWA TIMUR
2021-06-10,351,30,176,145,126311,114981,9266,2064,JAWA TIMUR
2021-06-11,347,31,208,108,126658,115189,9297,2172,JAWA TIMUR
2021-06-12,291,28,155,108,126949,115344,9325,2280,JAWA TIMUR
2021-06-13,320,29,226,65,127269,115570,9354,2345,JAWA TIMUR
2021-06-14,318,30,212,76,127587,115782,9384,2421,JAWA TIMUR
2021-06-15,398,34,200,164,127985,115982,9418,2585,JAWA TIMUR
2021-06-16,561,41,196,324,128546,116178,9459,2909,JAWA TIMUR
2021-06-17,574,50,261,263,129120,116439,9509,3172,JAWA TIMUR
2021-06-18,586,34,324,228,129706,116763,9543,3400,JAWA TIMUR
2021-06-19,561,35,268,258,130267,117031,9578,3658,JAWA TIMUR
2021-06-20,585,47,307,231,130852,117338,9625,3889,JAWA TIMUR
2021-06-21,572,45,297,230,131424,117635,9670,4119,JAWA TIMUR
2021-06-22,595,29,300,266,132019,117935,9699,4385,JAWA TIMUR
2021-06-23,718,42,342,334,132737,118277,9741,4719,JAWA TIMUR
2021-06-24,762,47,311,404,133499,118588,9788,5123,JAWA TIMUR
2021-06-25,775,44,416,315,134274,119004,9832,5438,JAWA TIMUR
2021-06-26,791,46,464,281,135065,119468,9878,5719,JAWA TIMUR
2021-06-27,721,50,386,285,135786,119854,9928,6004,JAWA TIMUR
2021-06-28,877,49,444,384,136663,120298,9977,6388,JAWA TIMUR
2021-06-29,845,69,521,255,137508,120819,10046,6643,JAWA TIMUR
2021-06-30,935,81,602,252,138443,121421,10127,6895,JAWA TIMUR
2021-07-01,1142,64,564,514,139585,121985,10191,7409,JAWA TIMUR
2021-07-02,1107,67,618,422,140692,122603,10258,7831,JAWA TIMUR
2021-07-03,1126,76,595,455,141818,123198,10334,8286,JAWA TIMUR
2021-07-04,1176,82,591,503,142994,123789,10416,8789,JAWA TIMUR
2021-07-05,1264,103,878,283,144258,124667,10519,9072,JAWA TIMUR
2021-07-06,1434,101,987,346,145692,125654,10620,9418,JAWA TIMUR
2021-07-07,2050,134,990,926,147742,126644,10754,10344,JAWA TIMUR
2021-07-08,2017,143,1044,830,149759,127688,10897,11174,JAWA TIMUR
2021-07-09,2009,147,1391,471,151768,129079,11044,11645,JAWA TIMUR
2021-07-10,1774,150,1114,510,153542,130193,11194,12155,JAWA TIMUR
2021-07-11,1925,226,1173,526,155467,131366,11420,12681,JAWA TIMUR
2021-07-12,2185,132,1326,727,157652,132692,11552,13408,JAWA TIMUR
2021-07-13,4952,136,1716,3100,162604,134408,11688,16508,JAWA TIMUR
2021-07-14,5713,178,1472,4063,168317,135880,11866,20571,JAWA TIMUR
2021-07-15,6573,172,1602,4799,174890,137482,12038,25370,JAWA TIMUR
2021-07-16,6271,269,1768,4234,181161,139250,12307,29604,JAWA TIMUR
2021-07-17,5502,238,2151,3113,186663,141401,12545,32717,JAWA TIMUR
2021-07-18,4570,254,2408,1908,191233,143809,12799,34625,JAWA TIMUR
2021-07-19,3532,287,2293,952,194765,146102,13086,35577,JAWA TIMUR
2021-07-20,4535,224,2042,2269,199300,148144,13310,37846,JAWA TIMUR
2021-07-21,3105,333,2393,379,202405,150537,13643,38225,JAWA TIMUR
2021-07-22,5255,221,2545,2489,207660,153082,13864,40714,JAWA TIMUR
2021-07-23,5537,283,3384,1870,213197,156466,14147,42584,JAWA TIMUR
2021-07-24,4529,279,3524,726,217726,159990,14426,43310,JAWA TIMUR
2021-07-25,3814,259,3923,-368,221540,163913,14685,42942,JAWA TIMUR
2021-07-26,2551,284,3598,-1331,224091,167511,14969,41611,JAWA TIMUR
2021-07-27,5035,267,3973,795,229126,171484,15236,42406,JAWA TIMUR
2021-07-28,5152,334,3706,1112,234278,175190,15570,43518,JAWA TIMUR
2021-07-29,4413,272,3186,955,238691,178376,15842,44473,JAWA TIMUR
2021-07-30,4150,323,4023,-196,242841,182399,16165,44277,JAWA TIMUR
2021-07-31,3747,268,4144,-665,246588,186543,16433,43612,JAWA TIMUR
2021-08-01,2899,261,4804,-2166,249487,191347,16694,41446,JAWA TIMUR
2021-08-02,1978,270,3754,-2046,251465,195101,16964,39400,JAWA TIMUR
2021-08-03,3292,256,3514,-478,254757,198615,17220,38922,JAWA TIMUR
2021-08-04,3248,282,3337,-371,258005,201952,17502,38551,JAWA TIMUR
2021-08-05,3234,252,3659,-677,261239,205611,17754,37874,JAWA TIMUR
2021-08-06,3590,272,3995,-677,264829,209606,18026,37197,JAWA TIMUR
2021-08-07,2790,258,3630,-1098,267619,213236,18284,36099,JAWA TIMUR
2021-08-08,2037,243,2814,-1020,269656,216050,18527,35079,JAWA TIMUR
2021-08-09,1561,247,2786,-1472,271217,218836,18774,33607,JAWA TIMUR
2021-08-10,2920,207,3542,-829,274137,222378,18981,32778,JAWA TIMUR
2021-08-11,2293,260,3314,-1281,276430,225692,19241,31497,JAWA TIMUR
2021-08-12,2559,254,3234,-929,278989,228926,19495,30568,JAWA TIMUR
2021-08-13,3358,200,3529,-371,282347,232455,19695,30197,JAWA TIMUR
2021-08-14,2617,222,3575,-1180,284964,236030,19917,29017,JAWA TIMUR
2021-08-15,1393,179,2822,-1608,286357,238852,20096,27409,JAWA TIMUR
2021-08-16,1243,192,3030,-1979,287600,241882,20288,25430,JAWA TIMUR
2021-08-17,1882,204,3198,-1520,289482,245080,20492,23910,JAWA TIMUR
2021-08-18,1187,179,2554,-1546,290669,247634,20671,22364,JAWA TIMUR
2021-08-19,2428,178,2966,-716,293097,250600,20849,21648,JAWA TIMUR
2021-08-20,2005,167,2709,-871,295102,253309,21016,20777,JAWA TIMUR
2021-08-21,1682,168,2659,-1145,296784,255968,21184,19632,JAWA TIMUR
2021-08-22,1049,170,2156,-1277,297833,258124,21354,18355,JAWA TIMUR
2021-08-23,859,159,2621,-1921,298692,260745,21513,16434,JAWA TIMUR
2021-08-24,1376,156,2659,-1439,300068,263404,21669,14995,JAWA TIMUR
2021-08-25,1310,170,2164,-1024,301378,265568,21839,13971,JAWA TIMUR
2021-08-26,1071,120,2116,-1165,302449,267684,21959,12806,JAWA TIMUR
2021-08-27,1120,125,1917,-922,303569,269601,22084,11884,JAWA TIMUR
2021-08-28,846,129,1509,-792,304415,271110,22213,11092,JAWA TIMUR
2021-08-29,514,114,1265,-865,304929,272375,22327,10227,JAWA TIMUR
2021-08-30,516,108,1338,-930,305445,273713,22435,9297,JAWA TIMUR
2021-08-31,1074,102,1334,-362,306519,275047,22537,8935,JAWA TIMUR
2021-09-01,888,101,1188,-401,307407,276235,22638,8534,JAWA TIMUR
2021-09-02,681,100,1196,-615,308088,277431,22738,7919,JAWA TIMUR
2021-09-03,611,68,853,-310,308699,278284,22806,7609,JAWA TIMUR
2021-09-04,490,75,954,-539,309189,279238,22881,7070,JAWA TIMUR
2021-09-05,361,57,710,-406,309550,279948,22938,6664,JAWA TIMUR
2021-09-06,288,66,780,-558,309838,280728,23004,6106,JAWA TIMUR
2021-09-07,525,67,807,-349,310363,281535,23071,5757,JAWA TIMUR
2021-09-08,492,43,772,-323,310855,282307,23114,5434,JAWA TIMUR
2021-09-09,412,33,677,-298,311267,282984,23147,5136,JAWA TIMUR
2021-09-10,410,40,626,-256,311677,283610,23187,4880,JAWA TIMUR
2021-09-11,439,33,529,-123,312116,284139,23220,4757,JAWA TIMUR
2021-09-12,299,23,503,-227,312415,284642,23243,4530,JAWA TIMUR
2021-09-13,253,26,534,-307,312668,285176,23269,4223,JAWA TIMUR
2021-09-14,397,21,586,-210,313065,285762,23290,4013,JAWA TIMUR
2021-09-15,340,20,562,-242,313405,286324,23310,3771,JAWA TIMUR
2021-09-16,265,25,509,-269,313670,286833,23335,3502,JAWA TIMUR
2021-09-17,340,19,542,-221,314010,287375,23354,3281,JAWA TIMUR
2021-09-18,241,15,441,-215,314251,287816,23369,3066,JAWA TIMUR
2021-09-19,188,9,391,-212,314439,288207,23378,2854,JAWA TIMUR
2021-09-20,107,17,317,-227,314546,288524,23395,2627,JAWA TIMUR
2021-09-21,256,20,407,-171,314802,288931,23415,2456,JAWA TIMUR
2021-09-22,237,9,291,-63,315039,289222,23424,2393,JAWA TIMUR
2021-09-23,167,18,315,-166,315206,289537,23442,2227,JAWA TIMUR
2021-09-24,171,15,283,-127,315377,289820,23457,2100,JAWA TIMUR
2021-09-25,178,11,292,-125,315555,290112,23468,1975,JAWA TIMUR
2021-09-26,135,6,199,-70,315690,290311,23474,1905,JAWA TIMUR
2021-09-27,68,12,223,-167,315758,290534,23486,1738,JAWA TIMUR
2021-09-28,146,10,186,-50,315904,290720,23496,1688,JAWA TIMUR
2021-09-29,172,9,218,-55,316076,290938,23505,1633,JAWA TIMUR
2021-09-30,155,12,196,-53,316231,291134,23517,1580,JAWA TIMUR
2021-10-01,94,10,179,-95,316325,291313,23527,1485,JAWA TIMUR
2021-10-02,109,9,186,-86,316434,291499,23536,1399,JAWA TIMUR
2021-10-03,92,10,151,-69,316526,291650,23546,1330,JAWA TIMUR
2021-10-04,51,6,164,-119,316577,291814,23552,1211,JAWA TIMUR
2021-10-05,110,4,162,-56,316687,291976,23556,1155,JAWA TIMUR
2021-10-06,129,7,165,-43,316816,292141,23563,1112,JAWA TIMUR
2021-10-07,89,13,149,-73,316905,292290,23576,1039,JAWA TIMUR
2021-10-08,102,5,128,-31,317007,292418,23581,1008,JAWA TIMUR
2021-10-09,94,7,123,-36,317101,292541,23588,972,JAWA TIMUR
2021-10-10,104,3,125,-24,317205,292666,23591,948,JAWA TIMUR
2021-10-11,39,6,104,-71,317244,292770,23597,877,JAWA TIMUR
2021-10-12,129,8,119,2,317373,292889,23605,879,JAWA TIMUR
2021-10-13,91,6,118,-33,317464,293007,23611,846,JAWA TIMUR
2021-10-14,70,3,96,-29,317534,293103,23614,817,JAWA TIMUR
2021-10-15,66,4,100,-38,317600,293203,23618,779,JAWA TIMUR
2021-10-16,82,11,101,-30,317682,293304,23629,749,JAWA TIMUR
2021-10-17,42,4,68,-30,317724,293372,23633,719,JAWA TIMUR
2021-10-18,30,6,71,-47,317754,293443,23639,672,JAWA TIMUR
2021-10-19,75,4,83,-12,317829,293526,23643,660,JAWA TIMUR
2021-10-20,75,6,74,-5,317904,293600,23649,655,JAWA TIMUR
2021-10-21,53,5,68,-20,317957,293668,23654,635,JAWA TIMUR
2021-10-22,52,3,75,-26,318009,293743,23657,609,JAWA TIMUR
2021-10-23,53,3,53,-3,318062,293796,23660,606,JAWA TIMUR
2021-10-24,43,0,54,-11,318105,293850,23660,595,JAWA TIMUR
2021-10-25,24,6,57,-39,318129,293907,23666,556,JAWA TIMUR
2021-10-26,44,7,51,-14,318173,293958,23673,542,JAWA TIMUR
2021-10-27,72,5,78,-11,318245,294036,23678,531,JAWA TIMUR
2021-10-28,60,4,59,-3,318305,294095,23682,528,JAWA TIMUR
2021-10-29,39,4,46,-11,318344,294141,23686,517,JAWA TIMUR
2021-10-30,70,5,48,17,318414,294189,23691,534,JAWA TIMUR
2021-10-31,49,3,48,-2,318463,294237,23694,532,JAWA TIMUR
2021-11-01,34,1,45,-12,318497,294282,23695,520,JAWA TIMUR
2021-11-02,62,3,55,4,318559,294337,23698,524,JAWA TIMUR
2021-11-03,51,8,62,-19,318610,294399,23706,505,JAWA TIMUR
2021-11-04,48,4,47,-3,318658,294446,23710,502,JAWA TIMUR
2021-11-05,38,3,55,-20,318696,294501,23713,482,JAWA TIMUR
2021-11-06,37,2,44,-9,318733,294545,23715,473,JAWA TIMUR
2021-11-07,25,0,32,-7,318758,294577,23715,466,JAWA TIMUR
2021-11-08,28,1,43,-16,318786,294620,23716,450,JAWA TIMUR
2021-11-09,33,6,51,-24,318819,294671,23722,426,JAWA TIMUR
2021-11-10,53,1,63,-11,318872,294734,23723,415,JAWA TIMUR
2021-11-11,32,1,37,-6,318904,294771,23724,409,JAWA TIMUR
2021-11-12,27,4,35,-12,318931,294806,23728,397,JAWA TIMUR
2021-11-13,40,1,40,-1,318971,294846,23729,396,JAWA TIMUR
2021-11-14,24,2,48,-26,318995,294894,23731,370,JAWA TIMUR
2021-11-15,24,1,39,-16,319019,294933,23732,354,JAWA TIMUR
2021-11-16,27,1,33,-7,319046,294966,23733,347,JAWA TIMUR
2021-11-17,35,0,31,4,319081,294997,23733,351,JAWA TIMUR
2021-11-18,20,1,26,-7,319101,295023,23734,344,JAWA TIMUR
2021-11-19,23,1,28,-6,319124,295051,23735,338,JAWA TIMUR
2021-11-20,23,0,29,-6,319147,295080,23735,332,JAWA TIMUR
2021-11-21,19,3,16,0,319166,295096,23738,332,JAWA TIMUR
2021-11-22,19,3,26,-10,319185,295122,23741,322,JAWA TIMUR
2021-11-23,35,1,39,-5,319220,295161,23742,317,JAWA TIMUR
2021-11-24,29,1,22,6,319249,295183,23743,323,JAWA TIMUR
2021-11-25,28,3,16,9,319277,295199,23746,332,JAWA TIMUR
2021-11-26,42,1,33,8,319319,295232,23747,340,JAWA TIMUR
2021-11-27,24,3,16,5,319343,295248,23750,345,JAWA TIMUR
2021-11-28,30,0,22,8,319373,295270,23750,353,JAWA TIMUR
2021-11-29,7,1,12,-6,319380,295282,23751,347,JAWA TIMUR
2021-11-30,28,2,28,-2,319408,295310,23753,345,JAWA TIMUR
2021-12-01,24,1,23,0,319432,295333,23754,345,JAWA TIMUR
2021-12-02,28,0,30,-2,319460,295363,23754,343,JAWA TIMUR
2021-12-03,17,1,29,-13,319477,295392,23755,330,JAWA TIMUR
2021-12-04,26,1,24,1,319503,295416,23756,331,JAWA TIMUR
2021-12-05,25,1,23,1,319528,295439,23757,332,JAWA TIMUR
2021-12-06,14,1,20,-7,319542,295459,23758,325,JAWA TIMUR
2021-12-07,27,0,30,-3,319569,295489,23758,322,JAWA TIMUR
2021-12-08,23,2,26,-5,319592,295515,23760,317,JAWA TIMUR
2021-12-09,24,1,21,2,319616,295536,23761,319,JAWA TIMUR
2021-12-10,15,0,34,-19,319631,295570,23761,300,JAWA TIMUR
2021-12-11,21,2,15,4,319652,295585,23763,304,JAWA TIMUR
2021-12-12,18,1,27,-10,319670,295612,23764,294,JAWA TIMUR
2021-12-13,11,0,16,-5,319681,295628,23764,289,JAWA TIMUR
2021-12-14,21,2,18,1,319702,295646,23766,290,JAWA TIMUR
2021-12-15,26,1,20,5,319728,295666,23767,295,JAWA TIMUR
2021-12-16,17,1,19,-3,319745,295685,23768,292,JAWA TIMUR
2021-12-17,19,0,17,2,319764,295702,23768,294,JAWA TIMUR
2021-12-18,13,2,17,-6,319777,295719,23770,288,JAWA TIMUR
2021-12-19,18,0,11,7,319795,295730,23770,295,JAWA TIMUR
2021-12-20,11,1,19,-9,319806,295749,23771,286,JAWA TIMUR
2021-12-21,11,4,18,-11,319817,295767,23775,275,JAWA TIMUR
2021-12-22,7,1,11,-5,319824,295778,23776,270,JAWA TIMUR
2021-12-23,13,0,18,-5,319837,295796,23776,265,JAWA TIMUR
2021-12-24,22,0,16,6,319859,295812,23776,271,JAWA TIMUR
2021-12-25,9,1,13,-5,319868,295825,23777,266,JAWA TIMUR
2021-12-26,5,0,8,-3,319873,295833,23777,263,JAWA TIMUR
2021-12-27,7,2,17,-12,319880,295850,23779,251,JAWA TIMUR
2021-12-28,22,3,12,7,319902,295862,23782,258,JAWA TIMUR
2021-12-29,15,1,16,-2,319917,295878,23783,256,JAWA TIMUR
2021-12-30,15,1,12,2,319932,295890,23784,258,JAWA TIMUR
2021-12-31,14,4,11,-1,319946,295901,23788,257,JAWA TIMUR
2022-01-01,11,1,12,-2,319957,295913,23789,255,JAWA TIMUR
2022-01-02,6,0,6,0,319963,295919,23789,255,JAWA TIMUR
2022-01-03,10,0,8,2,319973,295927,23789,257,JAWA TIMUR
2022-01-04,14,0,20,-6,319987,295947,23789,251,JAWA TIMUR
2022-01-05,8,2,9,-3,319995,295956,23791,248,JAWA TIMUR
2022-01-06,20,0,13,7,320015,295969,23791,255,JAWA TIMUR
2022-01-07,10,1,14,-5,320025,295983,23792,250,JAWA TIMUR
2022-01-08,24,3,13,8,320049,295996,23795,258,JAWA TIMUR
2022-01-09,14,1,15,-2,320063,296011,23796,256,JAWA TIMUR
2022-01-10,6,1,6,-1,320069,296017,23797,255,JAWA TIMUR
2022-01-11,25,0,11,14,320094,296028,23797,269,JAWA TIMUR
2022-01-12,14,2,8,4,320108,296036,23799,273,JAWA TIMUR
2022-01-13,18,0,9,9,320126,296045,23799,282,JAWA TIMUR
2022-01-14,15,1,13,1,320141,296058,23800,283,JAWA TIMUR
2022-01-15,17,0,16,1,320158,296074,23800,284,JAWA TIMUR
2022-01-16,18,1,12,5,320176,296086,23801,289,JAWA TIMUR
2022-01-17,9,0,14,-5,320185,296100,23801,284,JAWA TIMUR
2022-01-18,39,1,15,23,320224,296115,23802,307,JAWA TIMUR
2022-01-19,37,1,18,18,320261,296133,23803,325,JAWA TIMUR
2022-01-20,64,2,21,41,320325,296154,23805,366,JAWA TIMUR
2022-01-21,74,0,20,54,320399,296174,23805,420,JAWA TIMUR
2022-01-22,64,1,35,28,320463,296209,23806,448,JAWA TIMUR
2022-01-23,58,1,32,25,320521,296241,23807,473,JAWA TIMUR
2022-01-24,50,0,41,9,320571,296282,23807,482,JAWA TIMUR
2022-01-25,161,1,49,111,320732,296331,23808,593,JAWA TIMUR
2022-01-26,187,0,79,108,320919,296410,23808,701,JAWA TIMUR
2022-01-27,191,1,92,98,321110,296502,23809,799,JAWA TIMUR
2022-01-28,252,2,117,133,321362,296619,23811,932,JAWA TIMUR
2022-01-29,290,0,115,175,321652,296734,23811,1107,JAWA TIMUR
2022-01-30,286,0,163,123,321938,296897,23811,1230,JAWA TIMUR
2022-01-31,215,0,203,12,322153,297100,23811,1242,JAWA TIMUR
2022-02-01,592,1,222,369,322745,297322,23812,1611,JAWA TIMUR
2022-02-02,450,1,232,217,323195,297554,23813,1828,JAWA TIMUR
2022-02-03,1106,2,430,674,324301,297984,23815,2502,JAWA TIMUR
2022-02-04,1343,3,518,822,325644,298502,23818,3324,JAWA TIMUR
2022-02-05,1707,1,822,884,327351,299324,23819,4208,JAWA TIMUR
2022-02-06,1793,7,965,821,329144,300289,23826,5029,JAWA TIMUR
2022-02-07,1076,3,1068,5,330220,301357,23829,5034,JAWA TIMUR
2022-02-08,2887,4,1354,1529,333107,302711,23833,6563,JAWA TIMUR
2022-02-09,3523,3,1861,1659,336630,304572,23836,8222,JAWA TIMUR
2022-02-10,3250,3,1981,1266,339880,306553,23839,9488,JAWA TIMUR
2022-02-11,3604,7,2330,1267,343484,308883,23846,10755,JAWA TIMUR
2022-02-12,4729,6,2370,2353,348213,311253,23852,13108,JAWA TIMUR
2022-02-13,4290,12,2621,1657,352503,313874,23864,14765,JAWA TIMUR
2022-02-14,3119,17,2415,687,355622,316289,23881,15452,JAWA TIMUR
2022-02-15,5977,12,2907,3058,361599,319196,23893,18510,JAWA TIMUR
2022-02-16,6337,12,4262,2063,367936,323458,23905,20573,JAWA TIMUR
2022-02-17,7171,20,4802,2349,375107,328260,23925,22922,JAWA TIMUR
2022-02-18,6319,26,4533,1760,381426,332793,23951,24682,JAWA TIMUR
2022-02-19,6392,23,4445,1924,387818,337238,23974,26606,JAWA TIMUR
2022-02-20,4640,17,4424,199,392458,341662,23991,26805,JAWA TIMUR
2022-02-21,2901,27,4196,-1322,395359,345858,24018,25483,JAWA TIMUR
2022-02-22,5914,34,4568,1312,401273,350426,24052,26795,JAWA TIMUR
2022-02-23,5972,42,4587,1343,407245,355013,24094,28138,JAWA TIMUR
2022-02-24,5298,37,5180,81,412543,360193,24131,28219,JAWA TIMUR
2022-02-25,4598,25,4921,-348,417141,365114,24156,27871,JAWA TIMUR
2022-02-26,4292,37,4991,-736,421433,370105,24193,27135,JAWA TIMUR
2022-02-27,3071,38,4949,-1916,424504,375054,24231,25219,JAWA TIMUR
2022-02-28,1810,40,3699,-1929,426314,378753,24271,23290,JAWA TIMUR
2022-03-01,2202,40,4472,-2310,428516,383225,24311,20980,JAWA TIMUR
2022-03-02,3891,47,4276,-432,432407,387501,24358,20548,JAWA TIMUR
2022-03-03,3285,33,4378,-1126,435692,391879,24391,19422,JAWA TIMUR
2022-03-04,1884,48,3607,-1771,437576,395486,24439,17651,JAWA TIMUR
2022-03-05,2930,43,3591,-704,440506,399077,24482,16947,JAWA TIMUR
2022-03-06,1846,36,2974,-1164,442352,402051,24518,15783,JAWA TIMUR
2022-03-07,1102,29,2923,-1850,443454,404974,24547,13933,JAWA TIMUR
2022-03-08,2221,48,2899,-726,445675,407873,24595,13207,JAWA TIMUR
2022-03-09,1784,30,2446,-692,447459,410319,24625,12515,JAWA TIMUR
2022-03-10,1284,35,1896,-647,448743,412215,24660,11868,JAWA TIMUR
2022-03-11,1147,36,1989,-878,449890,414204,24696,10990,JAWA TIMUR
2022-03-12,925,36,1852,-963,450815,416056,24732,10027,JAWA TIMUR
2022-03-13,486,19,1544,-1077,451301,417600,24751,8950,JAWA TIMUR
2022-03-14,681,26,1898,-1243,451982,419498,24777,7707,JAWA TIMUR
2022-03-15,915,35,1536,-656,452897,421034,24812,7051,JAWA TIMUR
2022-03-16,710,24,1406,-720,453607,422440,24836,6331,JAWA TIMUR
2022-03-17,584,30,1215,-661,454191,423655,24866,5670,JAWA TIMUR
2022-03-18,528,28,1159,-659,454719,424814,24894,5011,JAWA TIMUR
2022-03-19,385,15,871,-501,455104,425685,24909,4510,JAWA TIMUR
2022-03-20,350,10,726,-386,455454,426411,24919,4124,JAWA TIMUR
2022-03-21,184,16,764,-596,455638,427175,24935,3528,JAWA TIMUR
2022-03-22,385,24,642,-281,456023,427817,24959,3247,JAWA TIMUR
2022-03-23,357,21,551,-215,456380,428368,24980,3032,JAWA TIMUR
2022-03-24,299,15,529,-245,456679,428897,24995,2787,JAWA TIMUR
2022-03-25,238,21,607,-390,456917,429504,25016,2397,JAWA TIMUR
2022-03-26,245,11,426,-192,457162,429930,25027,2205,JAWA TIMUR
2022-03-27,215,9,324,-118,457377,430254,25036,2087,JAWA TIMUR
2022-03-28,105,11,368,-274,457482,430622,25047,1813,JAWA TIMUR
2022-03-29,241,13,294,-66,457723,430916,25060,1747,JAWA TIMUR
2022-03-30,186,16,314,-144,457909,431230,25076,1603,JAWA TIMUR
2022-03-31,200,9,336,-145,458109,431566,25085,1458,JAWA TIMUR
2022-04-01,137,9,239,-111,458246,431805,25094,1347,JAWA TIMUR
2022-04-02,128,15,182,-69,458374,431987,25109,1278,JAWA TIMUR
2022-04-03,115,9,161,-55,458489,432148,25118,1223,JAWA TIMUR
2022-04-04,98,12,191,-105,458587,432339,25130,1118,JAWA TIMUR
2022-04-05,137,15,186,-64,458724,432525,25145,1054,JAWA TIMUR
2022-04-06,125,8,161,-44,458849,432686,25153,1010,JAWA TIMUR
2022-04-07,116,6,135,-25,458965,432821,25159,985,JAWA TIMUR
2022-04-08,95,9,153,-67,459060,432974,25168,918,JAWA TIMUR
2022-04-09,62,10,100,-48,459122,433074,25178,870,JAWA TIMUR
2022-04-10,66,5,124,-63,459188,433198,25183,807,JAWA TIMUR
2022-04-11,42,8,99,-65,459230,433297,25191,742,JAWA TIMUR
2022-04-12,88,3,98,-13,459318,433395,25194,729,JAWA TIMUR
2022-04-13,68,4,95,-31,459386,433490,25198,698,JAWA TIMUR
2022-04-14,61,7,95,-41,459447,433585,25205,657,JAWA TIMUR
2022-04-15,40,3,68,-31,459487,433653,25208,626,JAWA TIMUR
2022-04-16,29,3,64,-38,459516,433717,25211,588,JAWA TIMUR
2022-04-17,46,3,62,-19,459562,433779,25214,569,JAWA TIMUR
2022-04-18,24,2,69,-47,459586,433848,25216,522,JAWA TIMUR
2022-04-19,57,6,69,-18,459643,433917,25222,504,JAWA TIMUR
2022-04-20,32,4,63,-35,459675,433980,25226,469,JAWA TIMUR
2022-04-21,19,3,42,-26,459694,434022,25229,443,JAWA TIMUR
2022-04-22,33,1,46,-14,459727,434068,25230,429,JAWA TIMUR
2022-04-23,35,3,39,-7,459762,434107,25233,422,JAWA TIMUR
2022-04-24,25,4,28,-7,459787,434135,25237,415,JAWA TIMUR
2022-04-25,21,3,44,-26,459808,434179,25240,389,JAWA TIMUR
2022-04-26,43,2,46,-5,459851,434225,25242,384,JAWA TIMUR
2022-04-27,24,3,35,-14,459875,434260,25245,370,JAWA TIMUR
2022-04-28,24,3,36,-15,459899,434296,25248,355,JAWA TIMUR
2022-04-29,32,1,28,3,459931,434324,25249,358,JAWA TIMUR
2022-04-30,13,0,26,-13,459944,434350,25249,345,JAWA TIMUR
2022-05-01,18,1,24,-7,459962,434374,25250,338,JAWA TIMUR
2022-05-02,8,1,14,-7,459970,434388,25251,331,JAWA TIMUR
2022-05-03,7,3,13,-9,459977,434401,25254,322,JAWA TIMUR
2022-05-04,12,2,22,-12,459989,434423,25256,310,JAWA TIMUR
2022-05-05,14,2,23,-11,460003,434446,25258,299,JAWA TIMUR
2022-05-06,19,2,23,-6,460022,434469,25260,293,JAWA TIMUR
2022-05-07,14,3,25,-14,460036,434494,25263,279,JAWA TIMUR
2022-05-08,14,1,24,-11,460050,434518,25264,268,JAWA TIMUR
2022-05-09,14,0,17,-3,460064,434535,25264,265,JAWA TIMUR
2022-05-10,30,2,26,2,460094,434561,25266,267,JAWA TIMUR
2022-05-11,36,0,20,16,460130,434581,25266,283,JAWA TIMUR
2022-05-12,33,1,26,6,460163,434607,25267,289,JAWA TIMUR
2022-05-13,22,2,16,4,460185,434623,25269,293,JAWA TIMUR
2022-05-14,25,1,21,3,460210,434644,25270,296,JAWA TIMUR
2022-05-15,26,0,16,10,460236,434660,25270,306,JAWA TIMUR
2022-05-16,11,1,21,-11,460247,434681,25271,295,JAWA TIMUR
2022-05-17,14,2,17,-5,460261,434698,25273,290,JAWA TIMUR
2022-05-18,28,3,18,7,460289,434716,25276,297,JAWA TIMUR
2022-05-19,29,1,26,2,460318,434742,25277,299,JAWA TIMUR
2022-05-20,16,0,18,-2,460334,434760,25277,297,JAWA TIMUR
2022-05-21,29,2,25,2,460363,434785,25279,299,JAWA TIMUR
2022-05-22,21,0,21,0,460384,434806,25279,299,JAWA TIMUR
2022-05-23,16,0,29,-13,460400,434835,25279,286,JAWA TIMUR
2022-05-24,18,2,22,-6,460418,434857,25281,280,JAWA TIMUR
2022-05-25,17,0,20,-3,460435,434877,25281,277,JAWA TIMUR
2022-05-26,12,0,17,-5,460447,434894,25281,272,JAWA TIMUR
2022-05-27,14,1,26,-13,460461,434920,25282,259,JAWA TIMUR
2022-05-28,19,1,10,8,460480,434930,25283,267,JAWA TIMUR
2022-05-29,16,0,17,-1,460496,434947,25283,266,JAWA TIMUR
2022-05-30,18,1,17,0,460514,434964,25284,266,JAWA TIMUR
2022-05-31,30,0,17,13,460544,434981,25284,279,JAWA TIMUR
2022-06-01,23,1,19,3,460567,435000,25285,282,JAWA TIMUR
2022-06-02,24,0,20,4,460591,435020,25285,286,JAWA TIMUR
2022-06-03,24,0,23,1,460615,435043,25285,287,JAWA TIMUR
2022-06-04,28,0,29,-1,460643,435072,25285,286,JAWA TIMUR
2022-06-05,29,0,17,12,460672,435089,25285,298,JAWA TIMUR
2022-06-06,21,1,22,-2,460693,435111,25286,296,JAWA TIMUR
2022-06-07,26,1,21,4,460719,435132,25287,300,JAWA TIMUR
2022-06-08,32,1,19,12,460751,435151,25288,312,JAWA TIMUR
2022-06-09,27,0,28,-1,460778,435179,25288,311,JAWA TIMUR
2022-06-10,34,0,27,7,460812,435206,25288,318,JAWA TIMUR
2022-06-11,35,0,32,3,460847,435238,25288,321,JAWA TIMUR
2022-06-12,23,1,31,-9,460870,435269,25289,312,JAWA TIMUR
2022-06-13,23,0,29,-6,460893,435298,25289,306,JAWA TIMUR
2022-06-14,44,2,34,8,460937,435332,25291,314,JAWA TIMUR
2022-06-15,54,0,45,9,460991,435377,25291,323,JAWA TIMUR
2022-06-16,51,1,44,6,461042,435421,25292,329,JAWA TIMUR
2022-06-17,49,1,45,3,461091,435466,25293,332,JAWA TIMUR
2022-06-18,55,0,42,13,461146,435508,25293,345,JAWA TIMUR
2022-06-19,59,0,45,14,461205,435553,25293,359,JAWA TIMUR
2022-06-20,39,1,49,-11,461244,435602,25294,348,JAWA TIMUR
2022-06-21,61,0,49,12,461305,435651,25294,360,JAWA TIMUR
2022-06-22,77,1,62,14,461382,435713,25295,374,JAWA TIMUR
2022-06-23,85,0,77,8,461467,435790,25295,382,JAWA TIMUR
2022-06-24,67,0,71,-4,461534,435861,25295,378,JAWA TIMUR
2022-06-25,77,0,67,10,461611,435928,25295,388,JAWA TIMUR
2022-06-26,58,0,58,0,461669,435986,25295,388,JAWA TIMUR
2022-06-27,59,0,60,-1,461728,436046,25295,387,JAWA TIMUR
2022-06-28,88,0,81,7,461816,436127,25295,394,JAWA TIMUR
2022-06-29,98,0,82,16,461914,436209,25295,410,JAWA TIMUR
2022-06-30,99,0,95,4,462013,436304,25295,414,JAWA TIMUR
2022-07-01,84,0,82,2,462097,436386,25295,416,JAWA TIMUR
2022-07-02,80,0,87,-7,462177,436473,25295,409,JAWA TIMUR
2022-07-03,74,0,65,9,462251,436538,25295,418,JAWA TIMUR
2022-07-04,73,1,93,-21,462324,436631,25296,397,JAWA TIMUR
2022-07-05,124,1,100,23,462448,436731,25297,420,JAWA TIMUR
2022-07-06,122,2,104,16,462570,436835,25299,436,JAWA TIMUR
2022-07-07,134,0,109,25,462704,436944,25299,461,JAWA TIMUR
2022-07-08,137,0,130,7,462841,437074,25299,468,JAWA TIMUR
2022-07-09,128,1,116,11,462969,437190,25300,479,JAWA TIMUR
2022-07-10,122,0,120,2,463091,437310,25300,481,JAWA TIMUR
2022-07-11,85,1,110,-26,463176,437420,25301,455,JAWA TIMUR
2022-07-12,227,1,137,89,463403,437557,25302,544,JAWA TIMUR
2022-07-13,179,0,149,30,463582,437706,25302,574,JAWA TIMUR
2022-07-14,195,0,180,15,463777,437886,25302,589,JAWA TIMUR
2022-07-15,154,0,196,-42,463931,438082,25302,547,JAWA TIMUR
2022-07-16,201,0,199,2,464132,438281,25302,549,JAWA TIMUR
2022-07-17,183,0,177,6,464315,438458,25302,555,JAWA TIMUR
2022-07-18,150,0,166,-16,464465,438624,25302,539,JAWA TIMUR
2022-07-19,284,1,180,103,464749,438804,25303,642,JAWA TIMUR
2022-07-20,263,0,243,20,465012,439047,25303,662,JAWA TIMUR
2022-07-21,255,0,249,6,465267,439296,25303,668,JAWA TIMUR
2022-07-22,223,0,261,-38,465490,439557,25303,630,JAWA TIMUR
2022-07-23,229,2,199,28,465719,439756,25305,658,JAWA TIMUR
2022-07-24,232,0,245,-13,465951,440001,25305,645,JAWA TIMUR
2022-07-25,169,1,199,-31,466120,440200,25306,614,JAWA TIMUR
2022-07-26,330,0,232,98,466450,440432,25306,712,JAWA TIMUR
2022-07-27,291,0,260,31,466741,440692,25306,743,JAWA TIMUR
2022-07-28,308,1,280,27,467049,440972,25307,770,JAWA TIMUR
2022-07-29,245,1,290,-46,467294,441262,25308,724,JAWA TIMUR
2022-07-30,263,1,240,22,467557,441502,25309,746,JAWA TIMUR
2022-07-31,214,0,252,-38,467771,441754,25309,708,JAWA TIMUR
2022-08-01,244,1,256,-13,468015,442010,25310,695,JAWA TIMUR
2022-08-02,424,3,271,150,468439,442281,25313,845,JAWA TIMUR
2022-08-03,403,2,324,77,468842,442605,25315,922,JAWA TIMUR
2022-08-04,386,3,314,69,469228,442919,25318,991,JAWA TIMUR
2022-08-05,330,0,327,3,469558,443246,25318,994,JAWA TIMUR
2022-08-06,384,0,324,60,469942,443570,25318,1054,JAWA TIMUR
2022-08-07,299,1,300,-2,470241,443870,25319,1052,JAWA TIMUR
2022-08-08,215,2,317,-104,470456,444187,25321,948,JAWA TIMUR
2022-08-09,459,2,352,105,470915,444539,25323,1053,JAWA TIMUR
2022-08-10,378,2,360,16,471293,444899,25325,1069,JAWA TIMUR
2022-08-11,363,2,395,-34,471656,445294,25327,1035,JAWA TIMUR
2022-08-12,352,2,326,24,472008,445620,25329,1059,JAWA TIMUR
2022-08-13,313,0,335,-22,472321,445955,25329,1037,JAWA TIMUR
2022-08-14,296,1,320,-25,472617,446275,25330,1012,JAWA TIMUR
2022-08-15,197,0,278,-81,472814,446553,25330,931,JAWA TIMUR
2022-08-16,460,1,387,72,473274,446940,25331,1003,JAWA TIMUR
2022-08-17,304,2,325,-23,473578,447265,25333,980,JAWA TIMUR
2022-08-18,217,4,348,-135,473795,447613,25337,845,JAWA TIMUR
2022-08-19,384,2,288,94,474179,447901,25339,939,JAWA TIMUR
2022-08-20,333,3,311,19,474512,448212,25342,958,JAWA TIMUR
2022-08-21,290,0,273,17,474802,448485,25342,975,JAWA TIMUR
2022-08-22,174,1,261,-88,474976,448746,25343,887,JAWA TIMUR
2022-08-23,406,1,266,139,475382,449012,25344,1026,JAWA TIMUR
2022-08-24,337,1,281,55,475719,449293,25345,1081,JAWA TIMUR
2022-08-25,331,0,332,-1,476050,449625,25345,1080,JAWA TIMUR
2022-08-26,326,2,336,-12,476376,449961,25347,1068,JAWA TIMUR
2022-08-27,240,2,268,-30,476616,450229,25349,1038,JAWA TIMUR
2022-08-28,187,1,248,-62,476803,450477,25350,976,JAWA TIMUR
2022-08-29,219,2,282,-65,477022,450759,25352,911,JAWA TIMUR
2022-08-30,400,3,294,103,477422,451053,25355,1014,JAWA TIMUR
2022-08-31,317,2,337,-22,477739,451390,25357,992,JAWA TIMUR
2022-09-01,330,1,312,17,478069,451702,25358,1009,JAWA TIMUR
2022-09-02,311,2,326,-17,478380,452028,25360,992,JAWA TIMUR
2022-09-03,231,3,262,-34,478611,452290,25363,958,JAWA TIMUR
2022-09-04,244,3,210,31,478855,452500,25366,989,JAWA TIMUR
2022-09-05,171,0,258,-87,479026,452758,25366,902,JAWA TIMUR
2022-09-06,314,3,259,52,479340,453017,25369,954,JAWA TIMUR
2022-09-07,311,2,275,34,479651,453292,25371,988,JAWA TIMUR
2022-09-08,245,3,285,-43,479896,453577,25374,945,JAWA TIMUR
2022-09-09,237,2,258,-23,480133,453835,25376,922,JAWA TIMUR
2022-09-10,194,3,209,-18,480327,454044,25379,904,JAWA TIMUR
2022-09-11,185,2,199,-16,480512,454243,25381,888,JAWA TIMUR
2022-09-12,139,4,188,-53,480651,454431,25385,835,JAWA TIMUR
2022-09-13,261,2,207,52,480912,454638,25387,887,JAWA TIMUR
2022-09-14,198,4,183,11,481110,454821,25391,898,JAWA TIMUR
2022-09-15,220,1,203,16,481330,455024,25392,914,JAWA TIMUR
2022-09-16,176,1,203,-28,481506,455227,25393,886,JAWA TIMUR
2022-09-17,155,3,162,-10,481661,455389,25396,876,JAWA TIMUR
2022-09-18,156,1,162,-7,481817,455551,25397,869,JAWA TIMUR
2022-09-19,120,3,176,-59,481937,455727,25400,810,JAWA TIMUR
2022-09-20,200,2,162,36,482137,455889,25402,846,JAWA TIMUR
2022-09-21,185,3,157,25,482322,456046,25405,871,JAWA TIMUR
2022-09-22,213,2,188,23,482535,456234,25407,894,JAWA TIMUR
2022-09-23,165,4,192,-31,482700,456426,25411,863,JAWA TIMUR
2022-09-24,150,1,150,-1,482850,456576,25412,862,JAWA TIMUR
2022-09-25,133,1,134,-2,482983,456710,25413,860,JAWA TIMUR
2022-09-26,119,2,162,-45,483102,456872,25415,815,JAWA TIMUR
2022-09-27,61,3,90,-32,483163,456962,25418,783,JAWA TIMUR
2022-09-28,146,3,51,92,483309,457013,25421,875,JAWA TIMUR
2022-09-29,44,1,76,-33,483353,457089,25422,842,JAWA TIMUR
2022-09-30,163,1,35,127,483516,457124,25423,969,JAWA TIMUR
2020-03-22,1,0,0,1,1,0,0,1,MALUKU
2020-03-23,0,0,0,0,1,0,0,1,MALUKU
2020-03-24,0,0,0,0,1,0,0,1,MALUKU
2020-03-25,0,0,0,0,1,0,0,1,MALUKU
2020-03-26,0,0,0,0,1,0,0,1,MALUKU
2020-03-27,0,0,0,0,1,0,0,1,MALUKU
2020-03-28,0,0,0,0,1,0,0,1,MALUKU
2020-03-29,0,0,0,0,1,0,0,1,MALUKU
2020-03-30,0,0,0,0,1,0,0,1,MALUKU
2020-03-31,0,0,0,0,1,0,0,1,MALUKU
2020-04-01,0,0,1,-1,1,1,0,0,MALUKU
2020-04-02,0,0,0,0,1,1,0,0,MALUKU
2020-04-03,0,0,0,0,1,1,0,0,MALUKU
2020-04-04,0,0,0,0,1,1,0,0,MALUKU
2020-04-05,0,0,0,0,1,1,0,0,MALUKU
2020-04-06,0,0,0,0,1,1,0,0,MALUKU
2020-04-07,0,0,0,0,1,1,0,0,MALUKU
2020-04-08,1,0,0,1,2,1,0,1,MALUKU
2020-04-09,0,0,0,0,2,1,0,1,MALUKU
2020-04-10,0,0,0,0,2,1,0,1,MALUKU
2020-04-11,0,0,0,0,2,1,0,1,MALUKU
2020-04-12,5,0,0,5,7,1,0,6,MALUKU
2020-04-13,0,0,0,0,7,1,0,6,MALUKU
2020-04-14,0,0,0,0,7,1,0,6,MALUKU
2020-04-15,2,0,0,2,9,1,0,8,MALUKU
2020-04-16,0,0,0,0,9,1,0,8,MALUKU
2020-04-17,0,0,0,0,9,1,0,8,MALUKU
2020-04-18,3,0,3,0,12,4,0,8,MALUKU
2020-04-19,0,0,0,0,12,4,0,8,MALUKU
2020-04-20,0,0,3,-3,12,7,0,5,MALUKU
2020-04-21,0,0,0,0,12,7,0,5,MALUKU
2020-04-22,0,0,0,0,12,7,0,5,MALUKU
2020-04-23,0,0,0,0,12,7,0,5,MALUKU
2020-04-24,0,0,0,0,12,7,0,5,MALUKU
2020-04-25,3,0,0,3,15,7,0,8,MALUKU
2020-04-26,0,0,0,0,15,7,0,8,MALUKU
2020-04-27,0,0,0,0,15,7,0,8,MALUKU
2020-04-28,1,0,1,0,16,8,0,8,MALUKU
2020-04-29,1,0,0,1,17,8,0,9,MALUKU
2020-04-30,0,0,0,0,17,8,0,9,MALUKU
2020-05-01,0,0,0,0,17,8,0,9,MALUKU
2020-05-02,0,0,0,0,17,8,0,9,MALUKU
2020-05-03,0,0,0,0,17,8,0,9,MALUKU
2020-05-04,0,0,0,0,17,8,0,9,MALUKU
2020-05-05,0,0,0,0,17,8,0,9,MALUKU
2020-05-06,0,2,0,-2,17,8,2,7,MALUKU
2020-05-07,0,0,0,0,17,8,2,7,MALUKU
2020-05-08,7,0,0,7,24,8,2,14,MALUKU
2020-05-09,0,0,0,0,24,8,2,14,MALUKU
2020-05-10,0,0,1,-1,24,9,2,13,MALUKU
2020-05-11,0,2,3,-5,24,12,4,8,MALUKU
2020-05-12,17,0,0,17,41,12,4,25,MALUKU
2020-05-13,0,0,0,0,41,12,4,25,MALUKU
2020-05-14,11,0,0,11,52,12,4,36,MALUKU
2020-05-15,0,0,0,0,52,12,4,36,MALUKU
2020-05-16,0,0,0,0,52,12,4,36,MALUKU
2020-05-17,18,2,2,14,70,14,6,50,MALUKU
2020-05-18,19,0,0,19,89,14,6,69,MALUKU
2020-05-19,0,0,0,0,89,14,6,69,MALUKU
2020-05-20,13,1,0,12,102,14,7,81,MALUKU
2020-05-21,9,0,0,9,111,14,7,90,MALUKU
2020-05-22,19,0,0,19,130,14,7,109,MALUKU
2020-05-23,0,0,0,0,130,14,7,109,MALUKU
2020-05-24,2,0,5,-3,132,19,7,106,MALUKU
2020-05-25,1,0,0,1,133,19,7,107,MALUKU
2020-05-26,0,0,0,0,133,19,7,107,MALUKU
2020-05-27,9,1,7,1,142,26,8,108,MALUKU
2020-05-28,16,0,1,15,158,27,8,123,MALUKU
2020-05-29,19,0,0,19,177,27,8,142,MALUKU
2020-05-30,0,0,1,-1,177,28,8,141,MALUKU
2020-05-31,7,0,0,7,184,28,8,148,MALUKU
2020-06-01,0,0,0,0,184,28,8,148,MALUKU
2020-06-02,0,0,15,-15,184,43,8,133,MALUKU
2020-06-03,12,0,0,12,196,43,8,145,MALUKU
2020-06-04,0,0,4,-4,196,47,8,141,MALUKU
2020-06-05,16,0,2,14,212,49,8,155,MALUKU
2020-06-06,7,0,1,6,219,50,8,161,MALUKU
2020-06-07,7,0,0,7,226,50,8,168,MALUKU
2020-06-08,27,0,10,17,253,60,8,185,MALUKU
2020-06-09,8,0,8,0,261,68,8,185,MALUKU
2020-06-10,12,0,0,12,273,68,8,197,MALUKU
2020-06-11,0,0,0,0,273,68,8,197,MALUKU
2020-06-12,44,1,15,28,317,83,9,225,MALUKU
2020-06-13,10,0,1,9,327,84,9,234,MALUKU
2020-06-14,17,0,3,14,344,87,9,248,MALUKU
2020-06-15,28,1,0,27,372,87,10,275,MALUKU
2020-06-16,33,2,2,29,405,89,12,304,MALUKU
2020-06-17,18,0,2,16,423,91,12,320,MALUKU
2020-06-18,13,0,0,13,436,91,12,333,MALUKU
2020-06-19,8,0,18,-10,444,109,12,323,MALUKU
2020-06-20,29,0,20,9,473,129,12,332,MALUKU
2020-06-21,12,0,0,12,485,129,12,344,MALUKU
2020-06-22,26,0,3,23,511,132,12,367,MALUKU
2020-06-23,1,0,4,-3,512,136,12,364,MALUKU
2020-06-24,30,1,4,25,542,140,13,389,MALUKU
2020-06-25,10,0,15,-5,552,155,13,384,MALUKU
2020-06-26,6,1,5,0,558,160,14,384,MALUKU
2020-06-27,11,0,18,-7,569,178,14,377,MALUKU
2020-06-28,6,0,9,-3,575,187,14,374,MALUKU
2020-06-29,10,0,22,-12,585,209,14,362,MALUKU
2020-06-30,11,1,5,5,596,214,15,367,MALUKU
2020-07-01,6,0,14,-8,602,228,15,359,MALUKU
2020-07-02,9,1,18,-10,611,246,16,349,MALUKU
2020-07-03,7,0,8,-1,618,254,16,348,MALUKU
2020-07-04,5,0,49,-44,623,303,16,304,MALUKU
2020-07-05,14,0,2,12,637,305,16,316,MALUKU
2020-07-06,8,0,2,6,645,307,16,322,MALUKU
2020-07-07,18,0,26,-8,663,333,16,314,MALUKU
2020-07-08,7,0,40,-33,670,373,16,281,MALUKU
2020-07-09,6,0,16,-10,676,389,16,271,MALUKU
2020-07-10,12,0,18,-6,688,407,16,265,MALUKU
2020-07-11,5,0,26,-21,693,433,16,244,MALUKU
2020-07-12,10,0,20,-10,703,453,16,234,MALUKU
2020-07-13,24,0,3,21,727,456,16,255,MALUKU
2020-07-14,0,0,0,0,727,456,16,255,MALUKU
2020-07-15,15,0,6,9,742,462,16,264,MALUKU
2020-07-16,2,0,16,-14,744,478,16,250,MALUKU
2020-07-17,2,0,0,2,746,478,16,252,MALUKU
2020-07-18,1,1,0,0,747,478,17,252,MALUKU
2020-07-19,24,1,3,20,771,481,18,272,MALUKU
2020-07-20,15,0,6,9,786,487,18,281,MALUKU
2020-07-21,14,0,7,7,800,494,18,288,MALUKU
2020-07-22,0,0,0,0,800,494,18,288,MALUKU
2020-07-23,11,0,3,8,811,497,18,296,MALUKU
2020-07-24,0,0,2,-2,811,499,18,294,MALUKU
2020-07-25,5,0,0,5,816,499,18,299,MALUKU
2020-07-26,26,0,2,24,842,501,18,323,MALUKU
2020-07-27,0,0,6,-6,842,507,18,317,MALUKU
2020-07-28,19,1,32,-14,861,539,19,303,MALUKU
2020-07-29,0,0,12,-12,861,551,19,291,MALUKU
2020-07-30,18,1,1,16,879,552,20,307,MALUKU
2020-07-31,0,0,0,0,879,552,20,307,MALUKU
2020-08-01,24,0,35,-11,903,587,20,296,MALUKU
2020-08-02,8,0,4,4,911,591,20,300,MALUKU
2020-08-03,0,0,1,-1,911,592,20,299,MALUKU
2020-08-04,9,0,4,5,920,596,20,304,MALUKU
2020-08-05,24,0,11,13,944,607,20,317,MALUKU
2020-08-06,38,2,10,26,982,617,22,343,MALUKU
2020-08-07,55,0,7,48,1037,624,22,391,MALUKU
2020-08-08,3,0,2,1,1040,626,22,392,MALUKU
2020-08-09,21,0,0,21,1061,626,22,413,MALUKU
2020-08-10,14,0,10,4,1075,636,22,417,MALUKU
2020-08-11,2,0,47,-45,1077,683,22,372,MALUKU
2020-08-12,16,0,23,-7,1093,706,22,365,MALUKU
2020-08-13,28,0,20,8,1121,726,22,373,MALUKU
2020-08-14,5,0,1,4,1126,727,22,377,MALUKU
2020-08-15,27,3,23,1,1153,750,25,378,MALUKU
2020-08-16,35,0,6,29,1188,756,25,407,MALUKU
2020-08-17,24,1,0,23,1212,756,26,430,MALUKU
2020-08-18,5,1,25,-21,1217,781,27,409,MALUKU
2020-08-19,19,0,16,3,1236,797,27,412,MALUKU
2020-08-20,47,1,0,46,1283,797,28,458,MALUKU
2020-08-21,0,0,0,0,1283,797,28,458,MALUKU
2020-08-22,3,0,2,1,1286,799,28,459,MALUKU
2020-08-23,45,0,0,45,1331,799,28,504,MALUKU
2020-08-24,7,0,9,-2,1338,808,28,502,MALUKU
2020-08-25,50,1,36,13,1388,844,29,515,MALUKU
2020-08-26,4,1,25,-22,1392,869,30,493,MALUKU
2020-08-27,23,0,12,11,1415,881,30,504,MALUKU
2020-08-28,4,0,0,4,1419,881,30,508,MALUKU
2020-08-29,21,0,1,20,1440,882,30,528,MALUKU
2020-08-30,19,0,0,19,1459,882,30,547,MALUKU
2020-08-31,23,0,41,-18,1482,923,30,529,MALUKU
2020-09-01,36,0,31,5,1518,954,30,534,MALUKU
2020-09-02,9,1,7,1,1527,961,31,535,MALUKU
2020-09-03,37,0,14,23,1564,975,31,558,MALUKU
2020-09-04,36,0,19,17,1600,994,31,575,MALUKU
2020-09-05,49,0,16,33,1649,1010,31,608,MALUKU
2020-09-06,66,1,20,45,1715,1030,32,653,MALUKU
2020-09-07,17,0,23,-6,1732,1053,32,647,MALUKU
2020-09-08,30,0,41,-11,1762,1094,32,636,MALUKU
2020-09-09,15,0,7,8,1777,1101,32,644,MALUKU
2020-09-10,14,0,0,14,1791,1101,32,658,MALUKU
2020-09-11,96,0,31,65,1887,1132,32,723,MALUKU
2020-09-12,9,2,6,1,1896,1138,34,724,MALUKU
2020-09-13,44,0,0,44,1940,1138,34,768,MALUKU
2020-09-14,20,0,77,-57,1960,1215,34,711,MALUKU
2020-09-15,11,0,11,0,1971,1226,34,711,MALUKU
2020-09-16,13,0,0,13,1984,1226,34,724,MALUKU
2020-09-17,3,0,0,3,1987,1226,34,727,MALUKU
2020-09-18,5,0,45,-40,1992,1271,34,687,MALUKU
2020-09-19,28,0,37,-9,2020,1308,34,678,MALUKU
2020-09-20,12,0,0,12,2032,1308,34,690,MALUKU
2020-09-21,41,0,1,40,2073,1309,34,730,MALUKU
2020-09-22,30,0,26,4,2103,1335,34,734,MALUKU
2020-09-23,2,0,19,-17,2105,1354,34,717,MALUKU
2020-09-24,0,0,0,0,2105,1354,34,717,MALUKU
2020-09-25,0,0,0,0,2105,1354,34,717,MALUKU
2020-09-26,58,1,6,51,2163,1360,35,768,MALUKU
2020-09-27,0,0,32,-32,2163,1392,35,736,MALUKU
2020-09-28,0,0,0,0,2163,1392,35,736,MALUKU
2020-09-29,78,0,50,28,2241,1442,35,764,MALUKU
2020-09-30,0,0,0,0,2241,1442,35,764,MALUKU
2020-10-01,34,0,40,-6,2275,1482,35,758,MALUKU
2020-10-02,98,0,0,98,2373,1482,35,856,MALUKU
2020-10-03,0,0,21,-21,2373,1503,35,835,MALUKU
2020-10-04,48,0,24,24,2421,1527,35,859,MALUKU
2020-10-05,16,0,0,16,2437,1527,35,875,MALUKU
2020-10-06,58,0,11,47,2495,1538,35,922,MALUKU
2020-10-07,39,0,41,-2,2534,1579,35,920,MALUKU
2020-10-08,67,0,25,42,2601,1604,35,962,MALUKU
2020-10-09,0,0,0,0,2601,1604,35,962,MALUKU
2020-10-10,92,1,16,75,2693,1620,36,1037,MALUKU
2020-10-11,32,0,0,32,2725,1620,36,1069,MALUKU
2020-10-12,10,0,97,-87,2735,1717,36,982,MALUKU
2020-10-13,4,0,85,-81,2739,1802,36,901,MALUKU
2020-10-14,1,0,16,-15,2740,1818,36,886,MALUKU
2020-10-15,11,0,140,-129,2751,1958,36,757,MALUKU
2020-10-16,5,0,55,-50,2756,2013,36,707,MALUKU
2020-10-17,36,0,89,-53,2792,2102,36,654,MALUKU
2020-10-18,31,0,52,-21,2823,2154,36,633,MALUKU
2020-10-19,31,1,26,4,2854,2180,37,637,MALUKU
2020-10-20,13,0,49,-36,2867,2229,37,601,MALUKU
2020-10-21,6,1,24,-19,2873,2253,38,582,MALUKU
2020-10-22,0,0,0,0,2873,2253,38,582,MALUKU
2020-10-23,21,0,38,-17,2894,2291,38,565,MALUKU
2020-10-24,56,1,34,21,2950,2325,39,586,MALUKU
2020-10-25,15,0,82,-67,2965,2407,39,519,MALUKU
2020-10-26,0,0,41,-41,2965,2448,39,478,MALUKU
2020-10-27,26,2,30,-6,2991,2478,41,472,MALUKU
2020-10-28,10,0,31,-21,3001,2509,41,451,MALUKU
2020-10-29,5,0,21,-16,3006,2530,41,435,MALUKU
2020-10-30,0,0,0,0,3006,2530,41,435,MALUKU
2020-10-31,45,0,30,15,3051,2560,41,450,MALUKU
2020-11-01,6,0,0,6,3057,2560,41,456,MALUKU
2020-11-02,0,0,28,-28,3057,2588,41,428,MALUKU
2020-11-03,10,0,0,10,3067,2588,41,438,MALUKU
2020-11-04,0,0,0,0,3067,2588,41,438,MALUKU
2020-11-05,4,0,15,-11,3071,2603,41,427,MALUKU
2020-11-06,22,1,27,-6,3093,2630,42,421,MALUKU
2020-11-07,8,0,63,-55,3101,2693,42,366,MALUKU
2020-11-08,31,0,9,22,3132,2702,42,388,MALUKU
2020-11-09,8,1,12,-5,3140,2714,43,383,MALUKU
2020-11-10,25,0,14,11,3165,2728,43,394,MALUKU
2020-11-11,20,0,12,8,3185,2740,43,402,MALUKU
2020-11-12,31,0,15,16,3216,2755,43,418,MALUKU
2020-11-13,14,2,40,-28,3230,2795,45,390,MALUKU
2020-11-14,16,0,6,10,3246,2801,45,400,MALUKU
2020-11-15,12,0,2,10,3258,2803,45,410,MALUKU
2020-11-16,0,0,4,-4,3258,2807,45,406,MALUKU
2020-11-17,14,0,26,-12,3272,2833,45,394,MALUKU
2020-11-18,4,0,3,1,3276,2836,45,395,MALUKU
2020-11-19,42,3,11,28,3318,2847,48,423,MALUKU
2020-11-20,7,0,17,-10,3325,2864,48,413,MALUKU
2020-11-21,25,2,33,-10,3350,2897,50,403,MALUKU
2020-11-22,7,0,0,7,3357,2897,50,410,MALUKU
2020-11-23,11,0,23,-12,3368,2920,50,398,MALUKU
2020-11-24,0,0,0,0,3368,2920,50,398,MALUKU
2020-11-25,42,0,40,2,3410,2960,50,400,MALUKU
2020-11-26,82,0,5,77,3492,2965,50,477,MALUKU
2020-11-27,0,0,2,-2,3492,2967,50,475,MALUKU
2020-11-28,32,1,12,19,3524,2979,51,494,MALUKU
2020-11-29,88,0,14,74,3612,2993,51,568,MALUKU
2020-11-30,34,0,5,29,3646,2998,51,597,MALUKU
2020-12-01,0,0,4,-4,3646,3002,51,593,MALUKU
2020-12-02,0,0,9,-9,3646,3011,51,584,MALUKU
2020-12-03,1,0,0,1,3647,3011,51,585,MALUKU
2020-12-04,4,0,5,-1,3651,3016,51,584,MALUKU
2020-12-05,0,0,4,-4,3651,3020,51,580,MALUKU
2020-12-06,39,3,0,36,3690,3020,54,616,MALUKU
2020-12-07,32,0,0,32,3722,3020,54,648,MALUKU
2020-12-08,0,0,17,-17,3722,3037,54,631,MALUKU
2020-12-09,34,1,0,33,3756,3037,55,664,MALUKU
2020-12-10,8,0,4,4,3764,3041,55,668,MALUKU
2020-12-11,33,0,9,24,3797,3050,55,692,MALUKU
2020-12-12,60,1,4,55,3857,3054,56,747,MALUKU
2020-12-13,27,0,5,22,3884,3059,56,769,MALUKU
2020-12-14,0,0,8,-8,3884,3067,56,761,MALUKU
2020-12-15,108,1,21,86,3992,3088,57,847,MALUKU
2020-12-16,77,0,0,77,4069,3088,57,924,MALUKU
2020-12-17,152,0,18,134,4221,3106,57,1058,MALUKU
2020-12-18,0,0,0,0,4221,3106,57,1058,MALUKU
2020-12-19,36,0,48,-12,4257,3154,57,1046,MALUKU
2020-12-20,51,0,12,39,4308,3166,57,1085,MALUKU
2020-12-21,14,0,13,1,4322,3179,57,1086,MALUKU
2020-12-22,7,0,143,-136,4329,3322,57,950,MALUKU
2020-12-23,15,0,17,-2,4344,3339,57,948,MALUKU
2020-12-24,35,1,15,19,4379,3354,58,967,MALUKU
2020-12-25,28,0,19,9,4407,3373,58,976,MALUKU
2020-12-26,29,0,15,14,4436,3388,58,990,MALUKU
2020-12-27,27,0,3,24,4463,3391,58,1014,MALUKU
2020-12-28,35,1,27,7,4498,3418,59,1021,MALUKU
2020-12-29,8,0,23,-15,4506,3441,59,1006,MALUKU
2020-12-30,0,0,17,-17,4506,3458,59,989,MALUKU
2020-12-31,21,0,128,-107,4527,3586,59,882,MALUKU
2021-01-01,25,0,9,16,4552,3595,59,898,MALUKU
2021-01-02,17,0,28,-11,4569,3623,59,887,MALUKU
2021-01-03,8,0,18,-10,4577,3641,59,877,MALUKU
2021-01-04,4,3,15,-14,4581,3656,62,863,MALUKU
2021-01-05,27,0,119,-92,4608,3775,62,771,MALUKU
2021-01-06,2,0,11,-9,4610,3786,62,762,MALUKU
2021-01-07,1,0,15,-14,4611,3801,62,748,MALUKU
2021-01-08,0,0,20,-20,4611,3821,62,728,MALUKU
2021-01-09,24,0,5,19,4635,3826,62,747,MALUKU
2021-01-10,16,0,1,15,4651,3827,62,762,MALUKU
2021-01-11,53,0,3,50,4704,3830,62,812,MALUKU
2021-01-12,0,0,7,-7,4704,3837,62,805,MALUKU
2021-01-13,0,0,1,-1,4704,3838,62,804,MALUKU
2021-01-14,2,0,2,0,4706,3840,62,804,MALUKU
2021-01-15,42,3,29,10,4748,3869,65,814,MALUKU
2021-01-16,31,1,30,0,4779,3899,66,814,MALUKU
2021-01-17,28,0,0,28,4807,3899,66,842,MALUKU
2021-01-18,22,0,26,-4,4829,3925,66,838,MALUKU
2021-01-19,27,0,26,1,4856,3951,66,839,MALUKU
2021-01-20,7,0,12,-5,4863,3963,66,834,MALUKU
2021-01-21,11,0,24,-13,4874,3987,66,821,MALUKU
2021-01-22,0,0,0,0,4874,3987,66,821,MALUKU
2021-01-23,45,0,28,17,4919,4015,66,838,MALUKU
2021-01-24,32,0,17,15,4951,4032,66,853,MALUKU
2021-01-25,5,0,21,-16,4956,4053,66,837,MALUKU
2021-01-26,43,1,13,29,4999,4066,67,866,MALUKU
2021-01-27,1,0,0,1,5000,4066,67,867,MALUKU
2021-01-28,10,0,0,10,5010,4066,67,877,MALUKU
2021-01-29,29,1,4,24,5039,4070,68,901,MALUKU
2021-01-30,15,0,2,13,5054,4072,68,914,MALUKU
2021-01-31,42,0,0,42,5096,4072,68,956,MALUKU
2021-02-01,32,0,31,1,5128,4103,68,957,MALUKU
2021-02-02,8,0,9,-1,5136,4112,68,956,MALUKU
2021-02-03,1,3,5,-7,5137,4117,71,949,MALUKU
2021-02-04,16,0,88,-72,5153,4205,71,877,MALUKU
2021-02-05,22,0,37,-15,5175,4242,71,862,MALUKU
2021-02-06,21,0,37,-16,5196,4279,71,846,MALUKU
2021-02-07,20,1,20,-1,5216,4299,72,845,MALUKU
2021-02-08,10,1,60,-51,5226,4359,73,794,MALUKU
2021-02-09,4,0,37,-33,5230,4396,73,761,MALUKU
2021-02-10,23,2,19,2,5253,4415,75,763,MALUKU
2021-02-11,8,7,38,-37,5261,4453,82,726,MALUKU
2021-02-12,0,0,10,-10,5261,4463,82,716,MALUKU
2021-02-13,56,3,20,33,5317,4483,85,749,MALUKU
2021-02-14,27,0,125,-98,5344,4608,85,651,MALUKU
2021-02-15,0,0,34,-34,5344,4642,85,617,MALUKU
2021-02-16,20,1,0,19,5364,4642,86,636,MALUKU
2021-02-17,5,0,52,-47,5369,4694,86,589,MALUKU
2021-02-18,15,0,35,-20,5384,4729,86,569,MALUKU
2021-02-19,21,1,39,-19,5405,4768,87,550,MALUKU
2021-02-20,12,0,67,-55,5417,4835,87,495,MALUKU
2021-02-21,2,0,11,-9,5419,4846,87,486,MALUKU
2021-02-22,33,1,11,21,5452,4857,88,507,MALUKU
2021-02-23,7,0,14,-7,5459,4871,88,500,MALUKU
2021-02-24,12,0,14,-2,5471,4885,88,498,MALUKU
2021-02-25,25,0,38,-13,5496,4923,88,485,MALUKU
2021-02-26,20,0,8,12,5516,4931,88,497,MALUKU
2021-02-27,20,0,8,12,5536,4939,88,509,MALUKU
2021-02-28,0,0,8,-8,5536,4947,88,501,MALUKU
2021-03-01,0,0,11,-11,5536,4958,88,490,MALUKU
2021-03-02,27,0,20,7,5563,4978,88,497,MALUKU
2021-03-03,17,0,24,-7,5580,5002,88,490,MALUKU
2021-03-04,17,0,45,-28,5597,5047,88,462,MALUKU
2021-03-05,9,0,10,-1,5606,5057,88,461,MALUKU
2021-03-06,31,0,29,2,5637,5086,88,463,MALUKU
2021-03-07,2,0,8,-6,5639,5094,88,457,MALUKU
2021-03-08,13,1,81,-69,5652,5175,89,388,MALUKU
2021-03-09,6,0,7,-1,5658,5182,89,387,MALUKU
2021-03-10,1,0,26,-25,5659,5208,89,362,MALUKU
2021-03-11,7,0,3,4,5666,5211,89,366,MALUKU
2021-03-12,7,0,6,1,5673,5217,89,367,MALUKU
2021-03-13,0,0,0,0,5673,5217,89,367,MALUKU
2021-03-14,20,1,1,18,5693,5218,90,385,MALUKU
2021-03-15,2,1,4,-3,5695,5222,91,382,MALUKU
2021-03-16,4,1,1,2,5699,5223,92,384,MALUKU
2021-03-17,4,0,17,-13,5703,5240,92,371,MALUKU
2021-03-18,8,0,0,8,5711,5240,92,379,MALUKU
2021-03-19,2,0,52,-50,5713,5292,92,329,MALUKU
2021-03-20,7,0,7,0,5720,5299,92,329,MALUKU
2021-03-21,2,0,4,-2,5722,5303,92,327,MALUKU
2021-03-22,4,0,6,-2,5726,5309,92,325,MALUKU
2021-03-23,17,0,12,5,5743,5321,92,330,MALUKU
2021-03-24,23,0,0,23,5766,5321,92,353,MALUKU
2021-03-25,25,0,28,-3,5791,5349,92,350,MALUKU
2021-03-26,5,0,9,-4,5796,5358,92,346,MALUKU
2021-03-27,13,0,10,3,5809,5368,92,349,MALUKU
2021-03-28,3,0,16,-13,5812,5384,92,336,MALUKU
2021-03-29,0,0,9,-9,5812,5393,92,327,MALUKU
2021-03-30,7,0,5,2,5819,5398,92,329,MALUKU
2021-03-31,0,0,0,0,5819,5398,92,329,MALUKU
2021-04-01,4,0,9,-5,5823,5407,92,324,MALUKU
2021-04-02,10,0,9,1,5833,5416,92,325,MALUKU
2021-04-03,3,0,4,-1,5836,5420,92,324,MALUKU
2021-04-04,0,0,10,-10,5836,5430,92,314,MALUKU
2021-04-05,2,2,8,-8,5838,5438,94,306,MALUKU
2021-04-06,8,0,12,-4,5846,5450,94,302,MALUKU
2021-04-07,4,0,20,-16,5850,5470,94,286,MALUKU
2021-04-08,8,0,5,3,5858,5475,94,289,MALUKU
2021-04-09,2,0,2,0,5860,5477,94,289,MALUKU
2021-04-10,1,0,2,-1,5861,5479,94,288,MALUKU
2021-04-11,7,0,26,-19,5868,5505,94,269,MALUKU
2021-04-12,18,0,4,14,5886,5509,94,283,MALUKU
2021-04-13,2,2,2,-2,5888,5511,96,281,MALUKU
2021-04-14,15,0,1,14,5903,5512,96,295,MALUKU
2021-04-15,0,0,0,0,5903,5512,96,295,MALUKU
2021-04-16,4,0,22,-18,5907,5534,96,277,MALUKU
2021-04-17,11,0,10,1,5918,5544,96,278,MALUKU
2021-04-18,7,0,4,3,5925,5548,96,281,MALUKU
2021-04-19,2,0,5,-3,5927,5553,96,278,MALUKU
2021-04-20,0,0,3,-3,5927,5556,96,275,MALUKU
2021-04-21,4,1,2,1,5931,5558,97,276,MALUKU
2021-04-22,0,0,0,0,5931,5558,97,276,MALUKU
2021-04-23,7,0,7,0,5938,5565,97,276,MALUKU
2021-04-24,0,0,9,-9,5938,5574,97,267,MALUKU
2021-04-25,5,0,2,3,5943,5576,97,270,MALUKU
2021-04-26,0,0,0,0,5943,5576,97,270,MALUKU
2021-04-27,0,1,0,-1,5943,5576,98,269,MALUKU
2021-04-28,2,0,45,-43,5945,5621,98,226,MALUKU
2021-04-29,0,0,8,-8,5945,5629,98,218,MALUKU
2021-04-30,12,0,6,6,5957,5635,98,224,MALUKU
2021-05-01,0,0,3,-3,5957,5638,98,221,MALUKU
2021-05-02,3,0,5,-2,5960,5643,98,219,MALUKU
2021-05-03,13,0,0,13,5973,5643,98,232,MALUKU
2021-05-04,0,0,0,0,5973,5643,98,232,MALUKU
2021-05-05,15,0,7,8,5988,5650,98,240,MALUKU
2021-05-06,7,0,3,4,5995,5653,98,244,MALUKU
2021-05-07,0,0,13,-13,5995,5666,98,231,MALUKU
2021-05-08,13,0,3,10,6008,5669,98,241,MALUKU
2021-05-09,2,0,0,2,6010,5669,98,243,MALUKU
2021-05-10,0,0,0,0,6010,5669,98,243,MALUKU
2021-05-11,1,1,4,-4,6011,5673,99,239,MALUKU
2021-05-12,0,1,17,-18,6011,5690,100,221,MALUKU
2021-05-13,0,0,0,0,6011,5690,100,221,MALUKU
2021-05-14,22,0,7,15,6033,5697,100,236,MALUKU
2021-05-15,7,1,14,-8,6040,5711,101,228,MALUKU
2021-05-16,0,0,0,0,6040,5711,101,228,MALUKU
2021-05-17,14,0,5,9,6054,5716,101,237,MALUKU
2021-05-18,0,0,5,-5,6054,5721,101,232,MALUKU
2021-05-19,0,0,0,0,6054,5721,101,232,MALUKU
2021-05-20,7,0,5,2,6061,5726,101,234,MALUKU
2021-05-21,5,0,33,-28,6066,5759,101,206,MALUKU
2021-05-22,0,0,0,0,6066,5759,101,206,MALUKU
2021-05-23,2,0,28,-26,6068,5787,101,180,MALUKU
2021-05-24,0,0,17,-17,6068,5804,101,163,MALUKU
2021-05-25,30,1,5,24,6098,5809,102,187,MALUKU
2021-05-26,0,0,0,0,6098,5809,102,187,MALUKU
2021-05-27,9,1,5,3,6107,5814,103,190,MALUKU
2021-05-28,0,0,0,0,6107,5814,103,190,MALUKU
2021-05-29,12,0,11,1,6119,5825,103,191,MALUKU
2021-05-30,0,0,0,0,6119,5825,103,191,MALUKU
2021-05-31,3,0,5,-2,6122,5830,103,189,MALUKU
2021-06-01,0,0,5,-5,6122,5835,103,184,MALUKU
2021-06-02,0,0,3,-3,6122,5838,103,181,MALUKU
2021-06-03,2,0,6,-4,6124,5844,103,177,MALUKU
2021-06-04,32,1,0,31,6156,5844,104,208,MALUKU
2021-06-05,1,1,9,-9,6157,5853,105,199,MALUKU
2021-06-06,6,0,0,6,6163,5853,105,205,MALUKU
2021-06-07,19,0,4,15,6182,5857,105,220,MALUKU
2021-06-08,0,0,0,0,6182,5857,105,220,MALUKU
2021-06-09,5,0,9,-4,6187,5866,105,216,MALUKU
2021-06-10,5,1,9,-5,6192,5875,106,211,MALUKU
2021-06-11,19,0,3,16,6211,5878,106,227,MALUKU
2021-06-12,1,0,4,-3,6212,5882,106,224,MALUKU
2021-06-13,23,0,0,23,6235,5882,106,247,MALUKU
2021-06-14,3,1,5,-3,6238,5887,107,244,MALUKU
2021-06-15,13,0,9,4,6251,5896,107,248,MALUKU
2021-06-16,36,1,2,33,6287,5898,108,281,MALUKU
2021-06-17,20,1,12,7,6307,5910,109,288,MALUKU
2021-06-18,0,0,0,0,6307,5910,109,288,MALUKU
2021-06-19,8,2,7,-1,6315,5917,111,287,MALUKU
2021-06-20,56,0,4,52,6371,5921,111,339,MALUKU
2021-06-21,0,0,0,0,6371,5921,111,339,MALUKU
2021-06-22,31,0,48,-17,6402,5969,111,322,MALUKU
2021-06-23,27,0,5,22,6429,5974,111,344,MALUKU
2021-06-24,0,0,0,0,6429,5974,111,344,MALUKU
2021-06-25,111,4,17,90,6540,5991,115,434,MALUKU
2021-06-26,25,1,2,22,6565,5993,116,456,MALUKU
2021-06-27,37,1,12,24,6602,6005,117,480,MALUKU
2021-06-28,95,1,1,93,6697,6006,118,573,MALUKU
2021-06-29,22,0,0,22,6719,6006,118,595,MALUKU
2021-06-30,0,0,0,0,6719,6006,118,595,MALUKU
2021-07-01,171,0,8,163,6890,6014,118,758,MALUKU
2021-07-02,157,3,9,145,7047,6023,121,903,MALUKU
2021-07-03,138,2,0,136,7185,6023,123,1039,MALUKU
2021-07-04,0,0,0,0,7185,6023,123,1039,MALUKU
2021-07-05,231,2,8,221,7416,6031,125,1260,MALUKU
2021-07-06,282,3,50,229,7698,6081,128,1489,MALUKU
2021-07-07,213,4,7,202,7911,6088,132,1691,MALUKU
2021-07-08,246,4,9,233,8157,6097,136,1924,MALUKU
2021-07-09,155,1,0,154,8312,6097,137,2078,MALUKU
2021-07-10,151,3,3,145,8463,6100,140,2223,MALUKU
2021-07-11,277,2,14,261,8740,6114,142,2484,MALUKU
2021-07-12,178,3,37,138,8918,6151,145,2622,MALUKU
2021-07-13,204,0,4,200,9122,6155,145,2822,MALUKU
2021-07-14,163,7,23,133,9285,6178,152,2955,MALUKU
2021-07-15,128,0,13,115,9413,6191,152,3070,MALUKU
2021-07-16,114,1,15,98,9527,6206,153,3168,MALUKU
2021-07-17,63,3,40,20,9590,6246,156,3188,MALUKU
2021-07-18,56,0,16,40,9646,6262,156,3228,MALUKU
2021-07-19,176,7,151,18,9822,6413,163,3246,MALUKU
2021-07-20,49,0,4,45,9871,6417,163,3291,MALUKU
2021-07-21,156,1,146,9,10027,6563,164,3300,MALUKU
2021-07-22,59,8,211,-160,10086,6774,172,3140,MALUKU
2021-07-23,93,6,123,-36,10179,6897,178,3104,MALUKU
2021-07-24,73,0,55,18,10252,6952,178,3122,MALUKU
2021-07-25,82,0,23,59,10334,6975,178,3181,MALUKU
2021-07-26,40,0,207,-167,10374,7182,178,3014,MALUKU
2021-07-27,87,6,100,-19,10461,7282,184,2995,MALUKU
2021-07-28,73,0,112,-39,10534,7394,184,2956,MALUKU
2021-07-29,52,0,86,-34,10586,7480,184,2922,MALUKU
2021-07-30,42,2,67,-27,10628,7547,186,2895,MALUKU
2021-07-31,31,1,124,-94,10659,7671,187,2801,MALUKU
2021-08-01,26,0,48,-22,10685,7719,187,2779,MALUKU
2021-08-02,43,2,140,-99,10728,7859,189,2680,MALUKU
2021-08-03,45,2,146,-103,10773,8005,191,2577,MALUKU
2021-08-04,13,0,79,-66,10786,8084,191,2511,MALUKU
2021-08-05,37,0,96,-59,10823,8180,191,2452,MALUKU
2021-08-06,9,0,86,-77,10832,8266,191,2375,MALUKU
2021-08-07,28,1,49,-22,10860,8315,192,2353,MALUKU
2021-08-08,4,0,41,-37,10864,8356,192,2316,MALUKU
2021-08-09,58,0,66,-8,10922,8422,192,2308,MALUKU
2021-08-10,129,0,122,7,11051,8544,192,2315,MALUKU
2021-08-11,32,0,85,-53,11083,8629,192,2262,MALUKU
2021-08-12,23,1,77,-55,11106,8706,193,2207,MALUKU
2021-08-13,44,2,187,-145,11150,8893,195,2062,MALUKU
2021-08-14,15,1,161,-147,11165,9054,196,1915,MALUKU
2021-08-15,3,0,54,-51,11168,9108,196,1864,MALUKU
2021-08-16,51,1,54,-4,11219,9162,197,1860,MALUKU
2021-08-17,18,0,35,-17,11237,9197,197,1843,MALUKU
2021-08-18,17,0,54,-37,11254,9251,197,1806,MALUKU
2021-08-19,8,2,81,-75,11262,9332,199,1731,MALUKU
2021-08-20,14,0,94,-80,11276,9426,199,1651,MALUKU
2021-08-21,8,3,83,-78,11284,9509,202,1573,MALUKU
2021-08-22,7,0,115,-108,11291,9624,202,1465,MALUKU
2021-08-23,8,0,260,-252,11299,9884,202,1213,MALUKU
2021-08-24,8,2,267,-261,11307,10151,204,952,MALUKU
2021-08-25,25,0,198,-173,11332,10349,204,779,MALUKU
2021-08-26,6,0,168,-162,11338,10517,204,617,MALUKU
2021-08-27,7,1,189,-183,11345,10706,205,434,MALUKU
2021-08-28,2,0,94,-92,11347,10800,205,342,MALUKU
2021-08-29,2,0,19,-17,11349,10819,205,325,MALUKU
2021-08-30,11,0,40,-29,11360,10859,205,296,MALUKU
2021-08-31,7,0,8,-1,11367,10867,205,295,MALUKU
2021-09-01,16,1,7,8,11383,10874,206,303,MALUKU
2021-09-02,4,1,9,-6,11387,10883,207,297,MALUKU
2021-09-03,7,0,30,-23,11394,10913,207,274,MALUKU
2021-09-04,4,0,0,4,11398,10913,207,278,MALUKU
2021-09-05,1,0,2,-1,11399,10915,207,277,MALUKU
2021-09-06,15,0,4,11,11414,10919,207,288,MALUKU
2021-09-07,11,1,5,5,11425,10924,208,293,MALUKU
2021-09-08,6,1,51,-46,11431,10975,209,247,MALUKU
2021-09-09,3,1,3,-1,11434,10978,210,246,MALUKU
2021-09-10,7,0,36,-29,11441,11014,210,217,MALUKU
2021-09-11,1,1,6,-6,11442,11020,211,211,MALUKU
2021-09-12,3,0,2,1,11445,11022,211,212,MALUKU
2021-09-13,1,0,17,-16,11446,11039,211,196,MALUKU
2021-09-14,7,0,11,-4,11453,11050,211,192,MALUKU
2021-09-15,4,0,10,-6,11457,11060,211,186,MALUKU
2021-09-16,7,0,4,3,11464,11064,211,189,MALUKU
2021-09-17,5,0,12,-7,11469,11076,211,182,MALUKU
2021-09-18,4,0,6,-2,11473,11082,211,180,MALUKU
2021-09-19,2,0,2,0,11475,11084,211,180,MALUKU
2021-09-20,2,0,0,2,11477,11084,211,182,MALUKU
2021-09-21,12,0,8,4,11489,11092,211,186,MALUKU
2021-09-22,0,0,11,-11,11489,11103,211,175,MALUKU
2021-09-23,30,0,6,24,11519,11109,211,199,MALUKU
2021-09-24,5,0,15,-10,11524,11124,211,189,MALUKU
2021-09-25,2,0,4,-2,11526,11128,211,187,MALUKU
2021-09-26,3,0,3,0,11529,11131,211,187,MALUKU
2021-09-27,0,0,5,-5,11529,11136,211,182,MALUKU
2021-09-28,1,0,60,-59,11530,11196,211,123,MALUKU
2021-09-29,9,1,2,6,11539,11198,212,129,MALUKU
2021-09-30,4,0,12,-8,11543,11210,212,121,MALUKU
2021-10-01,1,0,4,-3,11544,11214,212,118,MALUKU
2021-10-02,4,0,1,3,11548,11215,212,121,MALUKU
2021-10-03,1,0,1,0,11549,11216,212,121,MALUKU
2021-10-04,1,0,2,-1,11550,11218,212,120,MALUKU
2021-10-05,1,0,7,-6,11551,11225,212,114,MALUKU
2021-10-06,3,0,7,-4,11554,11232,212,110,MALUKU
2021-10-07,2,0,4,-2,11556,11236,212,108,MALUKU
2021-10-08,1,0,12,-11,11557,11248,212,97,MALUKU
2021-10-09,3,0,2,1,11560,11250,212,98,MALUKU
2021-10-10,2,0,0,2,11562,11250,212,100,MALUKU
2021-10-11,1,0,34,-33,11563,11284,212,67,MALUKU
2021-10-12,1,0,10,-9,11564,11294,212,58,MALUKU
2021-10-13,1,0,8,-7,11565,11302,212,51,MALUKU
2021-10-14,1,0,6,-5,11566,11308,212,46,MALUKU
2021-10-15,0,0,4,-4,11566,11312,212,42,MALUKU
2021-10-16,0,0,1,-1,11566,11313,212,41,MALUKU
2021-10-17,1,0,5,-4,11567,11318,212,37,MALUKU
2021-10-18,0,0,5,-5,11567,11323,212,32,MALUKU
2021-10-19,0,1,7,-8,11567,11330,213,24,MALUKU
2021-10-20,0,0,1,-1,11567,11331,213,23,MALUKU
2021-10-21,1,0,5,-4,11568,11336,213,19,MALUKU
2021-10-22,0,0,3,-3,11568,11339,213,16,MALUKU
2021-10-23,3,0,0,3,11571,11339,213,19,MALUKU
2021-10-24,0,0,0,0,11571,11339,213,19,MALUKU
2021-10-25,1,0,2,-1,11572,11341,213,18,MALUKU
2021-10-26,0,0,2,-2,11572,11343,213,16,MALUKU
2021-10-27,0,0,0,0,11572,11343,213,16,MALUKU
2021-10-28,1,0,0,1,11573,11343,213,17,MALUKU
2021-10-29,2,0,0,2,11575,11343,213,19,MALUKU
2021-10-30,1,0,0,1,11576,11343,213,20,MALUKU
2021-10-31,0,0,0,0,11576,11343,213,20,MALUKU
2021-11-01,1,0,0,1,11577,11343,213,21,MALUKU
2021-11-02,0,0,1,-1,11577,11344,213,20,MALUKU
2021-11-03,0,1,0,-1,11577,11344,214,19,MALUKU
2021-11-04,0,0,0,0,11577,11344,214,19,MALUKU
2021-11-05,0,0,0,0,11577,11344,214,19,MALUKU
2021-11-06,0,0,1,-1,11577,11345,214,18,MALUKU
2021-11-07,2,0,0,2,11579,11345,214,20,MALUKU
2021-11-08,0,0,3,-3,11579,11348,214,17,MALUKU
2021-11-09,1,0,0,1,11580,11348,214,18,MALUKU
2021-11-10,0,0,0,0,11580,11348,214,18,MALUKU
2021-11-11,0,0,1,-1,11580,11349,214,17,MALUKU
2021-11-12,1,0,0,1,11581,11349,214,18,MALUKU
2021-11-13,5,0,2,3,11586,11351,214,21,MALUKU
2021-11-14,0,0,0,0,11586,11351,214,21,MALUKU
2021-11-15,0,0,0,0,11586,11351,214,21,MALUKU
2021-11-16,0,0,0,0,11586,11351,214,21,MALUKU
2021-11-17,0,0,1,-1,11586,11352,214,20,MALUKU
2021-11-18,1,0,0,1,11587,11352,214,21,MALUKU
2021-11-19,0,0,0,0,11587,11352,214,21,MALUKU
2021-11-20,0,0,0,0,11587,11352,214,21,MALUKU
2021-11-21,1,0,1,0,11588,11353,214,21,MALUKU
2021-11-22,0,0,1,-1,11588,11354,214,20,MALUKU
2021-11-23,0,0,6,-6,11588,11360,214,14,MALUKU
2021-11-24,0,0,0,0,11588,11360,214,14,MALUKU
2021-11-25,0,0,0,0,11588,11360,214,14,MALUKU
2021-11-26,0,0,0,0,11588,11360,214,14,MALUKU
2021-11-27,0,0,0,0,11588,11360,214,14,MALUKU
2021-11-28,0,0,0,0,11588,11360,214,14,MALUKU
2021-11-29,0,0,0,0,11588,11360,214,14,MALUKU
2021-11-30,0,0,0,0,11588,11360,214,14,MALUKU
2021-12-01,1,0,0,1,11589,11360,214,15,MALUKU
2021-12-02,0,0,0,0,11589,11360,214,15,MALUKU
2021-12-03,0,0,0,0,11589,11360,214,15,MALUKU
2021-12-04,2,0,0,2,11591,11360,214,17,MALUKU
2021-12-05,0,0,3,-3,11591,11363,214,14,MALUKU
2021-12-06,0,0,2,-2,11591,11365,214,12,MALUKU
2021-12-07,0,1,6,-7,11591,11371,215,5,MALUKU
2021-12-08,0,0,0,0,11591,11371,215,5,MALUKU
2021-12-09,0,0,0,0,11591,11371,215,5,MALUKU
2021-12-10,0,0,0,0,11591,11371,215,5,MALUKU
2021-12-11,0,0,0,0,11591,11371,215,5,MALUKU
2021-12-12,0,0,0,0,11591,11371,215,5,MALUKU
2021-12-13,0,0,0,0,11591,11371,215,5,MALUKU
2021-12-14,0,0,0,0,11591,11371,215,5,MALUKU
2021-12-15,0,0,0,0,11591,11371,215,5,MALUKU
2021-12-16,0,0,0,0,11591,11371,215,5,MALUKU
2021-12-17,0,0,0,0,11591,11371,215,5,MALUKU
2021-12-18,3,1,0,2,11594,11371,216,7,MALUKU
2021-12-19,0,0,0,0,11594,11371,216,7,MALUKU
2021-12-20,0,1,1,-2,11594,11372,217,5,MALUKU
2021-12-21,1,0,0,1,11595,11372,217,6,MALUKU
2021-12-22,0,0,1,-1,11595,11373,217,5,MALUKU
2021-12-23,0,0,0,0,11595,11373,217,5,MALUKU
2021-12-24,0,0,0,0,11595,11373,217,5,MALUKU
2021-12-25,0,0,0,0,11595,11373,217,5,MALUKU
2021-12-26,0,0,0,0,11595,11373,217,5,MALUKU
2021-12-27,0,0,0,0,11595,11373,217,5,MALUKU
2021-12-28,0,0,0,0,11595,11373,217,5,MALUKU
2021-12-29,1,0,0,1,11596,11373,217,6,MALUKU
2021-12-30,1,0,0,1,11597,11373,217,7,MALUKU
2021-12-31,0,0,0,0,11597,11373,217,7,MALUKU
2022-01-01,0,0,1,-1,11597,11374,217,6,MALUKU
2022-01-02,0,1,1,-2,11597,11375,218,4,MALUKU
2022-01-03,0,0,0,0,11597,11375,218,4,MALUKU
2022-01-04,0,0,0,0,11597,11375,218,4,MALUKU
2022-01-05,0,0,2,-2,11597,11377,218,2,MALUKU
2022-01-06,0,0,0,0,11597,11377,218,2,MALUKU
2022-01-07,0,0,0,0,11597,11377,218,2,MALUKU
2022-01-08,0,0,0,0,11597,11377,218,2,MALUKU
2022-01-09,0,0,0,0,11597,11377,218,2,MALUKU
2022-01-10,0,0,0,0,11597,11377,218,2,MALUKU
2022-01-11,0,0,0,0,11597,11377,218,2,MALUKU
2022-01-12,0,0,0,0,11597,11377,218,2,MALUKU
2022-01-13,0,0,0,0,11597,11377,218,2,MALUKU
2022-01-14,1,0,0,1,11598,11377,218,3,MALUKU
2022-01-15,2,0,0,2,11600,11377,218,5,MALUKU
2022-01-16,0,0,0,0,11600,11377,218,5,MALUKU
2022-01-17,0,0,0,0,11600,11377,218,5,MALUKU
2022-01-18,2,0,0,2,11602,11377,218,7,MALUKU
2022-01-19,0,1,0,-1,11602,11377,219,6,MALUKU
2022-01-20,0,0,0,0,11602,11377,219,6,MALUKU
2022-01-21,2,0,0,2,11604,11377,219,8,MALUKU
2022-01-22,0,0,0,0,11604,11377,219,8,MALUKU
2022-01-23,1,0,0,1,11605,11377,219,9,MALUKU
2022-01-24,0,0,0,0,11605,11377,219,9,MALUKU
2022-01-25,2,1,0,1,11607,11377,220,10,MALUKU
2022-01-26,3,0,5,-2,11610,11382,220,8,MALUKU
2022-01-27,10,0,0,10,11620,11382,220,18,MALUKU
2022-01-28,10,0,0,10,11630,11382,220,28,MALUKU
2022-01-29,15,0,0,15,11645,11382,220,43,MALUKU
2022-01-30,15,0,0,15,11660,11382,220,58,MALUKU
2022-01-31,11,0,2,9,11671,11384,220,67,MALUKU
2022-02-01,58,1,0,57,11729,11384,221,124,MALUKU
2022-02-02,18,0,0,18,11747,11384,221,142,MALUKU
2022-02-03,104,1,0,103,11851,11384,222,245,MALUKU
2022-02-04,140,0,1,139,11991,11385,222,384,MALUKU
2022-02-05,167,0,2,165,12158,11387,222,549,MALUKU
2022-02-06,101,1,1,99,12259,11388,223,648,MALUKU
2022-02-07,93,1,12,80,12352,11400,224,728,MALUKU
2022-02-08,216,1,9,206,12568,11409,225,934,MALUKU
2022-02-09,188,0,49,139,12756,11458,225,1073,MALUKU
2022-02-10,229,0,23,206,12985,11481,225,1279,MALUKU
2022-02-11,188,0,45,143,13173,11526,225,1422,MALUKU
2022-02-12,252,0,40,212,13425,11566,225,1634,MALUKU
2022-02-13,257,1,59,197,13682,11625,226,1831,MALUKU
2022-02-14,110,0,104,6,13792,11729,226,1837,MALUKU
2022-02-15,130,1,102,27,13922,11831,227,1864,MALUKU
2022-02-16,143,0,119,24,14065,11950,227,1888,MALUKU
2022-02-17,119,0,85,34,14184,12035,227,1922,MALUKU
2022-02-18,85,2,119,-36,14269,12154,229,1886,MALUKU
2022-02-19,82,0,111,-29,14351,12265,229,1857,MALUKU
2022-02-20,52,0,62,-10,14403,12327,229,1847,MALUKU
2022-02-21,21,0,186,-165,14424,12513,229,1682,MALUKU
2022-02-22,58,0,135,-77,14482,12648,229,1605,MALUKU
2022-02-23,26,1,189,-164,14508,12837,230,1441,MALUKU
2022-02-24,32,0,199,-167,14540,13036,230,1274,MALUKU
2022-02-25,12,0,135,-123,14552,13171,230,1151,MALUKU
2022-02-26,23,0,138,-115,14575,13309,230,1036,MALUKU
2022-02-27,9,0,109,-100,14584,13418,230,936,MALUKU
2022-02-28,2,1,106,-105,14586,13524,231,831,MALUKU
2022-03-01,7,1,134,-128,14593,13658,232,703,MALUKU
2022-03-02,13,0,134,-121,14606,13792,232,582,MALUKU
2022-03-03,32,0,55,-23,14638,13847,232,559,MALUKU
2022-03-04,2,1,71,-70,14640,13918,233,489,MALUKU
2022-03-05,3,0,85,-82,14643,14003,233,407,MALUKU
2022-03-06,3,0,26,-23,14646,14029,233,384,MALUKU
2022-03-07,1,0,108,-107,14647,14137,233,277,MALUKU
2022-03-08,6,0,49,-43,14653,14186,233,234,MALUKU
2022-03-09,5,0,60,-55,14658,14246,233,179,MALUKU
2022-03-10,8,0,17,-9,14666,14263,233,170,MALUKU
2022-03-11,2,0,7,-5,14668,14270,233,165,MALUKU
2022-03-12,3,0,8,-5,14671,14278,233,160,MALUKU
2022-03-13,4,0,4,0,14675,14282,233,160,MALUKU
2022-03-14,1,0,12,-11,14676,14294,233,149,MALUKU
2022-03-15,1,2,15,-16,14677,14309,235,133,MALUKU
2022-03-16,3,0,6,-3,14680,14315,235,130,MALUKU
2022-03-17,3,0,3,0,14683,14318,235,130,MALUKU
2022-03-18,0,0,53,-53,14683,14371,235,77,MALUKU
2022-03-19,2,0,1,1,14685,14372,235,78,MALUKU
2022-03-20,2,0,0,2,14687,14372,235,80,MALUKU
2022-03-21,2,0,9,-7,14689,14381,235,73,MALUKU
2022-03-22,1,0,3,-2,14690,14384,235,71,MALUKU
2022-03-23,2,2,5,-5,14692,14389,237,66,MALUKU
2022-03-24,2,0,12,-10,14694,14401,237,56,MALUKU
2022-03-25,0,0,2,-2,14694,14403,237,54,MALUKU
2022-03-26,0,1,1,-2,14694,14404,238,52,MALUKU
2022-03-27,0,0,1,-1,14694,14405,238,51,MALUKU
2022-03-28,2,1,2,-1,14696,14407,239,50,MALUKU
2022-03-29,1,0,2,-1,14697,14409,239,49,MALUKU
2022-03-30,0,0,0,0,14697,14409,239,49,MALUKU
2022-03-31,0,0,2,-2,14697,14411,239,47,MALUKU
2022-04-01,0,0,2,-2,14697,14413,239,45,MALUKU
2022-04-02,1,1,0,0,14698,14413,240,45,MALUKU
2022-04-03,0,0,0,0,14698,14413,240,45,MALUKU
2022-04-04,0,0,15,-15,14698,14428,240,30,MALUKU
2022-04-05,2,1,0,1,14700,14428,241,31,MALUKU
2022-04-06,1,0,0,1,14701,14428,241,32,MALUKU
2022-04-07,1,0,1,0,14702,14429,241,32,MALUKU
2022-04-08,1,0,0,1,14703,14429,241,33,MALUKU
2022-04-09,0,0,0,0,14703,14429,241,33,MALUKU
2022-04-10,0,0,2,-2,14703,14431,241,31,MALUKU
2022-04-11,0,0,0,0,14703,14431,241,31,MALUKU
2022-04-12,0,0,0,0,14703,14431,241,31,MALUKU
2022-04-13,0,0,0,0,14703,14431,241,31,MALUKU
2022-04-14,0,0,3,-3,14703,14434,241,28,MALUKU
2022-04-15,0,0,0,0,14703,14434,241,28,MALUKU
2022-04-16,0,0,0,0,14703,14434,241,28,MALUKU
2022-04-17,1,0,2,-1,14704,14436,241,27,MALUKU
2022-04-18,1,0,0,1,14705,14436,241,28,MALUKU
2022-04-19,0,0,3,-3,14705,14439,241,25,MALUKU
2022-04-20,0,0,0,0,14705,14439,241,25,MALUKU
2022-04-21,0,0,0,0,14705,14439,241,25,MALUKU
2022-04-22,0,0,0,0,14705,14439,241,25,MALUKU
2022-04-23,0,0,0,0,14705,14439,241,25,MALUKU
2022-04-24,0,0,5,-5,14705,14444,241,20,MALUKU
2022-04-25,0,0,4,-4,14705,14448,241,16,MALUKU
2022-04-26,4,0,3,1,14709,14451,241,17,MALUKU
2022-04-27,0,0,3,-3,14709,14454,241,14,MALUKU
2022-04-28,0,0,1,-1,14709,14455,241,13,MALUKU
2022-04-29,0,0,0,0,14709,14455,241,13,MALUKU
2022-04-30,0,0,1,-1,14709,14456,241,12,MALUKU
2022-05-01,0,0,1,-1,14709,14457,241,11,MALUKU
2022-05-02,0,0,0,0,14709,14457,241,11,MALUKU
2022-05-03,0,0,0,0,14709,14457,241,11,MALUKU
2022-05-04,0,0,0,0,14709,14457,241,11,MALUKU
2022-05-05,0,0,0,0,14709,14457,241,11,MALUKU
2022-05-06,1,0,0,1,14710,14457,241,12,MALUKU
2022-05-07,0,0,1,-1,14710,14458,241,11,MALUKU
2022-05-08,1,0,0,1,14711,14458,241,12,MALUKU
2022-05-09,0,0,2,-2,14711,14460,241,10,MALUKU
2022-05-10,1,0,1,0,14712,14461,241,10,MALUKU
2022-05-11,1,0,1,0,14713,14462,241,10,MALUKU
2022-05-12,0,0,0,0,14713,14462,241,10,MALUKU
2022-05-13,0,0,0,0,14713,14462,241,10,MALUKU
2022-05-14,1,0,0,1,14714,14462,241,11,MALUKU
2022-05-15,0,0,0,0,14714,14462,241,11,MALUKU
2022-05-16,0,0,0,0,14714,14462,241,11,MALUKU
2022-05-17,1,0,0,1,14715,14462,241,12,MALUKU
2022-05-18,2,0,0,2,14717,14462,241,14,MALUKU
2022-05-19,3,0,0,3,14720,14462,241,17,MALUKU
2022-05-20,4,0,0,4,14724,14462,241,21,MALUKU
2022-05-21,3,0,1,2,14727,14463,241,23,MALUKU
2022-05-22,2,0,4,-2,14729,14467,241,21,MALUKU
2022-05-23,0,0,0,0,14729,14467,241,21,MALUKU
2022-05-24,4,0,3,1,14733,14470,241,22,MALUKU
2022-05-25,1,0,2,-1,14734,14472,241,21,MALUKU
2022-05-26,1,0,0,1,14735,14472,241,22,MALUKU
2022-05-27,0,0,0,0,14735,14472,241,22,MALUKU
2022-05-28,0,0,0,0,14735,14472,241,22,MALUKU
2022-05-29,1,0,0,1,14736,14472,241,23,MALUKU
2022-05-30,0,0,7,-7,14736,14479,241,16,MALUKU
2022-05-31,0,0,1,-1,14736,14480,241,15,MALUKU
2022-06-01,0,0,0,0,14736,14480,241,15,MALUKU
2022-06-02,0,0,1,-1,14736,14481,241,14,MALUKU
2022-06-03,0,0,5,-5,14736,14486,241,9,MALUKU
2022-06-04,0,0,1,-1,14736,14487,241,8,MALUKU
2022-06-05,1,0,0,1,14737,14487,241,9,MALUKU
2022-06-06,0,0,2,-2,14737,14489,241,7,MALUKU
2022-06-07,0,0,2,-2,14737,14491,241,5,MALUKU
2022-06-08,0,0,0,0,14737,14491,241,5,MALUKU
2022-06-09,0,0,0,0,14737,14491,241,5,MALUKU
2022-06-10,0,0,0,0,14737,14491,241,5,MALUKU
2022-06-11,0,0,0,0,14737,14491,241,5,MALUKU
2022-06-12,1,0,0,1,14738,14491,241,6,MALUKU
2022-06-13,0,0,2,-2,14738,14493,241,4,MALUKU
2022-06-14,0,0,0,0,14738,14493,241,4,MALUKU
2022-06-15,0,0,0,0,14738,14493,241,4,MALUKU
2022-06-16,0,0,0,0,14738,14493,241,4,MALUKU
2022-06-17,0,0,0,0,14738,14493,241,4,MALUKU
2022-06-18,0,0,0,0,14738,14493,241,4,MALUKU
2022-06-19,0,0,0,0,14738,14493,241,4,MALUKU
2022-06-20,0,0,1,-1,14738,14494,241,3,MALUKU
2022-06-21,1,0,1,0,14739,14495,241,3,MALUKU
2022-06-22,0,0,0,0,14739,14495,241,3,MALUKU
2022-06-23,0,0,0,0,14739,14495,241,3,MALUKU
2022-06-24,0,0,0,0,14739,14495,241,3,MALUKU
2022-06-25,0,0,0,0,14739,14495,241,3,MALUKU
2022-06-26,0,0,0,0,14739,14495,241,3,MALUKU
2022-06-27,0,0,1,-1,14739,14496,241,2,MALUKU
2022-06-28,0,0,0,0,14739,14496,241,2,MALUKU
2022-06-29,0,0,0,0,14739,14496,241,2,MALUKU
2022-06-30,0,0,0,0,14739,14496,241,2,MALUKU
2022-07-01,0,0,0,0,14739,14496,241,2,MALUKU
2022-07-02,0,0,0,0,14739,14496,241,2,MALUKU
2022-07-03,0,0,0,0,14739,14496,241,2,MALUKU
2022-07-04,0,0,0,0,14739,14496,241,2,MALUKU
2022-07-05,0,0,1,-1,14739,14497,241,1,MALUKU
2022-07-06,3,0,0,3,14742,14497,241,4,MALUKU
2022-07-07,0,0,0,0,14742,14497,241,4,MALUKU
2022-07-08,1,0,1,0,14743,14498,241,4,MALUKU
2022-07-09,0,0,0,0,14743,14498,241,4,MALUKU
2022-07-10,2,0,0,2,14745,14498,241,6,MALUKU
2022-07-11,2,1,1,0,14747,14499,242,6,MALUKU
2022-07-12,1,0,0,1,14748,14499,242,7,MALUKU
2022-07-13,1,0,0,1,14749,14499,242,8,MALUKU
2022-07-14,1,0,0,1,14750,14499,242,9,MALUKU
2022-07-15,1,0,0,1,14751,14499,242,10,MALUKU
2022-07-16,1,0,1,0,14752,14500,242,10,MALUKU
2022-07-17,0,0,1,-1,14752,14501,242,9,MALUKU
2022-07-18,1,0,0,1,14753,14501,242,10,MALUKU
2022-07-19,1,0,0,1,14754,14501,242,11,MALUKU
2022-07-20,0,0,0,0,14754,14501,242,11,MALUKU
2022-07-21,1,0,3,-2,14755,14504,242,9,MALUKU
2022-07-22,0,0,0,0,14755,14504,242,9,MALUKU
2022-07-23,3,0,0,3,14758,14504,242,12,MALUKU
2022-07-24,0,0,0,0,14758,14504,242,12,MALUKU
2022-07-25,2,0,1,1,14760,14505,242,13,MALUKU
2022-07-26,1,0,0,1,14761,14505,242,14,MALUKU
2022-07-27,5,0,0,5,14766,14505,242,19,MALUKU
2022-07-28,2,0,0,2,14768,14505,242,21,MALUKU
2022-07-29,5,0,3,2,14773,14508,242,23,MALUKU
2022-07-30,1,0,0,1,14774,14508,242,24,MALUKU
2022-07-31,1,0,0,1,14775,14508,242,25,MALUKU
2022-08-01,0,0,0,0,14775,14508,242,25,MALUKU
2022-08-02,5,0,2,3,14780,14510,242,28,MALUKU
2022-08-03,1,1,0,0,14781,14510,243,28,MALUKU
2022-08-04,3,0,1,2,14784,14511,243,30,MALUKU
2022-08-05,5,0,0,5,14789,14511,243,35,MALUKU
2022-08-06,2,0,1,1,14791,14512,243,36,MALUKU
2022-08-07,0,0,0,0,14791,14512,243,36,MALUKU
2022-08-08,0,0,2,-2,14791,14514,243,34,MALUKU
2022-08-09,2,0,1,1,14793,14515,243,35,MALUKU
2022-08-10,2,0,4,-2,14795,14519,243,33,MALUKU
2022-08-11,7,0,3,4,14802,14522,243,37,MALUKU
2022-08-12,1,0,1,0,14803,14523,243,37,MALUKU
2022-08-13,3,0,4,-1,14806,14527,243,36,MALUKU
2022-08-14,3,0,0,3,14809,14527,243,39,MALUKU
2022-08-15,2,0,0,2,14811,14527,243,41,MALUKU
2022-08-16,3,0,2,1,14814,14529,243,42,MALUKU
2022-08-17,0,0,0,0,14814,14529,243,42,MALUKU
2022-08-18,3,0,4,-1,14817,14533,243,41,MALUKU
2022-08-19,4,0,1,3,14821,14534,243,44,MALUKU
2022-08-20,1,0,2,-1,14822,14536,243,43,MALUKU
2022-08-21,0,0,0,0,14822,14536,243,43,MALUKU
2022-08-22,0,0,3,-3,14822,14539,243,40,MALUKU
2022-08-23,7,0,1,6,14829,14540,243,46,MALUKU
2022-08-24,2,0,7,-5,14831,14547,243,41,MALUKU
2022-08-25,3,0,2,1,14834,14549,243,42,MALUKU
2022-08-26,4,0,1,3,14838,14550,243,45,MALUKU
2022-08-27,0,0,1,-1,14838,14551,243,44,MALUKU
2022-08-28,0,0,1,-1,14838,14552,243,43,MALUKU
2022-08-29,2,0,5,-3,14840,14557,243,40,MALUKU
2022-08-30,5,0,5,0,14845,14562,243,40,MALUKU
2022-08-31,3,0,5,-2,14848,14567,243,38,MALUKU
2022-09-01,1,0,4,-3,14849,14571,243,35,MALUKU
2022-09-02,4,0,0,4,14853,14571,243,39,MALUKU
2022-09-03,2,0,2,0,14855,14573,243,39,MALUKU
2022-09-04,1,0,0,1,14856,14573,243,40,MALUKU
2022-09-05,0,0,4,-4,14856,14577,243,36,MALUKU
2022-09-06,3,0,2,1,14859,14579,243,37,MALUKU
2022-09-07,2,0,0,2,14861,14579,243,39,MALUKU
2022-09-08,2,0,5,-3,14863,14584,243,36,MALUKU
2022-09-09,1,0,0,1,14864,14584,243,37,MALUKU
2022-09-10,0,0,3,-3,14864,14587,243,34,MALUKU
2022-09-11,0,0,0,0,14864,14587,243,34,MALUKU
2022-09-12,0,0,0,0,14864,14587,243,34,MALUKU
2022-09-13,1,0,9,-8,14865,14596,243,26,MALUKU
2022-09-14,6,0,1,5,14871,14597,243,31,MALUKU
2022-09-15,9,0,7,2,14880,14604,243,33,MALUKU
2022-09-16,0,1,2,-3,14880,14606,244,30,MALUKU
2022-09-17,1,0,0,1,14881,14606,244,31,MALUKU
2022-09-18,0,0,3,-3,14881,14609,244,28,MALUKU
2022-09-19,2,2,3,-3,14883,14612,246,25,MALUKU
2022-09-20,3,0,6,-3,14886,14618,246,22,MALUKU
2022-09-21,0,0,3,-3,14886,14621,246,19,MALUKU
2022-09-22,1,1,0,0,14887,14621,247,19,MALUKU
2022-09-23,0,0,1,-1,14887,14622,247,18,MALUKU
2022-09-24,0,0,0,0,14887,14622,247,18,MALUKU
2022-09-25,0,0,0,0,14887,14622,247,18,MALUKU
2022-09-26,4,0,4,0,14891,14626,247,18,MALUKU
2022-09-27,0,0,0,0,14891,14626,247,18,MALUKU
2022-09-28,1,0,0,1,14892,14626,247,19,MALUKU
2022-09-29,2,1,0,1,14894,14626,248,20,MALUKU
2022-09-30,1,0,0,1,14895,14626,248,21,MALUKU
2020-03-19,1,0,0,1,1,0,0,1,SULAWESI SELATAN
2020-03-20,0,0,0,0,1,0,0,1,SULAWESI SELATAN
2020-03-21,0,0,0,0,1,0,0,1,SULAWESI SELATAN
2020-03-22,0,0,0,0,1,0,0,1,SULAWESI SELATAN
2020-03-23,0,0,0,0,1,0,0,1,SULAWESI SELATAN
2020-03-24,2,0,0,2,3,0,0,3,SULAWESI SELATAN
2020-03-25,8,0,0,8,11,0,0,11,SULAWESI SELATAN
2020-03-26,11,0,0,11,22,0,0,22,SULAWESI SELATAN
2020-03-27,0,0,0,0,22,0,0,22,SULAWESI SELATAN
2020-03-28,2,0,0,2,24,0,0,24,SULAWESI SELATAN
2020-03-29,13,0,0,13,37,0,0,37,SULAWESI SELATAN
2020-03-30,3,1,0,2,40,0,1,39,SULAWESI SELATAN
2020-03-31,0,1,0,-1,40,0,2,38,SULAWESI SELATAN
2020-04-01,12,0,0,12,52,0,2,50,SULAWESI SELATAN
2020-04-02,0,1,4,-5,52,4,3,45,SULAWESI SELATAN
2020-04-03,12,0,0,12,64,4,3,57,SULAWESI SELATAN
2020-04-04,0,2,4,-6,64,8,5,51,SULAWESI SELATAN
2020-04-05,2,2,8,-8,66,16,7,43,SULAWESI SELATAN
2020-04-06,24,0,0,24,90,16,7,67,SULAWESI SELATAN
2020-04-07,9,0,2,7,99,18,7,74,SULAWESI SELATAN
2020-04-08,5,1,2,2,104,20,8,76,SULAWESI SELATAN
2020-04-09,4,0,0,4,108,20,8,80,SULAWESI SELATAN
2020-04-10,26,1,0,25,134,20,9,105,SULAWESI SELATAN
2020-04-11,7,6,0,1,141,20,15,106,SULAWESI SELATAN
2020-04-12,39,0,0,39,180,20,15,145,SULAWESI SELATAN
2020-04-13,0,1,5,-6,180,25,16,139,SULAWESI SELATAN
2020-04-14,7,3,3,1,187,28,19,140,SULAWESI SELATAN
2020-04-15,8,0,7,1,195,35,19,141,SULAWESI SELATAN
2020-04-16,24,0,0,24,219,35,19,165,SULAWESI SELATAN
2020-04-17,51,1,2,48,270,37,20,213,SULAWESI SELATAN
2020-04-18,8,1,5,2,278,42,21,215,SULAWESI SELATAN
2020-04-19,22,1,9,12,300,51,22,227,SULAWESI SELATAN
2020-04-20,0,1,7,-8,300,58,23,219,SULAWESI SELATAN
2020-04-21,6,2,0,4,306,58,25,223,SULAWESI SELATAN
2020-04-22,10,0,3,7,316,61,25,230,SULAWESI SELATAN
2020-04-23,7,0,4,3,323,65,25,233,SULAWESI SELATAN
2020-04-24,17,0,1,16,340,66,25,249,SULAWESI SELATAN
2020-04-25,11,1,1,9,351,67,26,258,SULAWESI SELATAN
2020-04-26,6,1,16,-11,357,83,27,247,SULAWESI SELATAN
2020-04-27,0,0,6,-6,357,89,27,241,SULAWESI SELATAN
2020-04-28,8,0,2,6,365,91,27,247,SULAWESI SELATAN
2020-04-29,12,0,7,5,377,98,27,252,SULAWESI SELATAN
2020-04-30,21,0,3,18,398,101,27,270,SULAWESI SELATAN
2020-05-01,45,0,10,35,443,111,27,305,SULAWESI SELATAN
2020-05-02,23,1,7,15,466,118,28,320,SULAWESI SELATAN
2020-05-03,17,0,5,12,483,123,28,332,SULAWESI SELATAN
2020-05-04,5,0,37,-32,488,160,28,300,SULAWESI SELATAN
2020-05-05,26,2,21,3,514,181,30,303,SULAWESI SELATAN
2020-05-06,21,3,5,13,535,186,33,316,SULAWESI SELATAN
2020-05-07,15,0,2,13,550,188,33,329,SULAWESI SELATAN
2020-05-08,21,2,9,10,571,197,35,339,SULAWESI SELATAN
2020-05-09,2,0,9,-7,573,206,35,332,SULAWESI SELATAN
2020-05-10,11,2,6,3,584,212,37,335,SULAWESI SELATAN
2020-05-11,0,1,9,-10,584,221,38,325,SULAWESI SELATAN
2020-05-12,22,0,5,17,606,226,38,342,SULAWESI SELATAN
2020-05-13,46,0,5,41,652,231,38,383,SULAWESI SELATAN
2020-05-14,35,0,4,31,687,235,38,414,SULAWESI SELATAN
2020-05-15,25,0,0,25,712,235,38,439,SULAWESI SELATAN
2020-05-16,31,1,14,16,743,249,39,455,SULAWESI SELATAN
2020-05-17,29,0,6,23,772,255,39,478,SULAWESI SELATAN
2020-05-18,52,1,17,34,824,272,40,512,SULAWESI SELATAN
2020-05-19,42,0,18,24,866,290,40,536,SULAWESI SELATAN
2020-05-20,28,0,9,19,894,299,40,555,SULAWESI SELATAN
2020-05-21,28,3,26,-1,922,325,43,554,SULAWESI SELATAN
2020-05-22,62,2,19,41,984,344,45,595,SULAWESI SELATAN
2020-05-23,44,0,4,40,1028,348,45,635,SULAWESI SELATAN
2020-05-24,25,1,29,-5,1053,377,46,630,SULAWESI SELATAN
2020-05-25,19,3,4,12,1072,381,49,642,SULAWESI SELATAN
2020-05-26,26,2,29,-5,1098,410,51,637,SULAWESI SELATAN
2020-05-27,21,0,16,5,1119,426,51,642,SULAWESI SELATAN
2020-05-28,35,0,1,34,1154,427,51,676,SULAWESI SELATAN
2020-05-29,30,3,12,15,1184,439,54,691,SULAWESI SELATAN
2020-05-30,31,0,24,7,1215,463,54,698,SULAWESI SELATAN
2020-05-31,29,2,26,1,1244,489,56,699,SULAWESI SELATAN
2020-06-01,39,1,25,13,1283,514,57,712,SULAWESI SELATAN
2020-06-02,35,0,0,35,1318,514,57,747,SULAWESI SELATAN
2020-06-03,32,0,9,23,1350,523,57,770,SULAWESI SELATAN
2020-06-04,42,4,3,35,1392,526,61,805,SULAWESI SELATAN
2020-06-05,44,11,29,4,1436,555,72,809,SULAWESI SELATAN
2020-06-06,52,0,0,52,1488,555,72,861,SULAWESI SELATAN
2020-06-07,50,0,0,50,1538,555,72,911,SULAWESI SELATAN
2020-06-08,85,0,0,85,1623,555,72,996,SULAWESI SELATAN
2020-06-09,144,2,25,117,1767,580,74,1113,SULAWESI SELATAN
2020-06-10,142,0,40,102,1909,620,74,1215,SULAWESI SELATAN
2020-06-11,111,0,0,111,2020,620,74,1326,SULAWESI SELATAN
2020-06-12,43,11,61,-29,2063,681,85,1297,SULAWESI SELATAN
2020-06-13,95,0,29,66,2158,710,85,1363,SULAWESI SELATAN
2020-06-14,109,1,28,80,2267,738,86,1443,SULAWESI SELATAN
2020-06-15,84,7,121,-44,2351,859,93,1399,SULAWESI SELATAN
2020-06-16,132,0,35,97,2483,894,93,1496,SULAWESI SELATAN
2020-06-17,68,0,11,57,2551,905,93,1553,SULAWESI SELATAN
2020-06-18,135,0,16,119,2686,921,93,1672,SULAWESI SELATAN
2020-06-19,164,0,39,125,2850,960,93,1797,SULAWESI SELATAN
2020-06-20,93,13,60,20,2943,1020,106,1817,SULAWESI SELATAN
2020-06-21,83,0,30,53,3026,1050,106,1870,SULAWESI SELATAN
2020-06-22,96,5,30,61,3122,1080,111,1931,SULAWESI SELATAN
2020-06-23,109,0,33,76,3231,1113,111,2007,SULAWESI SELATAN
2020-06-24,113,5,33,75,3344,1146,116,2082,SULAWESI SELATAN
2020-06-25,93,1,47,45,3437,1193,117,2127,SULAWESI SELATAN
2020-06-26,124,1,119,4,3561,1312,118,2131,SULAWESI SELATAN
2020-06-27,118,1,32,85,3679,1344,119,2216,SULAWESI SELATAN
2020-06-28,152,3,48,101,3831,1392,122,2317,SULAWESI SELATAN
2020-06-29,148,1,40,107,3979,1432,123,2424,SULAWESI SELATAN
2020-06-30,66,3,59,4,4045,1491,126,2428,SULAWESI SELATAN
2020-07-01,107,0,42,65,4152,1533,126,2493,SULAWESI SELATAN
2020-07-02,134,0,45,89,4286,1578,126,2582,SULAWESI SELATAN
2020-07-03,141,4,28,109,4427,1606,130,2691,SULAWESI SELATAN
2020-07-04,156,0,30,126,4583,1636,130,2817,SULAWESI SELATAN
2020-07-05,105,16,77,12,4688,1713,146,2829,SULAWESI SELATAN
2020-07-06,64,1,67,-4,4752,1780,147,2825,SULAWESI SELATAN
2020-07-07,168,2,38,128,4920,1818,149,2953,SULAWESI SELATAN
2020-07-08,136,3,13,120,5056,1831,152,3073,SULAWESI SELATAN
2020-07-09,99,5,142,-48,5155,1973,157,3025,SULAWESI SELATAN
2020-07-10,109,0,25,84,5264,1998,157,3109,SULAWESI SELATAN
2020-07-11,137,6,144,-13,5401,2142,163,3096,SULAWESI SELATAN
2020-07-12,131,6,79,46,5532,2221,169,3142,SULAWESI SELATAN
2020-07-13,99,1,205,-107,5631,2426,170,3035,SULAWESI SELATAN
2020-07-14,159,9,112,38,5790,2538,179,3073,SULAWESI SELATAN
2020-07-15,116,9,92,15,5906,2630,188,3088,SULAWESI SELATAN
2020-07-16,146,11,172,-37,6052,2802,199,3051,SULAWESI SELATAN
2020-07-17,70,2,92,-24,6122,2894,201,3027,SULAWESI SELATAN
2020-07-18,130,2,64,64,6252,2958,203,3091,SULAWESI SELATAN
2020-07-19,123,6,395,-278,6375,3353,209,2813,SULAWESI SELATAN
2020-07-20,105,1,218,-114,6480,3571,210,2699,SULAWESI SELATAN
2020-07-21,81,3,169,-91,6561,3740,213,2608,SULAWESI SELATAN
2020-07-22,121,2,287,-168,6682,4027,215,2440,SULAWESI SELATAN
2020-07-23,92,0,202,-110,6774,4229,215,2330,SULAWESI SELATAN
2020-07-24,66,3,444,-381,6840,4673,218,1949,SULAWESI SELATAN
2020-07-25,104,2,194,-92,6944,4867,220,1857,SULAWESI SELATAN
2020-07-26,107,7,0,100,7051,4867,227,1957,SULAWESI SELATAN
2020-07-27,90,4,7,79,7141,4874,231,2036,SULAWESI SELATAN
2020-07-28,107,3,207,-103,7248,5081,234,1933,SULAWESI SELATAN
2020-07-29,98,3,19,76,7346,5100,237,2009,SULAWESI SELATAN
2020-07-30,77,2,85,-10,7423,5185,239,1999,SULAWESI SELATAN
2020-07-31,62,0,3,59,7485,5188,239,2058,SULAWESI SELATAN
2020-08-01,104,6,125,-27,7589,5313,245,2031,SULAWESI SELATAN
2020-08-02,74,0,0,74,7663,5313,245,2105,SULAWESI SELATAN
2020-08-03,82,0,1,81,7745,5314,245,2186,SULAWESI SELATAN
2020-08-04,105,4,105,-4,7850,5419,249,2182,SULAWESI SELATAN
2020-08-05,107,1,125,-19,7957,5544,250,2163,SULAWESI SELATAN
2020-08-06,147,0,60,87,8104,5604,250,2250,SULAWESI SELATAN
2020-08-07,67,4,59,4,8171,5663,254,2254,SULAWESI SELATAN
2020-08-08,80,0,57,23,8251,5720,254,2277,SULAWESI SELATAN
2020-08-09,79,0,46,33,8330,5766,254,2310,SULAWESI SELATAN
2020-08-10,51,0,45,6,8381,5811,254,2316,SULAWESI SELATAN
2020-08-11,41,2,88,-49,8422,5899,256,2267,SULAWESI SELATAN
2020-08-12,72,1,56,15,8494,5955,257,2282,SULAWESI SELATAN
2020-08-13,60,1,48,11,8554,6003,258,2293,SULAWESI SELATAN
2020-08-14,23,4,95,-76,8577,6098,262,2217,SULAWESI SELATAN
2020-08-15,65,0,50,15,8642,6148,262,2232,SULAWESI SELATAN
2020-08-16,78,0,47,31,8720,6195,262,2263,SULAWESI SELATAN
2020-08-17,61,2,67,-8,8781,6262,264,2255,SULAWESI SELATAN
2020-08-18,22,0,166,-144,8803,6428,264,2111,SULAWESI SELATAN
2020-08-19,16,1,49,-34,8819,6477,265,2077,SULAWESI SELATAN
2020-08-20,57,1,66,-10,8876,6543,266,2067,SULAWESI SELATAN
2020-08-21,89,2,71,16,8965,6614,268,2083,SULAWESI SELATAN
2020-08-22,41,0,50,-9,9006,6664,268,2074,SULAWESI SELATAN
2020-08-23,23,1,73,-51,9029,6737,269,2023,SULAWESI SELATAN
2020-08-24,40,1,82,-43,9069,6819,270,1980,SULAWESI SELATAN
2020-08-25,46,0,109,-63,9115,6928,270,1917,SULAWESI SELATAN
2020-08-26,48,0,83,-35,9163,7011,270,1882,SULAWESI SELATAN
2020-08-27,24,5,78,-59,9187,7089,275,1823,SULAWESI SELATAN
2020-08-28,72,1,87,-16,9259,7176,276,1807,SULAWESI SELATAN
2020-08-29,83,2,66,15,9342,7242,278,1822,SULAWESI SELATAN
2020-08-30,46,0,65,-19,9388,7307,278,1803,SULAWESI SELATAN
2020-08-31,86,0,64,22,9474,7371,278,1825,SULAWESI SELATAN
2020-09-01,65,0,61,4,9539,7432,278,1829,SULAWESI SELATAN
2020-09-02,105,3,65,37,9644,7497,281,1866,SULAWESI SELATAN
2020-09-03,45,2,71,-28,9689,7568,283,1838,SULAWESI SELATAN
2020-09-04,71,1,48,22,9760,7616,284,1860,SULAWESI SELATAN
2020-09-05,111,2,50,59,9871,7666,286,1919,SULAWESI SELATAN
2020-09-06,168,0,34,134,10039,7700,286,2053,SULAWESI SELATAN
2020-09-07,9,1,64,-56,10048,7764,287,1997,SULAWESI SELATAN
2020-09-08,39,1,84,-46,10087,7848,288,1951,SULAWESI SELATAN
2020-09-09,116,1,31,84,10203,7879,289,2035,SULAWESI SELATAN
2020-09-10,109,0,1,108,10312,7880,289,2143,SULAWESI SELATAN
2020-09-11,129,1,125,3,10441,8005,290,2146,SULAWESI SELATAN
2020-09-12,38,1,60,-23,10479,8065,291,2123,SULAWESI SELATAN
2020-09-13,67,4,36,27,10546,8101,295,2150,SULAWESI SELATAN
2020-09-14,147,2,54,91,10693,8155,297,2241,SULAWESI SELATAN
2020-09-15,82,0,0,82,10775,8155,297,2323,SULAWESI SELATAN
2020-09-16,114,2,105,7,10889,8260,299,2330,SULAWESI SELATAN
2020-09-17,90,0,11,79,10979,8271,299,2409,SULAWESI SELATAN
2020-09-18,135,1,56,78,11114,8327,300,2487,SULAWESI SELATAN
2020-09-19,141,1,40,100,11255,8367,301,2587,SULAWESI SELATAN
2020-09-20,147,5,60,82,11402,8427,306,2669,SULAWESI SELATAN
2020-09-21,37,2,72,-37,11439,8499,308,2632,SULAWESI SELATAN
2020-09-22,103,1,72,30,11542,8571,309,2662,SULAWESI SELATAN
2020-09-23,93,1,65,27,11635,8636,310,2689,SULAWESI SELATAN
2020-09-24,128,3,58,67,11763,8694,313,2756,SULAWESI SELATAN
2020-09-25,132,1,71,60,11895,8765,314,2816,SULAWESI SELATAN
2020-09-26,127,4,114,9,12022,8879,318,2825,SULAWESI SELATAN
2020-09-27,121,2,179,-60,12143,9058,320,2765,SULAWESI SELATAN
2020-09-28,67,0,133,-66,12210,9191,320,2699,SULAWESI SELATAN
2020-09-29,112,2,357,-247,12322,9548,322,2452,SULAWESI SELATAN
2020-09-30,57,3,289,-235,12379,9837,325,2217,SULAWESI SELATAN
2020-10-01,94,0,172,-78,12473,10009,325,2139,SULAWESI SELATAN
2020-10-02,53,0,159,-106,12526,10168,325,2033,SULAWESI SELATAN
2020-10-03,47,3,98,-54,12573,10266,328,1979,SULAWESI SELATAN
2020-10-04,55,2,93,-40,12628,10359,330,1939,SULAWESI SELATAN
2020-10-05,13,0,128,-115,12641,10487,330,1824,SULAWESI SELATAN
2020-10-06,43,0,157,-114,12684,10644,330,1710,SULAWESI SELATAN
2020-10-07,97,0,67,30,12781,10711,330,1740,SULAWESI SELATAN
2020-10-08,166,2,104,60,12947,10815,332,1800,SULAWESI SELATAN
2020-10-09,80,2,101,-23,13027,10916,334,1777,SULAWESI SELATAN
2020-10-10,109,2,84,23,13136,11000,336,1800,SULAWESI SELATAN
2020-10-11,109,1,77,31,13245,11077,337,1831,SULAWESI SELATAN
2020-10-12,72,2,127,-57,13317,11204,339,1774,SULAWESI SELATAN
2020-10-13,102,3,174,-75,13419,11378,342,1699,SULAWESI SELATAN
2020-10-14,107,1,68,38,13526,11446,343,1737,SULAWESI SELATAN
2020-10-15,93,0,89,4,13619,11535,343,1741,SULAWESI SELATAN
2020-10-16,100,0,124,-24,13719,11659,343,1717,SULAWESI SELATAN
2020-10-17,43,2,153,-112,13762,11812,345,1605,SULAWESI SELATAN
2020-10-18,109,0,94,15,13871,11906,345,1620,SULAWESI SELATAN
2020-10-19,36,0,68,-32,13907,11974,345,1588,SULAWESI SELATAN
2020-10-20,65,0,75,-10,13972,12049,345,1578,SULAWESI SELATAN
2020-10-21,88,0,147,-59,14060,12196,345,1519,SULAWESI SELATAN
2020-10-22,62,0,83,-21,14122,12279,345,1498,SULAWESI SELATAN
2020-10-23,47,1,67,-21,14169,12346,346,1477,SULAWESI SELATAN
2020-10-24,58,0,42,16,14227,12388,346,1493,SULAWESI SELATAN
2020-10-25,40,4,75,-39,14267,12463,350,1454,SULAWESI SELATAN
2020-10-26,10,0,66,-56,14277,12529,350,1398,SULAWESI SELATAN
2020-10-27,159,0,277,-118,14436,12806,350,1280,SULAWESI SELATAN
2020-10-28,94,1,90,3,14530,12896,351,1283,SULAWESI SELATAN
2020-10-29,24,7,62,-45,14554,12958,358,1238,SULAWESI SELATAN
2020-10-30,34,1,75,-42,14588,13033,359,1196,SULAWESI SELATAN
2020-10-31,9,3,45,-39,14597,13078,362,1157,SULAWESI SELATAN
2020-11-01,25,0,86,-61,14622,13164,362,1096,SULAWESI SELATAN
2020-11-02,1,1,43,-43,14623,13207,363,1053,SULAWESI SELATAN
2020-11-03,23,0,31,-8,14646,13238,363,1045,SULAWESI SELATAN
2020-11-04,57,1,51,5,14703,13289,364,1050,SULAWESI SELATAN
2020-11-05,55,0,38,17,14758,13327,364,1067,SULAWESI SELATAN
2020-11-06,22,0,26,-4,14780,13353,364,1063,SULAWESI SELATAN
2020-11-07,113,0,39,74,14893,13392,364,1137,SULAWESI SELATAN
2020-11-08,68,0,33,35,14961,13425,364,1172,SULAWESI SELATAN
2020-11-09,48,1,11,36,15009,13436,365,1208,SULAWESI SELATAN
2020-11-10,41,1,69,-29,15050,13505,366,1179,SULAWESI SELATAN
2020-11-11,129,0,71,58,15179,13576,366,1237,SULAWESI SELATAN
2020-11-12,19,0,23,-4,15198,13599,366,1233,SULAWESI SELATAN
2020-11-13,109,0,40,69,15307,13639,366,1302,SULAWESI SELATAN
2020-11-14,49,2,32,15,15356,13671,368,1317,SULAWESI SELATAN
2020-11-15,60,0,8,52,15416,13679,368,1369,SULAWESI SELATAN
2020-11-16,40,0,78,-38,15456,13757,368,1331,SULAWESI SELATAN
2020-11-17,54,1,31,22,15510,13788,369,1353,SULAWESI SELATAN
2020-11-18,36,0,9,27,15546,13797,369,1380,SULAWESI SELATAN
2020-11-19,95,1,92,2,15641,13889,370,1382,SULAWESI SELATAN
2020-11-20,81,0,74,7,15722,13963,370,1389,SULAWESI SELATAN
2020-11-21,68,4,222,-158,15790,14185,374,1231,SULAWESI SELATAN
2020-11-22,75,2,133,-60,15865,14318,376,1171,SULAWESI SELATAN
2020-11-23,84,2,30,52,15949,14348,378,1223,SULAWESI SELATAN
2020-11-24,68,0,73,-5,16017,14421,378,1218,SULAWESI SELATAN
2020-11-25,29,2,27,0,16046,14448,380,1218,SULAWESI SELATAN
2020-11-26,63,0,34,29,16109,14482,380,1247,SULAWESI SELATAN
2020-11-27,116,1,54,61,16225,14536,381,1308,SULAWESI SELATAN
2020-11-28,71,0,51,20,16296,14587,381,1328,SULAWESI SELATAN
2020-11-29,86,1,47,38,16382,14634,382,1366,SULAWESI SELATAN
2020-11-30,82,2,88,-8,16464,14722,384,1358,SULAWESI SELATAN
2020-12-01,127,3,59,65,16591,14781,387,1423,SULAWESI SELATAN
2020-12-02,97,1,59,37,16688,14840,388,1460,SULAWESI SELATAN
2020-12-03,108,1,33,74,16796,14873,389,1534,SULAWESI SELATAN
2020-12-04,158,2,57,99,16954,14930,391,1633,SULAWESI SELATAN
2020-12-05,132,1,41,90,17086,14971,392,1723,SULAWESI SELATAN
2020-12-06,145,0,24,121,17231,14995,392,1844,SULAWESI SELATAN
2020-12-07,283,2,78,203,17514,15073,394,2047,SULAWESI SELATAN
2020-12-08,87,2,84,1,17601,15157,396,2048,SULAWESI SELATAN
2020-12-09,121,0,88,33,17722,15245,396,2081,SULAWESI SELATAN
2020-12-10,175,2,76,97,17897,15321,398,2178,SULAWESI SELATAN
2020-12-11,209,8,8,193,18106,15329,406,2371,SULAWESI SELATAN
2020-12-12,183,2,65,116,18289,15394,408,2487,SULAWESI SELATAN
2020-12-13,238,4,77,157,18527,15471,412,2644,SULAWESI SELATAN
2020-12-14,235,1,82,152,18762,15553,413,2796,SULAWESI SELATAN
2020-12-15,66,1,83,-18,18828,15636,414,2778,SULAWESI SELATAN
2020-12-16,365,2,100,263,19193,15736,416,3041,SULAWESI SELATAN
2020-12-17,274,4,92,178,19467,15828,420,3219,SULAWESI SELATAN
2020-12-18,409,1,96,312,19876,15924,421,3531,SULAWESI SELATAN
2020-12-19,304,3,191,110,20180,16115,424,3641,SULAWESI SELATAN
2020-12-20,396,4,1,391,20576,16116,428,4032,SULAWESI SELATAN
2020-12-21,440,5,188,247,21016,16304,433,4279,SULAWESI SELATAN
2020-12-22,415,5,691,-281,21431,16995,438,3998,SULAWESI SELATAN
2020-12-23,411,1,482,-72,21842,17477,439,3926,SULAWESI SELATAN
2020-12-24,426,3,413,10,22268,17890,442,3936,SULAWESI SELATAN
2020-12-25,332,2,277,53,22600,18167,444,3989,SULAWESI SELATAN
2020-12-26,447,4,392,51,23047,18559,448,4040,SULAWESI SELATAN
2020-12-27,208,3,723,-518,23255,19282,451,3522,SULAWESI SELATAN
2020-12-28,274,4,338,-68,23529,19620,455,3454,SULAWESI SELATAN
2020-12-29,446,3,201,242,23975,19821,458,3696,SULAWESI SELATAN
2020-12-30,422,5,746,-329,24397,20567,463,3367,SULAWESI SELATAN
2020-12-31,375,1,0,374,24772,20567,464,3741,SULAWESI SELATAN
2021-01-01,441,5,474,-38,25213,21041,469,3703,SULAWESI SELATAN
2021-01-02,476,4,28,444,25689,21069,473,4147,SULAWESI SELATAN
2021-01-03,482,2,46,434,26171,21115,475,4581,SULAWESI SELATAN
2021-01-04,394,1,247,146,26565,21362,476,4727,SULAWESI SELATAN
2021-01-05,509,6,613,-110,27074,21975,482,4617,SULAWESI SELATAN
2021-01-06,367,3,1119,-755,27441,23094,485,3862,SULAWESI SELATAN
2021-01-07,275,7,901,-633,27716,23995,492,3229,SULAWESI SELATAN
2021-01-08,483,3,411,69,28199,24406,495,3298,SULAWESI SELATAN
2021-01-09,462,5,190,267,28661,24596,500,3565,SULAWESI SELATAN
2021-01-10,471,5,434,32,29132,25030,505,3597,SULAWESI SELATAN
2021-01-11,479,1,274,204,29611,25304,506,3801,SULAWESI SELATAN
2021-01-12,508,2,503,3,30119,25807,508,3804,SULAWESI SELATAN
2021-01-13,515,4,424,87,30634,26231,512,3891,SULAWESI SELATAN
2021-01-14,486,7,395,84,31120,26626,519,3975,SULAWESI SELATAN
2021-01-15,524,7,442,75,31644,27068,526,4050,SULAWESI SELATAN
2021-01-16,558,10,458,90,32202,27526,536,4140,SULAWESI SELATAN
2021-01-17,547,2,414,131,32749,27940,538,4271,SULAWESI SELATAN
2021-01-18,537,5,436,96,33286,28376,543,4367,SULAWESI SELATAN
2021-01-19,522,1,419,102,33808,28795,544,4469,SULAWESI SELATAN
2021-01-20,531,3,492,36,34339,29287,547,4505,SULAWESI SELATAN
2021-01-21,509,1,493,15,34848,29780,548,4520,SULAWESI SELATAN
2021-01-22,483,4,427,52,35331,30207,552,4572,SULAWESI SELATAN
2021-01-23,157,1,484,-328,35488,30691,553,4244,SULAWESI SELATAN
2021-01-24,167,5,463,-301,35655,31154,558,3943,SULAWESI SELATAN
2021-01-25,501,0,607,-106,36156,31761,558,3837,SULAWESI SELATAN
2021-01-26,285,9,423,-147,36441,32184,567,3690,SULAWESI SELATAN
2021-01-27,231,4,431,-204,36672,32615,571,3486,SULAWESI SELATAN
2021-01-28,559,4,449,106,37231,33064,575,3592,SULAWESI SELATAN
2021-01-29,274,2,427,-155,37505,33491,577,3437,SULAWESI SELATAN
2021-01-30,556,6,162,388,38061,33653,583,3825,SULAWESI SELATAN
2021-01-31,539,0,191,348,38600,33844,583,4173,SULAWESI SELATAN
2021-02-01,512,4,373,135,39112,34217,587,4308,SULAWESI SELATAN
2021-02-02,74,0,342,-268,39186,34559,587,4040,SULAWESI SELATAN
2021-02-03,131,5,234,-108,39317,34793,592,3932,SULAWESI SELATAN
2021-02-04,243,2,351,-110,39560,35144,594,3822,SULAWESI SELATAN
2021-02-05,179,3,219,-43,39739,35363,597,3779,SULAWESI SELATAN
2021-02-06,414,3,457,-46,40153,35820,600,3733,SULAWESI SELATAN
2021-02-07,215,8,432,-225,40368,36252,608,3508,SULAWESI SELATAN
2021-02-08,117,6,356,-245,40485,36608,614,3263,SULAWESI SELATAN
2021-02-09,125,1,54,70,40610,36662,615,3333,SULAWESI SELATAN
2021-02-10,136,0,117,19,40746,36779,615,3352,SULAWESI SELATAN
2021-02-11,105,1,182,-78,40851,36961,616,3274,SULAWESI SELATAN
2021-02-12,541,4,172,365,41392,37133,620,3639,SULAWESI SELATAN
2021-02-13,292,10,366,-84,41684,37499,630,3555,SULAWESI SELATAN
2021-02-14,290,10,205,75,41974,37704,640,3630,SULAWESI SELATAN
2021-02-15,129,0,231,-102,42103,37935,640,3528,SULAWESI SELATAN
2021-02-16,259,3,251,5,42362,38186,643,3533,SULAWESI SELATAN
2021-02-17,95,3,381,-289,42457,38567,646,3244,SULAWESI SELATAN
2021-02-18,224,0,190,34,42681,38757,646,3278,SULAWESI SELATAN
2021-02-19,168,3,423,-258,42849,39180,649,3020,SULAWESI SELATAN
2021-02-20,160,3,329,-172,43009,39509,652,2848,SULAWESI SELATAN
2021-02-21,148,0,268,-120,43157,39777,652,2728,SULAWESI SELATAN
2021-02-22,222,1,165,56,43379,39942,653,2784,SULAWESI SELATAN
2021-02-23,401,0,218,183,43780,40160,653,2967,SULAWESI SELATAN
2021-02-24,316,3,241,72,44096,40401,656,3039,SULAWESI SELATAN
2021-02-25,344,3,249,92,44440,40650,659,3131,SULAWESI SELATAN
2021-02-26,275,4,161,110,44715,40811,663,3241,SULAWESI SELATAN
2021-02-27,204,2,186,16,44919,40997,665,3257,SULAWESI SELATAN
2021-02-28,70,0,215,-145,44989,41212,665,3112,SULAWESI SELATAN
2021-03-01,120,4,199,-83,45109,41411,669,3029,SULAWESI SELATAN
2021-03-02,148,10,244,-106,45257,41655,679,2923,SULAWESI SELATAN
2021-03-03,198,6,217,-25,45455,41872,685,2898,SULAWESI SELATAN
2021-03-04,156,2,248,-94,45611,42120,687,2804,SULAWESI SELATAN
2021-03-05,165,8,214,-57,45776,42334,695,2747,SULAWESI SELATAN
2021-03-06,135,4,242,-111,45911,42576,699,2636,SULAWESI SELATAN
2021-03-07,150,1,128,21,46061,42704,700,2657,SULAWESI SELATAN
2021-03-08,68,2,155,-89,46129,42859,702,2568,SULAWESI SELATAN
2021-03-09,73,0,105,-32,46202,42964,702,2536,SULAWESI SELATAN
2021-03-10,178,2,115,61,46380,43079,704,2597,SULAWESI SELATAN
2021-03-11,90,2,171,-83,46470,43250,706,2514,SULAWESI SELATAN
2021-03-12,101,3,126,-28,46571,43376,709,2486,SULAWESI SELATAN
2021-03-13,71,3,112,-44,46642,43488,712,2442,SULAWESI SELATAN
2021-03-14,55,0,121,-66,46697,43609,712,2376,SULAWESI SELATAN
2021-03-15,37,3,104,-70,46734,43713,715,2306,SULAWESI SELATAN
2021-03-16,95,1,138,-44,46829,43851,716,2262,SULAWESI SELATAN
2021-03-17,120,2,163,-45,46949,44014,718,2217,SULAWESI SELATAN
2021-03-18,110,5,182,-77,47059,44196,723,2140,SULAWESI SELATAN
2021-03-19,116,0,169,-53,47175,44365,723,2087,SULAWESI SELATAN
2021-03-20,46,1,200,-155,47221,44565,724,1932,SULAWESI SELATAN
2021-03-21,39,0,247,-208,47260,44812,724,1724,SULAWESI SELATAN
2021-03-22,42,1,152,-111,47302,44964,725,1613,SULAWESI SELATAN
2021-03-23,54,2,109,-57,47356,45073,727,1556,SULAWESI SELATAN
2021-03-24,63,0,133,-70,47419,45206,727,1486,SULAWESI SELATAN
2021-03-25,58,2,124,-68,47477,45330,729,1418,SULAWESI SELATAN
2021-03-26,26,0,142,-116,47503,45472,729,1302,SULAWESI SELATAN
2021-03-27,23,0,134,-111,47526,45606,729,1191,SULAWESI SELATAN
2021-03-28,28,1,114,-87,47554,45720,730,1104,SULAWESI SELATAN
2021-03-29,32,0,87,-55,47586,45807,730,1049,SULAWESI SELATAN
2021-03-30,82,0,89,-7,47668,45896,730,1042,SULAWESI SELATAN
2021-03-31,73,0,115,-42,47741,46011,730,1000,SULAWESI SELATAN
2021-04-01,58,0,124,-66,47799,46135,730,934,SULAWESI SELATAN
2021-04-02,16,0,137,-121,47815,46272,730,813,SULAWESI SELATAN
2021-04-03,46,0,97,-51,47861,46369,730,762,SULAWESI SELATAN
2021-04-04,50,0,132,-82,47911,46501,730,680,SULAWESI SELATAN
2021-04-05,27,2,91,-66,47938,46592,732,614,SULAWESI SELATAN
2021-04-06,165,0,97,68,48103,46689,732,682,SULAWESI SELATAN
2021-04-07,181,0,190,-9,48284,46879,732,673,SULAWESI SELATAN
2021-04-08,125,0,215,-90,48409,47094,732,583,SULAWESI SELATAN
2021-04-09,68,2,158,-92,48477,47252,734,491,SULAWESI SELATAN
2021-04-10,80,0,69,11,48557,47321,734,502,SULAWESI SELATAN
2021-04-11,20,0,105,-85,48577,47426,734,417,SULAWESI SELATAN
2021-04-12,31,0,34,-3,48608,47460,734,414,SULAWESI SELATAN
2021-04-13,82,0,66,16,48690,47526,734,430,SULAWESI SELATAN
2021-04-14,91,0,33,58,48781,47559,734,488,SULAWESI SELATAN
2021-04-15,71,0,44,27,48852,47603,734,515,SULAWESI SELATAN
2021-04-16,42,1,44,-3,48894,47647,735,512,SULAWESI SELATAN
2021-04-17,28,0,15,13,48922,47662,735,525,SULAWESI SELATAN
2021-04-18,18,0,8,10,48940,47670,735,535,SULAWESI SELATAN
2021-04-19,10,0,24,-14,48950,47694,735,521,SULAWESI SELATAN
2021-04-20,62,0,68,-6,49012,47762,735,515,SULAWESI SELATAN
2021-04-21,53,2,34,17,49065,47796,737,532,SULAWESI SELATAN
2021-04-22,15,4,116,-105,49080,47912,741,427,SULAWESI SELATAN
2021-04-23,25,3,76,-54,49105,47988,744,373,SULAWESI SELATAN
2021-04-24,9,1,17,-9,49114,48005,745,364,SULAWESI SELATAN
2021-04-25,5,0,46,-41,49119,48051,745,323,SULAWESI SELATAN
2021-04-26,11,0,49,-38,49130,48100,745,285,SULAWESI SELATAN
2021-04-27,45,0,35,10,49175,48135,745,295,SULAWESI SELATAN
2021-04-28,15,0,47,-32,49190,48182,745,263,SULAWESI SELATAN
2021-04-29,23,1,29,-7,49213,48211,746,256,SULAWESI SELATAN
2021-04-30,25,3,7,15,49238,48218,749,271,SULAWESI SELATAN
2021-05-01,19,0,13,6,49257,48231,749,277,SULAWESI SELATAN
2021-05-02,4,0,11,-7,49261,48242,749,270,SULAWESI SELATAN
2021-05-03,11,0,9,2,49272,48251,749,272,SULAWESI SELATAN
2021-05-04,17,0,5,12,49289,48256,749,284,SULAWESI SELATAN
2021-05-05,4,0,44,-40,49293,48300,749,244,SULAWESI SELATAN
2021-05-06,13,0,19,-6,49306,48319,749,238,SULAWESI SELATAN
2021-05-07,24,0,12,12,49330,48331,749,250,SULAWESI SELATAN
2021-05-08,11,0,13,-2,49341,48344,749,248,SULAWESI SELATAN
2021-05-09,9,0,4,5,49350,48348,749,253,SULAWESI SELATAN
2021-05-10,22,0,11,11,49372,48359,749,264,SULAWESI SELATAN
2021-05-11,21,0,26,-5,49393,48385,749,259,SULAWESI SELATAN
2021-05-12,6,0,3,3,49399,48388,749,262,SULAWESI SELATAN
2021-05-13,2,0,2,0,49401,48390,749,262,SULAWESI SELATAN
2021-05-14,4,0,3,1,49405,48393,749,263,SULAWESI SELATAN
2021-05-15,1,0,4,-3,49406,48397,749,260,SULAWESI SELATAN
2021-05-16,3,0,3,0,49409,48400,749,260,SULAWESI SELATAN
2021-05-17,17,0,23,-6,49426,48423,749,254,SULAWESI SELATAN
2021-05-18,21,0,22,-1,49447,48445,749,253,SULAWESI SELATAN
2021-05-19,33,0,14,19,49480,48459,749,272,SULAWESI SELATAN
2021-05-20,38,0,19,19,49518,48478,749,291,SULAWESI SELATAN
2021-05-21,45,0,24,21,49563,48502,749,312,SULAWESI SELATAN
2021-05-22,3,3,31,-31,49566,48533,752,281,SULAWESI SELATAN
2021-05-23,33,0,27,6,49599,48560,752,287,SULAWESI SELATAN
2021-05-24,11,1,4,6,49610,48564,753,293,SULAWESI SELATAN
2021-05-25,46,0,2,44,49656,48566,753,337,SULAWESI SELATAN
2021-05-26,7,0,4,3,49663,48570,753,340,SULAWESI SELATAN
2021-05-27,24,1,25,-2,49687,48595,754,338,SULAWESI SELATAN
2021-05-28,25,1,24,0,49712,48619,755,338,SULAWESI SELATAN
2021-05-29,18,0,30,-12,49730,48649,755,326,SULAWESI SELATAN
2021-05-30,45,0,13,32,49775,48662,755,358,SULAWESI SELATAN
2021-05-31,8,0,10,-2,49783,48672,755,356,SULAWESI SELATAN
2021-06-01,2,0,54,-52,49785,48726,755,304,SULAWESI SELATAN
2021-06-02,39,0,15,24,49824,48741,755,328,SULAWESI SELATAN
2021-06-03,32,0,26,6,49856,48767,755,334,SULAWESI SELATAN
2021-06-04,10,1,0,9,49866,48767,756,343,SULAWESI SELATAN
2021-06-05,34,0,5,29,49900,48772,756,372,SULAWESI SELATAN
2021-06-06,22,0,14,8,49922,48786,756,380,SULAWESI SELATAN
2021-06-07,21,1,19,1,49943,48805,757,381,SULAWESI SELATAN
2021-06-08,83,0,29,54,50026,48834,757,435,SULAWESI SELATAN
2021-06-09,50,1,29,20,50076,48863,758,455,SULAWESI SELATAN
2021-06-10,39,1,48,-10,50115,48911,759,445,SULAWESI SELATAN
2021-06-11,26,1,27,-2,50141,48938,760,443,SULAWESI SELATAN
2021-06-12,32,1,25,6,50173,48963,761,449,SULAWESI SELATAN
2021-06-13,16,0,21,-5,50189,48984,761,444,SULAWESI SELATAN
2021-06-14,8,2,32,-26,50197,49016,763,418,SULAWESI SELATAN
2021-06-15,36,0,35,1,50233,49051,763,419,SULAWESI SELATAN
2021-06-16,25,1,3,21,50258,49054,764,440,SULAWESI SELATAN
2021-06-17,54,0,24,30,50312,49078,764,470,SULAWESI SELATAN
2021-06-18,51,0,6,45,50363,49084,764,515,SULAWESI SELATAN
2021-06-19,56,0,61,-5,50419,49145,764,510,SULAWESI SELATAN
2021-06-20,39,0,1,38,50458,49146,764,548,SULAWESI SELATAN
2021-06-21,31,1,23,7,50489,49169,765,555,SULAWESI SELATAN
2021-06-22,105,1,19,85,50594,49188,766,640,SULAWESI SELATAN
2021-06-23,105,0,11,94,50699,49199,766,734,SULAWESI SELATAN
2021-06-24,84,1,11,72,50783,49210,767,806,SULAWESI SELATAN
2021-06-25,114,2,15,97,50897,49225,769,903,SULAWESI SELATAN
2021-06-26,102,2,45,55,50999,49270,771,958,SULAWESI SELATAN
2021-06-27,71,4,88,-21,51070,49358,775,937,SULAWESI SELATAN
2021-06-28,99,1,87,11,51169,49445,776,948,SULAWESI SELATAN
2021-06-29,111,2,65,44,51280,49510,778,992,SULAWESI SELATAN
2021-06-30,172,7,63,102,51452,49573,785,1094,SULAWESI SELATAN
2021-07-01,205,1,47,157,51657,49620,786,1251,SULAWESI SELATAN
2021-07-02,253,4,36,213,51910,49656,790,1464,SULAWESI SELATAN
2021-07-03,276,0,48,228,52186,49704,790,1692,SULAWESI SELATAN
2021-07-04,144,1,61,82,52330,49765,791,1774,SULAWESI SELATAN
2021-07-05,176,1,73,102,52506,49838,792,1876,SULAWESI SELATAN
2021-07-06,194,0,56,138,52700,49894,792,2014,SULAWESI SELATAN
2021-07-07,392,6,60,326,53092,49954,798,2340,SULAWESI SELATAN
2021-07-08,392,9,119,264,53484,50073,807,2604,SULAWESI SELATAN
2021-07-09,416,5,93,318,53900,50166,812,2922,SULAWESI SELATAN
2021-07-10,444,6,165,273,54344,50331,818,3195,SULAWESI SELATAN
2021-07-11,374,4,144,226,54718,50475,822,3421,SULAWESI SELATAN
2021-07-12,230,5,181,44,54948,50656,827,3465,SULAWESI SELATAN
2021-07-13,418,1,135,282,55366,50791,828,3747,SULAWESI SELATAN
2021-07-14,428,5,163,260,55794,50954,833,4007,SULAWESI SELATAN
2021-07-15,468,5,191,272,56262,51145,838,4279,SULAWESI SELATAN
2021-07-16,571,11,236,324,56833,51381,849,4603,SULAWESI SELATAN
2021-07-17,599,10,209,380,57432,51590,859,4983,SULAWESI SELATAN
2021-07-18,352,12,287,53,57784,51877,871,5036,SULAWESI SELATAN
2021-07-19,272,14,253,5,58056,52130,885,5041,SULAWESI SELATAN
2021-07-20,383,14,297,72,58439,52427,899,5113,SULAWESI SELATAN
2021-07-21,181,12,195,-26,58620,52622,911,5087,SULAWESI SELATAN
2021-07-22,773,8,327,438,59393,52949,919,5525,SULAWESI SELATAN
2021-07-23,1033,12,375,646,60426,53324,931,6171,SULAWESI SELATAN
2021-07-24,647,4,223,420,61073,53547,935,6591,SULAWESI SELATAN
2021-07-25,682,13,509,160,61755,54056,948,6751,SULAWESI SELATAN
2021-07-26,522,3,485,34,62277,54541,951,6785,SULAWESI SELATAN
2021-07-27,767,11,599,157,63044,55140,962,6942,SULAWESI SELATAN
2021-07-28,928,24,549,355,63972,55689,986,7297,SULAWESI SELATAN
2021-07-29,1090,22,457,611,65062,56146,1008,7908,SULAWESI SELATAN
2021-07-30,849,26,285,538,65911,56431,1034,8446,SULAWESI SELATAN
2021-07-31,1022,17,548,457,66933,56979,1051,8903,SULAWESI SELATAN
2021-08-01,643,21,555,67,67576,57534,1072,8970,SULAWESI SELATAN
2021-08-02,441,13,519,-91,68017,58053,1085,8879,SULAWESI SELATAN
2021-08-03,893,12,428,453,68910,58481,1097,9332,SULAWESI SELATAN
2021-08-04,990,25,458,507,69900,58939,1122,9839,SULAWESI SELATAN
2021-08-05,978,18,488,472,70878,59427,1140,10311,SULAWESI SELATAN
2021-08-06,928,19,918,-9,71806,60345,1159,10302,SULAWESI SELATAN
2021-08-07,675,15,495,165,72481,60840,1174,10467,SULAWESI SELATAN
2021-08-08,581,24,592,-35,73062,61432,1198,10432,SULAWESI SELATAN
2021-08-09,656,26,1385,-755,73718,62817,1224,9677,SULAWESI SELATAN
2021-08-10,785,24,718,43,74503,63535,1248,9720,SULAWESI SELATAN
2021-08-11,833,19,789,25,75336,64324,1267,9745,SULAWESI SELATAN
2021-08-12,559,26,698,-165,75895,65022,1293,9580,SULAWESI SELATAN
2021-08-13,881,22,796,63,76776,65818,1315,9643,SULAWESI SELATAN
2021-08-14,822,15,817,-10,77598,66635,1330,9633,SULAWESI SELATAN
2021-08-15,526,21,551,-46,78124,67186,1351,9587,SULAWESI SELATAN
2021-08-16,274,15,656,-397,78398,67842,1366,9190,SULAWESI SELATAN
2021-08-17,381,21,613,-253,78779,68455,1387,8937,SULAWESI SELATAN
2021-08-18,402,13,418,-29,79181,68873,1400,8908,SULAWESI SELATAN
2021-08-19,720,24,204,492,79901,69077,1424,9400,SULAWESI SELATAN
2021-08-20,539,16,825,-302,80440,69902,1440,9098,SULAWESI SELATAN
2021-08-21,432,11,773,-352,80872,70675,1451,8746,SULAWESI SELATAN
2021-08-22,315,17,1011,-713,81187,71686,1468,8033,SULAWESI SELATAN
2021-08-23,150,18,966,-834,81337,72652,1486,7199,SULAWESI SELATAN
2021-08-24,429,8,784,-363,81766,73436,1494,6836,SULAWESI SELATAN
2021-08-25,446,20,510,-84,82212,73946,1514,6752,SULAWESI SELATAN
2021-08-26,351,9,565,-223,82563,74511,1523,6529,SULAWESI SELATAN
2021-08-27,300,10,314,-24,82863,74825,1533,6505,SULAWESI SELATAN
2021-08-28,289,22,1068,-801,83152,75893,1555,5704,SULAWESI SELATAN
2021-08-29,166,6,840,-680,83318,76733,1561,5024,SULAWESI SELATAN
2021-08-30,88,6,562,-480,83406,77295,1567,4544,SULAWESI SELATAN
2021-08-31,306,18,493,-205,83712,77788,1585,4339,SULAWESI SELATAN
2021-09-01,240,9,385,-154,83952,78173,1594,4185,SULAWESI SELATAN
2021-09-02,219,22,503,-306,84171,78676,1616,3879,SULAWESI SELATAN
2021-09-03,194,8,437,-251,84365,79113,1624,3628,SULAWESI SELATAN
2021-09-04,210,2,453,-245,84575,79566,1626,3383,SULAWESI SELATAN
2021-09-05,117,17,296,-196,84692,79862,1643,3187,SULAWESI SELATAN
2021-09-06,84,11,298,-225,84776,80160,1654,2962,SULAWESI SELATAN
2021-09-07,196,2,230,-36,84972,80390,1656,2926,SULAWESI SELATAN
2021-09-08,199,5,229,-35,85171,80619,1661,2891,SULAWESI SELATAN
2021-09-09,151,7,451,-307,85322,81070,1668,2584,SULAWESI SELATAN
2021-09-10,148,5,205,-62,85470,81275,1673,2522,SULAWESI SELATAN
2021-09-11,120,3,173,-56,85590,81448,1676,2466,SULAWESI SELATAN
2021-09-12,67,7,201,-141,85657,81649,1683,2325,SULAWESI SELATAN
2021-09-13,51,4,115,-68,85708,81764,1687,2257,SULAWESI SELATAN
2021-09-14,132,3,182,-53,85840,81946,1690,2204,SULAWESI SELATAN
2021-09-15,109,2,128,-21,85949,82074,1692,2183,SULAWESI SELATAN
2021-09-16,99,11,172,-84,86048,82246,1703,2099,SULAWESI SELATAN
2021-09-17,99,7,125,-33,86147,82371,1710,2066,SULAWESI SELATAN
2021-09-18,75,1,181,-107,86222,82552,1711,1959,SULAWESI SELATAN
2021-09-19,63,2,204,-143,86285,82756,1713,1816,SULAWESI SELATAN
2021-09-20,17,2,47,-32,86302,82803,1715,1784,SULAWESI SELATAN
2021-09-21,90,1,160,-71,86392,82963,1716,1713,SULAWESI SELATAN
2021-09-22,79,1,112,-34,86471,83075,1717,1679,SULAWESI SELATAN
2021-09-23,86,3,125,-42,86557,83200,1720,1637,SULAWESI SELATAN
2021-09-24,65,3,105,-43,86622,83305,1723,1594,SULAWESI SELATAN
2021-09-25,80,2,92,-14,86702,83397,1725,1580,SULAWESI SELATAN
2021-09-26,36,1,38,-3,86738,83435,1726,1577,SULAWESI SELATAN
2021-09-27,26,3,68,-45,86764,83503,1729,1532,SULAWESI SELATAN
2021-09-28,47,2,43,2,86811,83546,1731,1534,SULAWESI SELATAN
2021-09-29,39,1,50,-12,86850,83596,1732,1522,SULAWESI SELATAN
2021-09-30,51,2,67,-18,86901,83663,1734,1504,SULAWESI SELATAN
2021-10-01,28,0,57,-29,86929,83720,1734,1475,SULAWESI SELATAN
2021-10-02,46,3,82,-39,86975,83802,1737,1436,SULAWESI SELATAN
2021-10-03,50,1,109,-60,87025,83911,1738,1376,SULAWESI SELATAN
2021-10-04,22,6,25,-9,87047,83936,1744,1367,SULAWESI SELATAN
2021-10-05,41,0,112,-71,87088,84048,1744,1296,SULAWESI SELATAN
2021-10-06,50,2,107,-59,87138,84155,1746,1237,SULAWESI SELATAN
2021-10-07,38,0,34,4,87176,84189,1746,1241,SULAWESI SELATAN
2021-10-08,26,0,65,-39,87202,84254,1746,1202,SULAWESI SELATAN
2021-10-09,43,2,31,10,87245,84285,1748,1212,SULAWESI SELATAN
2021-10-10,22,1,66,-45,87267,84351,1749,1167,SULAWESI SELATAN
2021-10-11,20,0,63,-43,87287,84414,1749,1124,SULAWESI SELATAN
2021-10-12,48,4,123,-79,87335,84537,1753,1045,SULAWESI SELATAN
2021-10-13,49,0,49,0,87384,84586,1753,1045,SULAWESI SELATAN
2021-10-14,34,2,80,-48,87418,84666,1755,997,SULAWESI SELATAN
2021-10-15,27,0,87,-60,87445,84753,1755,937,SULAWESI SELATAN
2021-10-16,22,0,96,-74,87467,84849,1755,863,SULAWESI SELATAN
2021-10-17,29,0,9,20,87496,84858,1755,883,SULAWESI SELATAN
2021-10-18,42,0,125,-83,87538,84983,1755,800,SULAWESI SELATAN
2021-10-19,35,0,111,-76,87573,85094,1755,724,SULAWESI SELATAN
2021-10-20,35,1,70,-36,87608,85164,1756,688,SULAWESI SELATAN
2021-10-21,17,1,141,-125,87625,85305,1757,563,SULAWESI SELATAN
2021-10-22,23,0,94,-71,87648,85399,1757,492,SULAWESI SELATAN
2021-10-23,29,0,166,-137,87677,85565,1757,355,SULAWESI SELATAN
2021-10-24,15,0,48,-33,87692,85613,1757,322,SULAWESI SELATAN
2021-10-25,10,0,30,-20,87702,85643,1757,302,SULAWESI SELATAN
2021-10-26,17,0,34,-17,87719,85677,1757,285,SULAWESI SELATAN
2021-10-27,27,0,27,0,87746,85704,1757,285,SULAWESI SELATAN
2021-10-28,16,1,28,-13,87762,85732,1758,272,SULAWESI SELATAN
2021-10-29,4,0,3,1,87766,85735,1758,273,SULAWESI SELATAN
2021-10-30,5,0,38,-33,87771,85773,1758,240,SULAWESI SELATAN
2021-10-31,4,0,12,-8,87775,85785,1758,232,SULAWESI SELATAN
2021-11-01,7,0,22,-15,87782,85807,1758,217,SULAWESI SELATAN
2021-11-02,12,1,44,-33,87794,85851,1759,184,SULAWESI SELATAN
2021-11-03,16,0,25,-9,87810,85876,1759,175,SULAWESI SELATAN
2021-11-04,15,0,23,-8,87825,85899,1759,167,SULAWESI SELATAN
2021-11-05,6,1,22,-17,87831,85921,1760,150,SULAWESI SELATAN
2021-11-06,6,1,17,-12,87837,85938,1761,138,SULAWESI SELATAN
2021-11-07,7,0,1,6,87844,85939,1761,144,SULAWESI SELATAN
2021-11-08,8,0,31,-23,87852,85970,1761,121,SULAWESI SELATAN
2021-11-09,15,0,9,6,87867,85979,1761,127,SULAWESI SELATAN
2021-11-10,7,0,7,0,87874,85986,1761,127,SULAWESI SELATAN
2021-11-11,7,0,17,-10,87881,86003,1761,117,SULAWESI SELATAN
2021-11-12,4,0,4,0,87885,86007,1761,117,SULAWESI SELATAN
2021-11-13,7,0,6,1,87892,86013,1761,118,SULAWESI SELATAN
2021-11-14,6,0,9,-3,87898,86022,1761,115,SULAWESI SELATAN
2021-11-15,2,0,10,-8,87900,86032,1761,107,SULAWESI SELATAN
2021-11-16,4,0,3,1,87904,86035,1761,108,SULAWESI SELATAN
2021-11-17,1,1,9,-9,87905,86044,1762,99,SULAWESI SELATAN
2021-11-18,7,0,12,-5,87912,86056,1762,94,SULAWESI SELATAN
2021-11-19,3,0,8,-5,87915,86064,1762,89,SULAWESI SELATAN
2021-11-20,3,0,2,1,87918,86066,1762,90,SULAWESI SELATAN
2021-11-21,2,0,3,-1,87920,86069,1762,89,SULAWESI SELATAN
2021-11-22,3,0,5,-2,87923,86074,1762,87,SULAWESI SELATAN
2021-11-23,5,0,3,2,87928,86077,1762,89,SULAWESI SELATAN
2021-11-24,4,0,2,2,87932,86079,1762,91,SULAWESI SELATAN
2021-11-25,7,0,2,5,87939,86081,1762,96,SULAWESI SELATAN
2021-11-26,1,0,12,-11,87940,86093,1762,85,SULAWESI SELATAN
2021-11-27,3,0,2,1,87943,86095,1762,86,SULAWESI SELATAN
2021-11-28,3,0,41,-38,87946,86136,1762,48,SULAWESI SELATAN
2021-11-29,1,0,4,-3,87947,86140,1762,45,SULAWESI SELATAN
2021-11-30,10,0,10,0,87957,86150,1762,45,SULAWESI SELATAN
2021-12-01,1,0,5,-4,87958,86155,1762,41,SULAWESI SELATAN
2021-12-02,1,1,3,-3,87959,86158,1763,38,SULAWESI SELATAN
2021-12-03,6,0,0,6,87965,86158,1763,44,SULAWESI SELATAN
2021-12-04,0,1,9,-10,87965,86167,1764,34,SULAWESI SELATAN
2021-12-05,0,0,1,-1,87965,86168,1764,33,SULAWESI SELATAN
2021-12-06,2,0,2,0,87967,86170,1764,33,SULAWESI SELATAN
2021-12-07,1,0,2,-1,87968,86172,1764,32,SULAWESI SELATAN
2021-12-08,3,0,2,1,87971,86174,1764,33,SULAWESI SELATAN
2021-12-09,1,0,3,-2,87972,86177,1764,31,SULAWESI SELATAN
2021-12-10,0,0,3,-3,87972,86180,1764,28,SULAWESI SELATAN
2021-12-11,10,0,6,4,87982,86186,1764,32,SULAWESI SELATAN
2021-12-12,1,0,4,-3,87983,86190,1764,29,SULAWESI SELATAN
2021-12-13,0,0,3,-3,87983,86193,1764,26,SULAWESI SELATAN
2021-12-14,4,0,1,3,87987,86194,1764,29,SULAWESI SELATAN
2021-12-15,3,0,2,1,87990,86196,1764,30,SULAWESI SELATAN
2021-12-16,3,0,2,1,87993,86198,1764,31,SULAWESI SELATAN
2021-12-17,3,0,0,3,87996,86198,1764,34,SULAWESI SELATAN
2021-12-18,0,0,2,-2,87996,86200,1764,32,SULAWESI SELATAN
2021-12-19,3,0,4,-1,87999,86204,1764,31,SULAWESI SELATAN
2021-12-20,2,0,2,0,88001,86206,1764,31,SULAWESI SELATAN
2021-12-21,2,0,1,1,88003,86207,1764,32,SULAWESI SELATAN
2021-12-22,4,1,3,0,88007,86210,1765,32,SULAWESI SELATAN
2021-12-23,3,0,5,-2,88010,86215,1765,30,SULAWESI SELATAN
2021-12-24,3,0,4,-1,88013,86219,1765,29,SULAWESI SELATAN
2021-12-25,2,0,1,1,88015,86220,1765,30,SULAWESI SELATAN
2021-12-26,0,0,1,-1,88015,86221,1765,29,SULAWESI SELATAN
2021-12-27,0,0,3,-3,88015,86224,1765,26,SULAWESI SELATAN
2021-12-28,9,0,3,6,88024,86227,1765,32,SULAWESI SELATAN
2021-12-29,1,0,0,1,88025,86227,1765,33,SULAWESI SELATAN
2021-12-30,3,0,1,2,88028,86228,1765,35,SULAWESI SELATAN
2021-12-31,1,0,4,-3,88029,86232,1765,32,SULAWESI SELATAN
2022-01-01,5,0,6,-1,88034,86238,1765,31,SULAWESI SELATAN
2022-01-02,1,0,0,1,88035,86238,1765,32,SULAWESI SELATAN
2022-01-03,0,0,3,-3,88035,86241,1765,29,SULAWESI SELATAN
2022-01-04,5,0,3,2,88040,86244,1765,31,SULAWESI SELATAN
2022-01-05,4,0,2,2,88044,86246,1765,33,SULAWESI SELATAN
2022-01-06,2,0,0,2,88046,86246,1765,35,SULAWESI SELATAN
2022-01-07,4,0,3,1,88050,86249,1765,36,SULAWESI SELATAN
2022-01-08,5,0,5,0,88055,86254,1765,36,SULAWESI SELATAN
2022-01-09,6,0,7,-1,88061,86261,1765,35,SULAWESI SELATAN
2022-01-10,0,0,5,-5,88061,86266,1765,30,SULAWESI SELATAN
2022-01-11,1,0,2,-1,88062,86268,1765,29,SULAWESI SELATAN
2022-01-12,9,0,0,9,88071,86268,1765,38,SULAWESI SELATAN
2022-01-13,12,0,4,8,88083,86272,1765,46,SULAWESI SELATAN
2022-01-14,2,0,4,-2,88085,86276,1765,44,SULAWESI SELATAN
2022-01-15,9,1,2,6,88094,86278,1766,50,SULAWESI SELATAN
2022-01-16,4,0,4,0,88098,86282,1766,50,SULAWESI SELATAN
2022-01-17,0,0,0,0,88098,86282,1766,50,SULAWESI SELATAN
2022-01-18,3,0,3,0,88101,86285,1766,50,SULAWESI SELATAN
2022-01-19,7,0,1,6,88108,86286,1766,56,SULAWESI SELATAN
2022-01-20,7,0,5,2,88115,86291,1766,58,SULAWESI SELATAN
2022-01-21,6,0,5,1,88121,86296,1766,59,SULAWESI SELATAN
2022-01-22,6,1,5,0,88127,86301,1767,59,SULAWESI SELATAN
2022-01-23,2,0,3,-1,88129,86304,1767,58,SULAWESI SELATAN
2022-01-24,5,0,4,1,88134,86308,1767,59,SULAWESI SELATAN
2022-01-25,10,0,3,7,88144,86311,1767,66,SULAWESI SELATAN
2022-01-26,9,0,14,-5,88153,86325,1767,61,SULAWESI SELATAN
2022-01-27,17,0,2,15,88170,86327,1767,76,SULAWESI SELATAN
2022-01-28,21,0,3,18,88191,86330,1767,94,SULAWESI SELATAN
2022-01-29,8,0,6,2,88199,86336,1767,96,SULAWESI SELATAN
2022-01-30,15,0,3,12,88214,86339,1767,108,SULAWESI SELATAN
2022-01-31,15,1,7,7,88229,86346,1768,115,SULAWESI SELATAN
2022-02-01,43,0,6,37,88272,86352,1768,152,SULAWESI SELATAN
2022-02-02,31,0,3,28,88303,86355,1768,180,SULAWESI SELATAN
2022-02-03,90,0,0,90,88393,86355,1768,270,SULAWESI SELATAN
2022-02-04,96,0,5,91,88489,86360,1768,361,SULAWESI SELATAN
2022-02-05,100,1,6,93,88589,86366,1769,454,SULAWESI SELATAN
2022-02-06,92,0,10,82,88681,86376,1769,536,SULAWESI SELATAN
2022-02-07,67,1,16,50,88748,86392,1770,586,SULAWESI SELATAN
2022-02-08,224,0,11,213,88972,86403,1770,799,SULAWESI SELATAN
2022-02-09,366,0,15,351,89338,86418,1770,1150,SULAWESI SELATAN
2022-02-10,352,0,23,329,89690,86441,1770,1479,SULAWESI SELATAN
2022-02-11,358,1,27,330,90048,86468,1771,1809,SULAWESI SELATAN
2022-02-12,661,2,29,630,90709,86497,1773,2439,SULAWESI SELATAN
2022-02-13,402,1,24,377,91111,86521,1774,2816,SULAWESI SELATAN
2022-02-14,263,0,60,203,91374,86581,1774,3019,SULAWESI SELATAN
2022-02-15,950,1,69,880,92324,86650,1775,3899,SULAWESI SELATAN
2022-02-16,1406,2,98,1306,93730,86748,1777,5205,SULAWESI SELATAN
2022-02-17,1380,3,161,1216,95110,86909,1780,6421,SULAWESI SELATAN
2022-02-18,1492,7,74,1411,96602,86983,1787,7832,SULAWESI SELATAN
2022-02-19,1490,5,205,1280,98092,87188,1792,9112,SULAWESI SELATAN
2022-02-20,1217,4,282,931,99309,87470,1796,10043,SULAWESI SELATAN
2022-02-21,508,3,302,203,99817,87772,1799,10246,SULAWESI SELATAN
2022-02-22,1829,6,125,1698,101646,87897,1805,11944,SULAWESI SELATAN
2022-02-23,1377,9,353,1015,103023,88250,1814,12959,SULAWESI SELATAN
2022-02-24,1302,7,669,626,104325,88919,1821,13585,SULAWESI SELATAN
2022-02-25,1237,7,389,841,105562,89308,1828,14426,SULAWESI SELATAN
2022-02-26,1036,2,271,763,106598,89579,1830,15189,SULAWESI SELATAN
2022-02-27,886,5,719,162,107484,90298,1835,15351,SULAWESI SELATAN
2022-02-28,362,9,849,-496,107846,91147,1844,14855,SULAWESI SELATAN
2022-03-01,492,3,518,-29,108338,91665,1847,14826,SULAWESI SELATAN
2022-03-02,807,9,729,69,109145,92394,1856,14895,SULAWESI SELATAN
2022-03-03,666,4,1268,-606,109811,93662,1860,14289,SULAWESI SELATAN
2022-03-04,370,5,1114,-749,110181,94776,1865,13540,SULAWESI SELATAN
2022-03-05,634,6,1280,-652,110815,96056,1871,12888,SULAWESI SELATAN
2022-03-06,420,9,1174,-763,111235,97230,1880,12125,SULAWESI SELATAN
2022-03-07,202,5,898,-701,111437,98128,1885,11424,SULAWESI SELATAN
2022-03-08,501,12,938,-449,111938,99066,1897,10975,SULAWESI SELATAN
2022-03-09,351,4,1286,-939,112289,100352,1901,10036,SULAWESI SELATAN
2022-03-10,289,8,919,-638,112578,101271,1909,9398,SULAWESI SELATAN
2022-03-11,233,3,895,-665,112811,102166,1912,8733,SULAWESI SELATAN
2022-03-12,292,2,1001,-711,113103,103167,1914,8022,SULAWESI SELATAN
2022-03-13,121,5,817,-701,113224,103984,1919,7321,SULAWESI SELATAN
2022-03-14,47,5,1149,-1107,113271,105133,1924,6214,SULAWESI SELATAN
2022-03-15,225,4,75,146,113496,105208,1928,6360,SULAWESI SELATAN
2022-03-16,180,1,1280,-1101,113676,106488,1929,5259,SULAWESI SELATAN
2022-03-17,128,2,695,-569,113804,107183,1931,4690,SULAWESI SELATAN
2022-03-18,90,1,985,-896,113894,108168,1932,3794,SULAWESI SELATAN
2022-03-19,107,4,323,-220,114001,108491,1936,3574,SULAWESI SELATAN
2022-03-20,61,0,343,-282,114062,108834,1936,3292,SULAWESI SELATAN
2022-03-21,32,4,407,-379,114094,109241,1940,2913,SULAWESI SELATAN
2022-03-22,83,4,396,-317,114177,109637,1944,2596,SULAWESI SELATAN
2022-03-23,80,1,295,-216,114257,109932,1945,2380,SULAWESI SELATAN
2022-03-24,70,2,380,-312,114327,110312,1947,2068,SULAWESI SELATAN
2022-03-25,52,0,40,12,114379,110352,1947,2080,SULAWESI SELATAN
2022-03-26,59,0,504,-445,114438,110856,1947,1635,SULAWESI SELATAN
2022-03-27,41,3,283,-245,114479,111139,1950,1390,SULAWESI SELATAN
2022-03-28,12,2,23,-13,114491,111162,1952,1377,SULAWESI SELATAN
2022-03-29,35,1,401,-367,114526,111563,1953,1010,SULAWESI SELATAN
2022-03-30,28,0,248,-220,114554,111811,1953,790,SULAWESI SELATAN
2022-03-31,44,0,164,-120,114598,111975,1953,670,SULAWESI SELATAN
2022-04-01,25,0,93,-68,114623,112068,1953,602,SULAWESI SELATAN
2022-04-02,22,0,88,-66,114645,112156,1953,536,SULAWESI SELATAN
2022-04-03,21,1,107,-87,114666,112263,1954,449,SULAWESI SELATAN
2022-04-04,7,0,90,-83,114673,112353,1954,366,SULAWESI SELATAN
2022-04-05,11,0,41,-30,114684,112394,1954,336,SULAWESI SELATAN
2022-04-06,19,0,100,-81,114703,112494,1954,255,SULAWESI SELATAN
2022-04-07,20,1,2,17,114723,112496,1955,272,SULAWESI SELATAN
2022-04-08,4,0,25,-21,114727,112521,1955,251,SULAWESI SELATAN
2022-04-09,5,0,32,-27,114732,112553,1955,224,SULAWESI SELATAN
2022-04-10,4,0,40,-36,114736,112593,1955,188,SULAWESI SELATAN
2022-04-11,4,0,35,-31,114740,112628,1955,157,SULAWESI SELATAN
2022-04-12,7,0,24,-17,114747,112652,1955,140,SULAWESI SELATAN
2022-04-13,7,0,36,-29,114754,112688,1955,111,SULAWESI SELATAN
2022-04-14,5,0,23,-18,114759,112711,1955,93,SULAWESI SELATAN
2022-04-15,4,0,3,1,114763,112714,1955,94,SULAWESI SELATAN
2022-04-16,0,0,8,-8,114763,112722,1955,86,SULAWESI SELATAN
2022-04-17,4,0,8,-4,114767,112730,1955,82,SULAWESI SELATAN
2022-04-18,4,0,27,-23,114771,112757,1955,59,SULAWESI SELATAN
2022-04-19,6,0,8,-2,114777,112765,1955,57,SULAWESI SELATAN
2022-04-20,5,1,0,4,114782,112765,1956,61,SULAWESI SELATAN
2022-04-21,3,0,12,-9,114785,112777,1956,52,SULAWESI SELATAN
2022-04-22,4,0,0,4,114789,112777,1956,56,SULAWESI SELATAN
2022-04-23,7,0,0,7,114796,112777,1956,63,SULAWESI SELATAN
2022-04-24,0,0,21,-21,114796,112798,1956,42,SULAWESI SELATAN
2022-04-25,0,1,1,-2,114796,112799,1957,40,SULAWESI SELATAN
2022-04-26,3,0,8,-5,114799,112807,1957,35,SULAWESI SELATAN
2022-04-27,6,0,2,4,114805,112809,1957,39,SULAWESI SELATAN
2022-04-28,4,0,6,-2,114809,112815,1957,37,SULAWESI SELATAN
2022-04-29,1,0,6,-5,114810,112821,1957,32,SULAWESI SELATAN
2022-04-30,1,0,0,1,114811,112821,1957,33,SULAWESI SELATAN
2022-05-01,2,0,3,-1,114813,112824,1957,32,SULAWESI SELATAN
2022-05-02,1,0,1,0,114814,112825,1957,32,SULAWESI SELATAN
2022-05-03,0,0,4,-4,114814,112829,1957,28,SULAWESI SELATAN
2022-05-04,0,0,4,-4,114814,112833,1957,24,SULAWESI SELATAN
2022-05-05,1,0,0,1,114815,112833,1957,25,SULAWESI SELATAN
2022-05-06,4,0,1,3,114819,112834,1957,28,SULAWESI SELATAN
2022-05-07,1,0,6,-5,114820,112840,1957,23,SULAWESI SELATAN
2022-05-08,2,0,0,2,114822,112840,1957,25,SULAWESI SELATAN
2022-05-09,2,0,9,-7,114824,112849,1957,18,SULAWESI SELATAN
2022-05-10,5,0,3,2,114829,112852,1957,20,SULAWESI SELATAN
2022-05-11,5,0,2,3,114834,112854,1957,23,SULAWESI SELATAN
2022-05-12,5,0,1,4,114839,112855,1957,27,SULAWESI SELATAN
2022-05-13,2,0,1,1,114841,112856,1957,28,SULAWESI SELATAN
2022-05-14,2,1,0,1,114843,112856,1958,29,SULAWESI SELATAN
2022-05-15,3,0,0,3,114846,112856,1958,32,SULAWESI SELATAN
2022-05-16,2,0,0,2,114848,112856,1958,34,SULAWESI SELATAN
2022-05-17,3,0,0,3,114851,112856,1958,37,SULAWESI SELATAN
2022-05-18,2,0,2,0,114853,112858,1958,37,SULAWESI SELATAN
2022-05-19,2,0,0,2,114855,112858,1958,39,SULAWESI SELATAN
2022-05-20,2,0,9,-7,114857,112867,1958,32,SULAWESI SELATAN
2022-05-21,7,0,5,2,114864,112872,1958,34,SULAWESI SELATAN
2022-05-22,0,0,0,0,114864,112872,1958,34,SULAWESI SELATAN
2022-05-23,1,1,4,-4,114865,112876,1959,30,SULAWESI SELATAN
2022-05-24,2,0,6,-4,114867,112882,1959,26,SULAWESI SELATAN
2022-05-25,5,0,0,5,114872,112882,1959,31,SULAWESI SELATAN
2022-05-26,1,0,0,1,114873,112882,1959,32,SULAWESI SELATAN
2022-05-27,0,0,10,-10,114873,112892,1959,22,SULAWESI SELATAN
2022-05-28,1,0,0,1,114874,112892,1959,23,SULAWESI SELATAN
2022-05-29,0,0,0,0,114874,112892,1959,23,SULAWESI SELATAN
2022-05-30,0,0,5,-5,114874,112897,1959,18,SULAWESI SELATAN
2022-05-31,3,0,0,3,114877,112897,1959,21,SULAWESI SELATAN
2022-06-01,2,0,0,2,114879,112897,1959,23,SULAWESI SELATAN
2022-06-02,0,0,7,-7,114879,112904,1959,16,SULAWESI SELATAN
2022-06-03,1,0,3,-2,114880,112907,1959,14,SULAWESI SELATAN
2022-06-04,3,0,1,2,114883,112908,1959,16,SULAWESI SELATAN
2022-06-05,0,0,0,0,114883,112908,1959,16,SULAWESI SELATAN
2022-06-06,1,0,4,-3,114884,112912,1959,13,SULAWESI SELATAN
2022-06-07,3,0,1,2,114887,112913,1959,15,SULAWESI SELATAN
2022-06-08,3,0,0,3,114890,112913,1959,18,SULAWESI SELATAN
2022-06-09,4,0,0,4,114894,112913,1959,22,SULAWESI SELATAN
2022-06-10,3,0,4,-1,114897,112917,1959,21,SULAWESI SELATAN
2022-06-11,2,1,0,1,114899,112917,1960,22,SULAWESI SELATAN
2022-06-12,1,0,0,1,114900,112917,1960,23,SULAWESI SELATAN
2022-06-13,1,0,0,1,114901,112917,1960,24,SULAWESI SELATAN
2022-06-14,6,0,6,0,114907,112923,1960,24,SULAWESI SELATAN
2022-06-15,0,0,1,-1,114907,112924,1960,23,SULAWESI SELATAN
2022-06-16,2,0,0,2,114909,112924,1960,25,SULAWESI SELATAN
2022-06-17,2,0,3,-1,114911,112927,1960,24,SULAWESI SELATAN
2022-06-18,2,0,0,2,114913,112927,1960,26,SULAWESI SELATAN
2022-06-19,0,0,1,-1,114913,112928,1960,25,SULAWESI SELATAN
2022-06-20,1,0,8,-7,114914,112936,1960,18,SULAWESI SELATAN
2022-06-21,1,0,0,1,114915,112936,1960,19,SULAWESI SELATAN
2022-06-22,9,0,3,6,114924,112939,1960,25,SULAWESI SELATAN
2022-06-23,12,0,0,12,114936,112939,1960,37,SULAWESI SELATAN
2022-06-24,2,1,7,-6,114938,112946,1961,31,SULAWESI SELATAN
2022-06-25,1,0,0,1,114939,112946,1961,32,SULAWESI SELATAN
2022-06-26,0,0,2,-2,114939,112948,1961,30,SULAWESI SELATAN
2022-06-27,1,0,0,1,114940,112948,1961,31,SULAWESI SELATAN
2022-06-28,4,0,1,3,114944,112949,1961,34,SULAWESI SELATAN
2022-06-29,5,0,1,4,114949,112950,1961,38,SULAWESI SELATAN
2022-06-30,3,0,1,2,114952,112951,1961,40,SULAWESI SELATAN
2022-07-01,2,0,11,-9,114954,112962,1961,31,SULAWESI SELATAN
2022-07-02,4,1,0,3,114958,112962,1962,34,SULAWESI SELATAN
2022-07-03,4,0,12,-8,114962,112974,1962,26,SULAWESI SELATAN
2022-07-04,5,0,2,3,114967,112976,1962,29,SULAWESI SELATAN
2022-07-05,5,0,0,5,114972,112976,1962,34,SULAWESI SELATAN
2022-07-06,5,0,2,3,114977,112978,1962,37,SULAWESI SELATAN
2022-07-07,5,0,0,5,114982,112978,1962,42,SULAWESI SELATAN
2022-07-08,17,0,0,17,114999,112978,1962,59,SULAWESI SELATAN
2022-07-09,11,0,11,0,115010,112989,1962,59,SULAWESI SELATAN
2022-07-10,1,0,6,-5,115011,112995,1962,54,SULAWESI SELATAN
2022-07-11,0,0,2,-2,115011,112997,1962,52,SULAWESI SELATAN
2022-07-12,14,0,0,14,115025,112997,1962,66,SULAWESI SELATAN
2022-07-13,11,0,7,4,115036,113004,1962,70,SULAWESI SELATAN
2022-07-14,4,0,0,4,115040,113004,1962,74,SULAWESI SELATAN
2022-07-15,11,0,0,11,115051,113004,1962,85,SULAWESI SELATAN
2022-07-16,6,0,10,-4,115057,113014,1962,81,SULAWESI SELATAN
2022-07-17,2,0,5,-3,115059,113019,1962,78,SULAWESI SELATAN
2022-07-18,1,0,1,0,115060,113020,1962,78,SULAWESI SELATAN
2022-07-19,4,0,28,-24,115064,113048,1962,54,SULAWESI SELATAN
2022-07-20,12,0,0,12,115076,113048,1962,66,SULAWESI SELATAN
2022-07-21,8,0,2,6,115084,113050,1962,72,SULAWESI SELATAN
2022-07-22,11,0,14,-3,115095,113064,1962,69,SULAWESI SELATAN
2022-07-23,9,0,10,-1,115104,113074,1962,68,SULAWESI SELATAN
2022-07-24,10,0,0,10,115114,113074,1962,78,SULAWESI SELATAN
2022-07-25,9,0,0,9,115123,113074,1962,87,SULAWESI SELATAN
2022-07-26,10,0,0,10,115133,113074,1962,97,SULAWESI SELATAN
2022-07-27,13,0,22,-9,115146,113096,1962,88,SULAWESI SELATAN
2022-07-28,8,0,1,7,115154,113097,1962,95,SULAWESI SELATAN
2022-07-29,14,0,4,10,115168,113101,1962,105,SULAWESI SELATAN
2022-07-30,11,0,12,-1,115179,113113,1962,104,SULAWESI SELATAN
2022-07-31,5,0,8,-3,115184,113121,1962,101,SULAWESI SELATAN
2022-08-01,5,0,11,-6,115189,113132,1962,95,SULAWESI SELATAN
2022-08-02,21,1,9,11,115210,113141,1963,106,SULAWESI SELATAN
2022-08-03,10,1,9,0,115220,113150,1964,106,SULAWESI SELATAN
2022-08-04,10,0,9,1,115230,113159,1964,107,SULAWESI SELATAN
2022-08-05,19,0,10,9,115249,113169,1964,116,SULAWESI SELATAN
2022-08-06,10,0,13,-3,115259,113182,1964,113,SULAWESI SELATAN
2022-08-07,4,1,8,-5,115263,113190,1965,108,SULAWESI SELATAN
2022-08-08,4,0,13,-9,115267,113203,1965,99,SULAWESI SELATAN
2022-08-09,7,0,11,-4,115274,113214,1965,95,SULAWESI SELATAN
2022-08-10,12,1,5,6,115286,113219,1966,101,SULAWESI SELATAN
2022-08-11,9,0,0,9,115295,113219,1966,110,SULAWESI SELATAN
2022-08-12,8,0,0,8,115303,113219,1966,118,SULAWESI SELATAN
2022-08-13,12,0,36,-24,115315,113255,1966,94,SULAWESI SELATAN
2022-08-14,11,0,9,2,115326,113264,1966,96,SULAWESI SELATAN
2022-08-15,5,0,0,5,115331,113264,1966,101,SULAWESI SELATAN
2022-08-16,23,0,28,-5,115354,113292,1966,96,SULAWESI SELATAN
2022-08-17,14,1,0,13,115368,113292,1967,109,SULAWESI SELATAN
2022-08-18,9,0,8,1,115377,113300,1967,110,SULAWESI SELATAN
2022-08-19,8,0,7,1,115385,113307,1967,111,SULAWESI SELATAN
2022-08-20,10,0,12,-2,115395,113319,1967,109,SULAWESI SELATAN
2022-08-21,10,1,9,0,115405,113328,1968,109,SULAWESI SELATAN
2022-08-22,4,0,8,-4,115409,113336,1968,105,SULAWESI SELATAN
2022-08-23,19,0,11,8,115428,113347,1968,113,SULAWESI SELATAN
2022-08-24,23,0,11,12,115451,113358,1968,125,SULAWESI SELATAN
2022-08-25,13,0,7,6,115464,113365,1968,131,SULAWESI SELATAN
2022-08-26,7,0,24,-17,115471,113389,1968,114,SULAWESI SELATAN
2022-08-27,8,0,13,-5,115479,113402,1968,109,SULAWESI SELATAN
2022-08-28,5,0,9,-4,115484,113411,1968,105,SULAWESI SELATAN
2022-08-29,1,0,7,-6,115485,113418,1968,99,SULAWESI SELATAN
2022-08-30,15,0,8,7,115500,113426,1968,106,SULAWESI SELATAN
2022-08-31,19,0,10,9,115519,113436,1968,115,SULAWESI SELATAN
2022-09-01,11,0,7,4,115530,113443,1968,119,SULAWESI SELATAN
2022-09-02,15,0,16,-1,115545,113459,1968,118,SULAWESI SELATAN
2022-09-03,16,0,21,-5,115561,113480,1968,113,SULAWESI SELATAN
2022-09-04,7,0,13,-6,115568,113493,1968,107,SULAWESI SELATAN
2022-09-05,6,0,9,-3,115574,113502,1968,104,SULAWESI SELATAN
2022-09-06,16,1,8,7,115590,113510,1969,111,SULAWESI SELATAN
2022-09-07,11,0,5,6,115601,113515,1969,117,SULAWESI SELATAN
2022-09-08,18,0,4,14,115619,113519,1969,131,SULAWESI SELATAN
2022-09-09,14,0,12,2,115633,113531,1969,133,SULAWESI SELATAN
2022-09-10,11,0,19,-8,115644,113550,1969,125,SULAWESI SELATAN
2022-09-11,7,0,11,-4,115651,113561,1969,121,SULAWESI SELATAN
2022-09-12,3,1,14,-12,115654,113575,1970,109,SULAWESI SELATAN
2022-09-13,13,1,20,-8,115667,113595,1971,101,SULAWESI SELATAN
2022-09-14,19,0,5,14,115686,113600,1971,115,SULAWESI SELATAN
2022-09-15,7,0,9,-2,115693,113609,1971,113,SULAWESI SELATAN
2022-09-16,10,0,10,0,115703,113619,1971,113,SULAWESI SELATAN
2022-09-17,15,0,11,4,115718,113630,1971,117,SULAWESI SELATAN
2022-09-18,12,0,14,-2,115730,113644,1971,115,SULAWESI SELATAN
2022-09-19,3,0,0,3,115733,113644,1971,118,SULAWESI SELATAN
2022-09-20,22,0,28,-6,115755,113672,1971,112,SULAWESI SELATAN
2022-09-21,23,1,0,22,115778,113672,1972,134,SULAWESI SELATAN
2022-09-22,16,0,8,8,115794,113680,1972,142,SULAWESI SELATAN
2022-09-23,8,1,13,-6,115802,113693,1973,136,SULAWESI SELATAN
2022-09-24,14,0,1,13,115816,113694,1973,149,SULAWESI SELATAN
2022-09-25,15,1,26,-12,115831,113720,1974,137,SULAWESI SELATAN
2022-09-26,13,1,11,1,115844,113731,1975,138,SULAWESI SELATAN
2022-09-27,19,0,0,19,115863,113731,1975,157,SULAWESI SELATAN
2022-09-28,18,1,1,16,115881,113732,1976,173,SULAWESI SELATAN
2022-09-29,9,0,0,9,115890,113732,1976,182,SULAWESI SELATAN
2022-09-30,19,2,1,16,115909,113733,1978,198,SULAWESI SELATAN
2020-03-23,1,2,0,-1,1,0,2,-1,SUMATERA SELATAN
2020-03-24,0,0,0,0,1,0,2,-1,SUMATERA SELATAN
2020-03-25,0,0,0,0,1,0,2,-1,SUMATERA SELATAN
2020-03-26,0,0,0,0,1,0,2,-1,SUMATERA SELATAN
2020-03-27,0,0,0,0,1,0,2,-1,SUMATERA SELATAN
2020-03-28,1,0,0,1,2,0,2,0,SUMATERA SELATAN
2020-03-29,0,0,0,0,2,0,2,0,SUMATERA SELATAN
2020-03-30,0,0,0,0,2,0,2,0,SUMATERA SELATAN
2020-03-31,3,0,0,3,5,0,2,3,SUMATERA SELATAN
2020-04-01,0,0,0,0,5,0,2,3,SUMATERA SELATAN
2020-04-02,6,0,0,6,11,0,2,9,SUMATERA SELATAN
2020-04-03,1,0,0,1,12,0,2,10,SUMATERA SELATAN
2020-04-04,0,0,1,-1,12,1,2,9,SUMATERA SELATAN
2020-04-05,4,0,0,4,16,1,2,13,SUMATERA SELATAN
2020-04-06,0,0,0,0,16,1,2,13,SUMATERA SELATAN
2020-04-07,0,0,0,0,16,1,2,13,SUMATERA SELATAN
2020-04-08,0,0,0,0,16,1,2,13,SUMATERA SELATAN
2020-04-09,1,0,0,1,17,1,2,14,SUMATERA SELATAN
2020-04-10,1,0,0,1,18,1,2,15,SUMATERA SELATAN
2020-04-11,0,0,0,0,18,1,2,15,SUMATERA SELATAN
2020-04-12,0,0,2,-2,18,3,2,13,SUMATERA SELATAN
2020-04-13,0,0,0,0,18,3,2,13,SUMATERA SELATAN
2020-04-14,1,0,0,1,19,3,2,14,SUMATERA SELATAN
2020-04-15,1,0,0,1,20,3,2,15,SUMATERA SELATAN
2020-04-16,12,0,0,12,32,3,2,27,SUMATERA SELATAN
2020-04-17,13,0,0,13,45,3,2,40,SUMATERA SELATAN
2020-04-18,25,1,0,24,70,3,3,64,SUMATERA SELATAN
2020-04-19,5,0,0,5,75,3,3,69,SUMATERA SELATAN
2020-04-20,0,0,0,0,75,3,3,69,SUMATERA SELATAN
2020-04-21,0,0,0,0,75,3,3,69,SUMATERA SELATAN
2020-04-22,0,0,0,0,75,3,3,69,SUMATERA SELATAN
2020-04-23,3,0,1,2,78,4,3,71,SUMATERA SELATAN
2020-04-24,12,0,2,10,90,6,3,81,SUMATERA SELATAN
2020-04-25,10,0,7,3,100,13,3,84,SUMATERA SELATAN
2020-04-26,4,0,0,4,104,13,3,88,SUMATERA SELATAN
2020-04-27,0,0,3,-3,104,16,3,85,SUMATERA SELATAN
2020-04-28,12,0,3,9,116,19,3,94,SUMATERA SELATAN
2020-04-29,0,0,0,0,116,19,3,94,SUMATERA SELATAN
2020-04-30,5,0,0,5,121,19,3,99,SUMATERA SELATAN
2020-05-01,5,0,4,1,126,23,3,100,SUMATERA SELATAN
2020-05-02,0,1,0,-1,126,23,4,99,SUMATERA SELATAN
2020-05-03,22,0,7,15,148,30,4,114,SUMATERA SELATAN
2020-05-04,0,1,6,-7,148,36,5,107,SUMATERA SELATAN
2020-05-05,12,0,3,9,160,39,5,116,SUMATERA SELATAN
2020-05-06,7,0,0,7,167,39,5,123,SUMATERA SELATAN
2020-05-07,14,2,2,10,181,41,7,133,SUMATERA SELATAN
2020-05-08,0,1,0,-1,181,41,8,132,SUMATERA SELATAN
2020-05-09,37,0,5,32,218,46,8,164,SUMATERA SELATAN
2020-05-10,0,2,7,-9,218,53,10,155,SUMATERA SELATAN
2020-05-11,0,0,0,0,218,53,10,155,SUMATERA SELATAN
2020-05-12,1,1,5,-5,219,58,11,150,SUMATERA SELATAN
2020-05-13,31,2,0,29,250,58,13,179,SUMATERA SELATAN
2020-05-14,83,0,0,83,333,58,13,262,SUMATERA SELATAN
2020-05-15,13,1,0,12,346,58,14,274,SUMATERA SELATAN
2020-05-16,0,0,0,0,346,58,14,274,SUMATERA SELATAN
2020-05-17,55,2,0,53,401,58,16,327,SUMATERA SELATAN
2020-05-18,14,1,3,10,415,61,17,337,SUMATERA SELATAN
2020-05-19,48,0,0,48,463,61,17,385,SUMATERA SELATAN
2020-05-20,37,1,1,35,500,62,18,420,SUMATERA SELATAN
2020-05-21,24,1,8,15,524,70,19,435,SUMATERA SELATAN
2020-05-22,18,1,3,14,542,73,20,449,SUMATERA SELATAN
2020-05-23,27,2,1,24,569,74,22,473,SUMATERA SELATAN
2020-05-24,10,0,6,4,579,80,22,477,SUMATERA SELATAN
2020-05-25,63,0,2,61,642,82,22,538,SUMATERA SELATAN
2020-05-26,49,0,0,49,691,82,22,587,SUMATERA SELATAN
2020-05-27,39,1,8,30,730,90,23,617,SUMATERA SELATAN
2020-05-28,23,0,11,12,753,101,23,629,SUMATERA SELATAN
2020-05-29,8,1,0,7,761,101,24,636,SUMATERA SELATAN
2020-05-30,7,3,56,-52,768,157,27,584,SUMATERA SELATAN
2020-05-31,17,0,10,7,785,167,27,591,SUMATERA SELATAN
2020-06-01,7,0,5,2,792,172,27,593,SUMATERA SELATAN
2020-06-02,20,0,2,18,812,174,27,611,SUMATERA SELATAN
2020-06-03,7,0,15,-8,819,189,27,603,SUMATERA SELATAN
2020-06-04,24,3,14,7,843,203,30,610,SUMATERA SELATAN
2020-06-05,13,0,14,-1,856,217,30,609,SUMATERA SELATAN
2020-06-06,22,1,10,11,878,227,31,620,SUMATERA SELATAN
2020-06-07,24,0,38,-14,902,265,31,606,SUMATERA SELATAN
2020-06-08,25,0,41,-16,927,306,31,590,SUMATERA SELATAN
2020-06-09,24,1,7,16,951,313,32,606,SUMATERA SELATAN
2020-06-10,34,3,37,-6,985,350,35,600,SUMATERA SELATAN
2020-06-11,35,0,52,-17,1020,402,35,583,SUMATERA SELATAN
2020-06-12,27,5,25,-3,1047,427,40,580,SUMATERA SELATAN
2020-06-13,18,1,7,10,1065,434,41,590,SUMATERA SELATAN
2020-06-14,56,0,51,5,1121,485,41,595,SUMATERA SELATAN
2020-06-15,42,2,28,12,1163,513,43,607,SUMATERA SELATAN
2020-06-16,40,3,16,21,1203,529,46,628,SUMATERA SELATAN
2020-06-17,41,3,9,29,1244,538,49,657,SUMATERA SELATAN
2020-06-18,47,2,22,23,1291,560,51,680,SUMATERA SELATAN
2020-06-19,60,1,26,33,1351,586,52,713,SUMATERA SELATAN
2020-06-20,43,3,7,33,1394,593,55,746,SUMATERA SELATAN
2020-06-21,47,2,2,43,1441,595,57,789,SUMATERA SELATAN
2020-06-22,49,0,16,33,1490,611,57,822,SUMATERA SELATAN
2020-06-23,16,1,37,-22,1506,648,58,800,SUMATERA SELATAN
2020-06-24,11,3,11,-3,1517,659,61,797,SUMATERA SELATAN
2020-06-25,20,1,63,-44,1537,722,62,753,SUMATERA SELATAN
2020-06-26,10,0,13,-3,1547,735,62,750,SUMATERA SELATAN
2020-06-27,32,0,14,18,1579,749,62,768,SUMATERA SELATAN
2020-06-28,44,1,11,32,1623,760,63,800,SUMATERA SELATAN
2020-06-29,18,5,57,-44,1641,817,68,756,SUMATERA SELATAN
2020-06-30,23,2,4,17,1664,821,70,773,SUMATERA SELATAN
2020-07-01,24,8,13,3,1688,834,78,776,SUMATERA SELATAN
2020-07-02,34,2,31,1,1722,865,80,777,SUMATERA SELATAN
2020-07-03,32,0,22,10,1754,887,80,787,SUMATERA SELATAN
2020-07-04,34,1,7,26,1788,894,81,813,SUMATERA SELATAN
2020-07-05,40,1,35,4,1828,929,82,817,SUMATERA SELATAN
2020-07-06,59,5,18,36,1887,947,87,853,SUMATERA SELATAN
2020-07-07,27,1,23,3,1914,970,88,856,SUMATERA SELATAN
2020-07-08,43,0,9,34,1957,979,88,890,SUMATERA SELATAN
2020-07-09,44,4,4,36,2001,983,92,926,SUMATERA SELATAN
2020-07-10,68,1,12,55,2069,995,93,981,SUMATERA SELATAN
2020-07-11,28,1,3,24,2097,998,94,1005,SUMATERA SELATAN
2020-07-12,40,1,28,11,2137,1026,95,1016,SUMATERA SELATAN
2020-07-13,44,3,25,16,2181,1051,98,1032,SUMATERA SELATAN
2020-07-14,42,4,17,21,2223,1068,102,1053,SUMATERA SELATAN
2020-07-15,25,0,12,13,2248,1080,102,1066,SUMATERA SELATAN
2020-07-16,36,2,18,16,2284,1098,104,1082,SUMATERA SELATAN
2020-07-17,55,2,26,27,2339,1124,106,1109,SUMATERA SELATAN
2020-07-18,54,1,4,49,2393,1128,107,1158,SUMATERA SELATAN
2020-07-19,38,1,16,21,2431,1144,108,1179,SUMATERA SELATAN
2020-07-20,33,2,1,30,2464,1145,110,1209,SUMATERA SELATAN
2020-07-21,46,1,9,36,2510,1154,111,1245,SUMATERA SELATAN
2020-07-22,30,0,44,-14,2540,1198,111,1231,SUMATERA SELATAN
2020-07-23,12,5,40,-33,2552,1238,116,1198,SUMATERA SELATAN
2020-07-24,35,0,45,-10,2587,1283,116,1188,SUMATERA SELATAN
2020-07-25,10,4,24,-18,2597,1307,120,1170,SUMATERA SELATAN
2020-07-26,20,1,28,-9,2617,1335,121,1161,SUMATERA SELATAN
2020-07-27,23,1,33,-11,2640,1368,122,1150,SUMATERA SELATAN
2020-07-28,20,0,11,9,2660,1379,122,1159,SUMATERA SELATAN
2020-07-29,26,5,19,2,2686,1398,127,1161,SUMATERA SELATAN
2020-07-30,45,0,35,10,2731,1433,127,1171,SUMATERA SELATAN
2020-07-31,20,0,27,-7,2751,1460,127,1164,SUMATERA SELATAN
2020-08-01,7,0,24,-17,2758,1484,127,1147,SUMATERA SELATAN
2020-08-02,10,2,25,-17,2768,1509,129,1130,SUMATERA SELATAN
2020-08-03,9,4,7,-2,2777,1516,133,1128,SUMATERA SELATAN
2020-08-04,28,0,24,4,2805,1540,133,1132,SUMATERA SELATAN
2020-08-05,48,6,20,22,2853,1560,139,1154,SUMATERA SELATAN
2020-08-06,43,2,74,-33,2896,1634,141,1121,SUMATERA SELATAN
2020-08-07,18,3,70,-55,2914,1704,144,1066,SUMATERA SELATAN
2020-08-08,45,2,53,-10,2959,1757,146,1056,SUMATERA SELATAN
2020-08-09,16,9,48,-41,2975,1805,155,1015,SUMATERA SELATAN
2020-08-10,11,3,68,-60,2986,1873,158,955,SUMATERA SELATAN
2020-08-11,16,1,48,-33,3002,1921,159,922,SUMATERA SELATAN
2020-08-12,31,1,1,29,3033,1922,160,951,SUMATERA SELATAN
2020-08-13,21,0,33,-12,3054,1955,160,939,SUMATERA SELATAN
2020-08-14,33,1,86,-54,3087,2041,161,885,SUMATERA SELATAN
2020-08-15,27,1,25,1,3114,2066,162,886,SUMATERA SELATAN
2020-08-16,19,0,27,-8,3133,2093,162,878,SUMATERA SELATAN
2020-08-17,1,0,20,-19,3134,2113,162,859,SUMATERA SELATAN
2020-08-18,9,1,11,-3,3143,2124,163,856,SUMATERA SELATAN
2020-08-19,37,5,30,2,3180,2154,168,858,SUMATERA SELATAN
2020-08-20,20,2,10,8,3200,2164,170,866,SUMATERA SELATAN
2020-08-21,40,2,37,1,3240,2201,172,867,SUMATERA SELATAN
2020-08-22,35,4,14,17,3275,2215,176,884,SUMATERA SELATAN
2020-08-23,32,4,49,-21,3307,2264,180,863,SUMATERA SELATAN
2020-08-24,24,1,63,-40,3331,2327,181,823,SUMATERA SELATAN
2020-08-25,38,2,26,10,3369,2353,183,833,SUMATERA SELATAN
2020-08-26,13,0,13,0,3382,2366,183,833,SUMATERA SELATAN
2020-08-27,21,1,49,-29,3403,2415,184,804,SUMATERA SELATAN
2020-08-28,43,3,31,9,3446,2446,187,813,SUMATERA SELATAN
2020-08-29,47,10,52,-15,3493,2498,197,798,SUMATERA SELATAN
2020-08-30,31,0,12,19,3524,2510,197,817,SUMATERA SELATAN
2020-08-31,41,2,19,20,3565,2529,199,837,SUMATERA SELATAN
2020-09-01,26,1,57,-32,3591,2586,200,805,SUMATERA SELATAN
2020-09-02,29,5,17,7,3620,2603,205,812,SUMATERA SELATAN
2020-09-03,46,1,27,18,3666,2630,206,830,SUMATERA SELATAN
2020-09-04,28,3,31,-6,3694,2661,209,824,SUMATERA SELATAN
2020-09-05,38,9,9,20,3732,2670,218,844,SUMATERA SELATAN
2020-09-06,11,3,33,-25,3743,2703,221,819,SUMATERA SELATAN
2020-09-07,56,2,23,31,3799,2726,223,850,SUMATERA SELATAN
2020-09-08,38,2,27,9,3837,2753,225,859,SUMATERA SELATAN
2020-09-09,32,4,21,7,3869,2774,229,866,SUMATERA SELATAN
2020-09-10,55,4,13,38,3924,2787,233,904,SUMATERA SELATAN
2020-09-11,43,1,51,-9,3967,2838,234,895,SUMATERA SELATAN
2020-09-12,55,2,36,17,4022,2874,236,912,SUMATERA SELATAN
2020-09-13,28,0,42,-14,4050,2916,236,898,SUMATERA SELATAN
2020-09-14,20,3,78,-61,4070,2994,239,837,SUMATERA SELATAN
2020-09-15,35,2,41,-8,4105,3035,241,829,SUMATERA SELATAN
2020-09-16,44,2,37,5,4149,3072,243,834,SUMATERA SELATAN
2020-09-17,43,3,15,25,4192,3087,246,859,SUMATERA SELATAN
2020-09-18,47,2,23,22,4239,3110,248,881,SUMATERA SELATAN
2020-09-19,32,2,23,7,4271,3133,250,888,SUMATERA SELATAN
2020-09-20,58,0,12,46,4329,3145,250,934,SUMATERA SELATAN
2020-09-21,43,1,47,-5,4372,3192,251,929,SUMATERA SELATAN
2020-09-22,35,1,46,-12,4407,3238,252,917,SUMATERA SELATAN
2020-09-23,91,3,12,76,4498,3250,255,993,SUMATERA SELATAN
2020-09-24,66,1,32,33,4564,3282,256,1026,SUMATERA SELATAN
2020-09-25,34,4,31,-1,4598,3313,260,1025,SUMATERA SELATAN
2020-09-26,48,0,12,36,4646,3325,260,1061,SUMATERA SELATAN
2020-09-27,66,2,28,36,4712,3353,262,1097,SUMATERA SELATAN
2020-09-28,39,2,36,1,4751,3389,264,1098,SUMATERA SELATAN
2020-09-29,46,0,23,23,4797,3412,264,1121,SUMATERA SELATAN
2020-09-30,87,5,77,5,4884,3489,269,1126,SUMATERA SELATAN
2020-10-01,37,3,55,-21,4921,3544,272,1105,SUMATERA SELATAN
2020-10-02,60,3,67,-10,4981,3611,275,1095,SUMATERA SELATAN
2020-10-03,58,0,72,-14,5039,3683,275,1081,SUMATERA SELATAN
2020-10-04,36,2,55,-21,5075,3738,277,1060,SUMATERA SELATAN
2020-10-05,19,1,60,-42,5094,3798,278,1018,SUMATERA SELATAN
2020-10-06,51,4,3,44,5145,3801,282,1062,SUMATERA SELATAN
2020-10-07,95,1,34,60,5240,3835,283,1122,SUMATERA SELATAN
2020-10-08,69,3,119,-53,5309,3954,286,1069,SUMATERA SELATAN
2020-10-09,51,1,56,-6,5360,4010,287,1063,SUMATERA SELATAN
2020-10-10,54,1,59,-6,5414,4069,288,1057,SUMATERA SELATAN
2020-10-11,29,0,36,-7,5443,4105,288,1050,SUMATERA SELATAN
2020-10-12,35,3,39,-7,5478,4144,291,1043,SUMATERA SELATAN
2020-10-13,54,2,15,37,5532,4159,293,1080,SUMATERA SELATAN
2020-10-14,49,6,47,-4,5581,4206,299,1076,SUMATERA SELATAN
2020-10-15,42,3,22,17,5623,4228,302,1093,SUMATERA SELATAN
2020-10-16,38,0,52,-14,5661,4280,302,1079,SUMATERA SELATAN
2020-10-17,39,0,41,-2,5700,4321,302,1077,SUMATERA SELATAN
2020-10-18,32,3,48,-19,5732,4369,305,1058,SUMATERA SELATAN
2020-10-19,34,2,6,26,5766,4375,307,1084,SUMATERA SELATAN
2020-10-20,40,2,35,3,5806,4410,309,1087,SUMATERA SELATAN
2020-10-21,81,3,25,53,5887,4435,312,1140,SUMATERA SELATAN
2020-10-22,29,0,66,-37,5916,4501,312,1103,SUMATERA SELATAN
2020-10-23,61,5,56,0,5977,4557,317,1103,SUMATERA SELATAN
2020-10-24,51,1,34,16,6028,4591,318,1119,SUMATERA SELATAN
2020-10-25,20,0,156,-136,6048,4747,318,983,SUMATERA SELATAN
2020-10-26,14,2,105,-93,6062,4852,320,890,SUMATERA SELATAN
2020-10-27,33,0,46,-13,6095,4898,320,877,SUMATERA SELATAN
2020-10-28,65,0,31,34,6160,4929,320,911,SUMATERA SELATAN
2020-10-29,63,1,110,-48,6223,5039,321,863,SUMATERA SELATAN
2020-10-30,35,0,28,7,6258,5067,321,870,SUMATERA SELATAN
2020-10-31,48,1,30,17,6306,5097,322,887,SUMATERA SELATAN
2020-11-01,47,9,53,-15,6353,5150,331,872,SUMATERA SELATAN
2020-11-02,14,5,8,1,6367,5158,336,873,SUMATERA SELATAN
2020-11-03,25,6,73,-54,6392,5231,342,819,SUMATERA SELATAN
2020-11-04,59,4,35,20,6451,5266,346,839,SUMATERA SELATAN
2020-11-05,56,3,70,-17,6507,5336,349,822,SUMATERA SELATAN
2020-11-06,76,1,38,37,6583,5374,350,859,SUMATERA SELATAN
2020-11-07,72,2,3,67,6655,5377,352,926,SUMATERA SELATAN
2020-11-08,34,3,84,-53,6689,5461,355,873,SUMATERA SELATAN
2020-11-09,21,1,23,-3,6710,5484,356,870,SUMATERA SELATAN
2020-11-10,41,1,36,4,6751,5520,357,874,SUMATERA SELATAN
2020-11-11,58,4,64,-10,6809,5584,361,864,SUMATERA SELATAN
2020-11-12,57,3,36,18,6866,5620,364,882,SUMATERA SELATAN
2020-11-13,55,2,10,43,6921,5630,366,925,SUMATERA SELATAN
2020-11-14,52,1,33,18,6973,5663,367,943,SUMATERA SELATAN
2020-11-15,36,0,28,8,7009,5691,367,951,SUMATERA SELATAN
2020-11-16,38,1,83,-46,7047,5774,368,905,SUMATERA SELATAN
2020-11-17,39,0,25,14,7086,5799,368,919,SUMATERA SELATAN
2020-11-18,40,0,18,22,7126,5817,368,941,SUMATERA SELATAN
2020-11-19,35,11,30,-6,7161,5847,379,935,SUMATERA SELATAN
2020-11-20,63,2,18,43,7224,5865,381,978,SUMATERA SELATAN
2020-11-21,45,1,1,43,7269,5866,382,1021,SUMATERA SELATAN
2020-11-22,47,1,17,29,7316,5883,383,1050,SUMATERA SELATAN
2020-11-23,23,1,16,6,7339,5899,384,1056,SUMATERA SELATAN
2020-11-24,39,2,55,-18,7378,5954,386,1038,SUMATERA SELATAN
2020-11-25,48,0,39,9,7426,5993,386,1047,SUMATERA SELATAN
2020-11-26,64,3,26,35,7490,6019,389,1082,SUMATERA SELATAN
2020-11-27,38,3,40,-5,7528,6059,392,1077,SUMATERA SELATAN
2020-11-28,31,3,42,-14,7559,6101,395,1063,SUMATERA SELATAN
2020-11-29,31,2,40,-11,7590,6141,397,1052,SUMATERA SELATAN
2020-11-30,30,2,35,-7,7620,6176,399,1045,SUMATERA SELATAN
2020-12-01,46,5,79,-38,7666,6255,404,1007,SUMATERA SELATAN
2020-12-02,39,2,21,16,7705,6276,406,1023,SUMATERA SELATAN
2020-12-03,63,3,66,-6,7768,6342,409,1017,SUMATERA SELATAN
2020-12-04,66,6,101,-41,7834,6443,415,976,SUMATERA SELATAN
2020-12-05,47,3,42,2,7881,6485,418,978,SUMATERA SELATAN
2020-12-06,45,5,43,-3,7926,6528,423,975,SUMATERA SELATAN
2020-12-07,51,2,45,4,7977,6573,425,979,SUMATERA SELATAN
2020-12-08,59,0,58,1,8036,6631,425,980,SUMATERA SELATAN
2020-12-09,34,0,94,-60,8070,6725,425,920,SUMATERA SELATAN
2020-12-10,49,1,37,11,8119,6762,426,931,SUMATERA SELATAN
2020-12-11,48,3,48,-3,8167,6810,429,928,SUMATERA SELATAN
2020-12-12,64,5,35,24,8231,6845,434,952,SUMATERA SELATAN
2020-12-13,47,3,27,17,8278,6872,437,969,SUMATERA SELATAN
2020-12-14,34,2,13,19,8312,6885,439,988,SUMATERA SELATAN
2020-12-15,55,1,49,5,8367,6934,440,993,SUMATERA SELATAN
2020-12-16,56,5,23,28,8423,6957,445,1021,SUMATERA SELATAN
2020-12-17,58,0,12,46,8481,6969,445,1067,SUMATERA SELATAN
2020-12-18,98,1,32,65,8579,7001,446,1132,SUMATERA SELATAN
2020-12-19,72,3,35,34,8651,7036,449,1166,SUMATERA SELATAN
2020-12-20,65,5,27,33,8716,7063,454,1199,SUMATERA SELATAN
2020-12-21,51,2,27,22,8767,7090,456,1221,SUMATERA SELATAN
2020-12-22,80,2,27,51,8847,7117,458,1272,SUMATERA SELATAN
2020-12-23,92,3,113,-24,8939,7230,461,1248,SUMATERA SELATAN
2020-12-24,68,3,42,23,9007,7272,464,1271,SUMATERA SELATAN
2020-12-25,78,5,26,47,9085,7298,469,1318,SUMATERA SELATAN
2020-12-26,60,0,56,4,9145,7354,469,1322,SUMATERA SELATAN
2020-12-27,80,1,53,26,9225,7407,470,1348,SUMATERA SELATAN
2020-12-28,59,1,9,49,9284,7416,471,1397,SUMATERA SELATAN
2020-12-29,67,1,73,-7,9351,7489,472,1390,SUMATERA SELATAN
2020-12-30,86,2,39,45,9437,7528,474,1435,SUMATERA SELATAN
2020-12-31,73,1,35,37,9510,7563,475,1472,SUMATERA SELATAN
2021-01-01,58,2,42,14,9568,7605,477,1486,SUMATERA SELATAN
2021-01-02,36,1,77,-42,9604,7682,478,1444,SUMATERA SELATAN
2021-01-03,45,0,61,-16,9649,7743,478,1428,SUMATERA SELATAN
2021-01-04,43,0,54,-11,9692,7797,478,1417,SUMATERA SELATAN
2021-01-05,49,2,44,3,9741,7841,480,1420,SUMATERA SELATAN
2021-01-06,77,3,83,-9,9818,7924,483,1411,SUMATERA SELATAN
2021-01-07,50,2,66,-18,9868,7990,485,1393,SUMATERA SELATAN
2021-01-08,80,0,33,47,9948,8023,485,1440,SUMATERA SELATAN
2021-01-09,63,1,71,-9,10011,8094,486,1431,SUMATERA SELATAN
2021-01-10,40,4,49,-13,10051,8143,490,1418,SUMATERA SELATAN
2021-01-11,38,1,46,-9,10089,8189,491,1409,SUMATERA SELATAN
2021-01-12,56,1,33,22,10145,8222,492,1431,SUMATERA SELATAN
2021-01-13,70,1,59,10,10215,8281,493,1441,SUMATERA SELATAN
2021-01-14,81,1,30,50,10296,8311,494,1491,SUMATERA SELATAN
2021-01-15,69,3,44,22,10365,8355,497,1513,SUMATERA SELATAN
2021-01-16,63,4,64,-5,10428,8419,501,1508,SUMATERA SELATAN
2021-01-17,55,3,47,5,10483,8466,504,1513,SUMATERA SELATAN
2021-01-18,50,3,50,-3,10533,8516,507,1510,SUMATERA SELATAN
2021-01-19,88,3,73,12,10621,8589,510,1522,SUMATERA SELATAN
2021-01-20,91,1,105,-15,10712,8694,511,1507,SUMATERA SELATAN
2021-01-21,84,4,41,39,10796,8735,515,1546,SUMATERA SELATAN
2021-01-22,57,1,20,36,10853,8755,516,1582,SUMATERA SELATAN
2021-01-23,73,1,34,38,10926,8789,517,1620,SUMATERA SELATAN
2021-01-24,71,1,26,44,10997,8815,518,1664,SUMATERA SELATAN
2021-01-25,74,3,23,48,11071,8838,521,1712,SUMATERA SELATAN
2021-01-26,113,5,72,36,11184,8910,526,1748,SUMATERA SELATAN
2021-01-27,70,6,72,-8,11254,8982,532,1740,SUMATERA SELATAN
2021-01-28,67,2,44,21,11321,9026,534,1761,SUMATERA SELATAN
2021-01-29,67,0,56,11,11388,9082,534,1772,SUMATERA SELATAN
2021-01-30,46,2,80,-36,11434,9162,536,1736,SUMATERA SELATAN
2021-01-31,64,2,55,7,11498,9217,538,1743,SUMATERA SELATAN
2021-02-01,52,1,63,-12,11550,9280,539,1731,SUMATERA SELATAN
2021-02-02,52,3,70,-21,11602,9350,542,1710,SUMATERA SELATAN
2021-02-03,46,4,124,-82,11648,9474,546,1628,SUMATERA SELATAN
2021-02-04,23,1,45,-23,11671,9519,547,1605,SUMATERA SELATAN
2021-02-05,55,2,76,-23,11726,9595,549,1582,SUMATERA SELATAN
2021-02-06,49,0,53,-4,11775,9648,549,1578,SUMATERA SELATAN
2021-02-07,62,4,69,-11,11837,9717,553,1567,SUMATERA SELATAN
2021-02-08,58,2,22,34,11895,9739,555,1601,SUMATERA SELATAN
2021-02-09,48,8,115,-75,11943,9854,563,1526,SUMATERA SELATAN
2021-02-10,56,1,85,-30,11999,9939,564,1496,SUMATERA SELATAN
2021-02-11,32,3,72,-43,12031,10011,567,1453,SUMATERA SELATAN
2021-02-12,44,2,45,-3,12075,10056,569,1450,SUMATERA SELATAN
2021-02-13,44,2,57,-15,12119,10113,571,1435,SUMATERA SELATAN
2021-02-14,52,4,93,-45,12171,10206,575,1390,SUMATERA SELATAN
2021-02-15,37,1,82,-46,12208,10288,576,1344,SUMATERA SELATAN
2021-02-16,44,0,12,32,12252,10300,576,1376,SUMATERA SELATAN
2021-02-17,43,0,12,31,12295,10312,576,1407,SUMATERA SELATAN
2021-02-18,38,2,41,-5,12333,10353,578,1402,SUMATERA SELATAN
2021-02-19,36,0,31,5,12369,10384,578,1407,SUMATERA SELATAN
2021-02-20,66,0,46,20,12435,10430,578,1427,SUMATERA SELATAN
2021-02-21,42,2,33,7,12477,10463,580,1434,SUMATERA SELATAN
2021-02-22,38,3,100,-65,12515,10563,583,1369,SUMATERA SELATAN
2021-02-23,52,4,122,-74,12567,10685,587,1295,SUMATERA SELATAN
2021-02-24,44,2,18,24,12611,10703,589,1319,SUMATERA SELATAN
2021-02-25,58,2,32,24,12669,10735,591,1343,SUMATERA SELATAN
2021-02-26,29,2,54,-27,12698,10789,593,1316,SUMATERA SELATAN
2021-02-27,47,1,96,-50,12745,10885,594,1266,SUMATERA SELATAN
2021-02-28,30,5,115,-90,12775,11000,599,1176,SUMATERA SELATAN
2021-03-01,49,3,90,-44,12824,11090,602,1132,SUMATERA SELATAN
2021-03-02,33,0,29,4,12857,11119,602,1136,SUMATERA SELATAN
2021-03-03,39,0,55,-16,12896,11174,602,1120,SUMATERA SELATAN
2021-03-04,33,3,53,-23,12929,11227,605,1097,SUMATERA SELATAN
2021-03-05,50,1,34,15,12979,11261,606,1112,SUMATERA SELATAN
2021-03-06,41,0,77,-36,13020,11338,606,1076,SUMATERA SELATAN
2021-03-07,58,0,2,56,13078,11340,606,1132,SUMATERA SELATAN
2021-03-08,50,1,64,-15,13128,11404,607,1117,SUMATERA SELATAN
2021-03-09,25,2,32,-9,13153,11436,609,1108,SUMATERA SELATAN
2021-03-10,55,4,67,-16,13208,11503,613,1092,SUMATERA SELATAN
2021-03-11,28,2,30,-4,13236,11533,615,1088,SUMATERA SELATAN
2021-03-12,29,3,26,0,13265,11559,618,1088,SUMATERA SELATAN
2021-03-13,35,1,34,0,13300,11593,619,1088,SUMATERA SELATAN
2021-03-14,16,1,25,-10,13316,11618,620,1078,SUMATERA SELATAN
2021-03-15,50,0,32,18,13366,11650,620,1096,SUMATERA SELATAN
2021-03-16,45,4,21,20,13411,11671,624,1116,SUMATERA SELATAN
2021-03-17,34,6,47,-19,13445,11718,630,1097,SUMATERA SELATAN
2021-03-18,30,1,30,-1,13475,11748,631,1096,SUMATERA SELATAN
2021-03-19,33,1,28,4,13508,11776,632,1100,SUMATERA SELATAN
2021-03-20,41,1,24,16,13549,11800,633,1116,SUMATERA SELATAN
2021-03-21,37,1,39,-3,13586,11839,634,1113,SUMATERA SELATAN
2021-03-22,32,2,209,-179,13618,12048,636,934,SUMATERA SELATAN
2021-03-23,24,2,65,-43,13642,12113,638,891,SUMATERA SELATAN
2021-03-24,41,2,47,-8,13683,12160,640,883,SUMATERA SELATAN
2021-03-25,96,1,107,-12,13779,12267,641,871,SUMATERA SELATAN
2021-03-26,72,16,20,36,13851,12287,657,907,SUMATERA SELATAN
2021-03-27,70,0,13,57,13921,12300,657,964,SUMATERA SELATAN
2021-03-28,72,5,69,-2,13993,12369,662,962,SUMATERA SELATAN
2021-03-29,75,1,51,23,14068,12420,663,985,SUMATERA SELATAN
2021-03-30,65,2,54,9,14133,12474,665,994,SUMATERA SELATAN
2021-03-31,83,2,33,48,14216,12507,667,1042,SUMATERA SELATAN
2021-04-01,106,5,24,77,14322,12531,672,1119,SUMATERA SELATAN
2021-04-02,58,3,26,29,14380,12557,675,1148,SUMATERA SELATAN
2021-04-03,31,1,12,18,14411,12569,676,1166,SUMATERA SELATAN
2021-04-04,29,0,46,-17,14440,12615,676,1149,SUMATERA SELATAN
2021-04-05,43,2,38,3,14483,12653,678,1152,SUMATERA SELATAN
2021-04-06,38,3,47,-12,14521,12700,681,1140,SUMATERA SELATAN
2021-04-07,56,3,49,4,14577,12749,684,1144,SUMATERA SELATAN
2021-04-08,74,5,104,-35,14651,12853,689,1109,SUMATERA SELATAN
2021-04-09,62,3,95,-36,14713,12948,692,1073,SUMATERA SELATAN
2021-04-10,80,7,76,-3,14793,13024,699,1070,SUMATERA SELATAN
2021-04-11,45,0,64,-19,14838,13088,699,1051,SUMATERA SELATAN
2021-04-12,50,4,94,-48,14888,13182,703,1003,SUMATERA SELATAN
2021-04-13,44,4,102,-62,14932,13284,707,941,SUMATERA SELATAN
2021-04-14,63,3,66,-6,14995,13350,710,935,SUMATERA SELATAN
2021-04-15,47,5,106,-64,15042,13456,715,871,SUMATERA SELATAN
2021-04-16,65,1,60,4,15107,13516,716,875,SUMATERA SELATAN
2021-04-17,108,4,82,22,15215,13598,720,897,SUMATERA SELATAN
2021-04-18,85,2,52,31,15300,13650,722,928,SUMATERA SELATAN
2021-04-19,85,7,81,-3,15385,13731,729,925,SUMATERA SELATAN
2021-04-20,69,11,48,10,15454,13779,740,935,SUMATERA SELATAN
2021-04-21,90,3,69,18,15544,13848,743,953,SUMATERA SELATAN
2021-04-22,98,6,64,28,15642,13912,749,981,SUMATERA SELATAN
2021-04-23,81,6,44,31,15723,13956,755,1012,SUMATERA SELATAN
2021-04-24,102,2,71,29,15825,14027,757,1041,SUMATERA SELATAN
2021-04-25,107,8,96,3,15932,14123,765,1044,SUMATERA SELATAN
2021-04-26,76,6,50,20,16008,14173,771,1064,SUMATERA SELATAN
2021-04-27,75,9,43,23,16083,14216,780,1087,SUMATERA SELATAN
2021-04-28,105,2,79,24,16188,14295,782,1111,SUMATERA SELATAN
2021-04-29,94,6,94,-6,16282,14389,788,1105,SUMATERA SELATAN
2021-04-30,99,3,54,42,16381,14443,791,1147,SUMATERA SELATAN
2021-05-01,114,4,57,53,16495,14500,795,1200,SUMATERA SELATAN
2021-05-02,102,4,33,65,16597,14533,799,1265,SUMATERA SELATAN
2021-05-03,89,9,202,-122,16686,14735,808,1143,SUMATERA SELATAN
2021-05-04,92,8,136,-52,16778,14871,816,1091,SUMATERA SELATAN
2021-05-05,101,7,36,58,16879,14907,823,1149,SUMATERA SELATAN
2021-05-06,103,6,107,-10,16982,15014,829,1139,SUMATERA SELATAN
2021-05-07,111,3,90,18,17093,15104,832,1157,SUMATERA SELATAN
2021-05-08,117,10,241,-134,17210,15345,842,1023,SUMATERA SELATAN
2021-05-09,104,4,94,6,17314,15439,846,1029,SUMATERA SELATAN
2021-05-10,96,6,112,-22,17410,15551,852,1007,SUMATERA SELATAN
2021-05-11,80,7,93,-20,17490,15644,859,987,SUMATERA SELATAN
2021-05-12,103,4,63,36,17593,15707,863,1023,SUMATERA SELATAN
2021-05-13,78,1,31,46,17671,15738,864,1069,SUMATERA SELATAN
2021-05-14,55,6,36,13,17726,15774,870,1082,SUMATERA SELATAN
2021-05-15,54,4,27,23,17780,15801,874,1105,SUMATERA SELATAN
2021-05-16,63,9,171,-117,17843,15972,883,988,SUMATERA SELATAN
2021-05-17,83,3,175,-95,17926,16147,886,893,SUMATERA SELATAN
2021-05-18,55,5,136,-86,17981,16283,891,807,SUMATERA SELATAN
2021-05-19,64,11,94,-41,18045,16377,902,766,SUMATERA SELATAN
2021-05-20,76,13,92,-29,18121,16469,915,737,SUMATERA SELATAN
2021-05-21,102,5,53,44,18223,16522,920,781,SUMATERA SELATAN
2021-05-22,158,3,88,67,18381,16610,923,848,SUMATERA SELATAN
2021-05-23,154,10,63,81,18535,16673,933,929,SUMATERA SELATAN
2021-05-24,107,7,75,25,18642,16748,940,954,SUMATERA SELATAN
2021-05-25,102,8,78,16,18744,16826,948,970,SUMATERA SELATAN
2021-05-26,130,5,31,94,18874,16857,953,1064,SUMATERA SELATAN
2021-05-27,128,5,82,41,19002,16939,958,1105,SUMATERA SELATAN
2021-05-28,124,1,63,60,19126,17002,959,1165,SUMATERA SELATAN
2021-05-29,132,6,217,-91,19258,17219,965,1074,SUMATERA SELATAN
2021-05-30,93,6,74,13,19351,17293,971,1087,SUMATERA SELATAN
2021-05-31,120,4,74,42,19471,17367,975,1129,SUMATERA SELATAN
2021-06-01,123,4,99,20,19594,17466,979,1149,SUMATERA SELATAN
2021-06-02,103,5,77,21,19697,17543,984,1170,SUMATERA SELATAN
2021-06-03,140,9,88,43,19837,17631,993,1213,SUMATERA SELATAN
2021-06-04,128,10,173,-55,19965,17804,1003,1158,SUMATERA SELATAN
2021-06-05,117,1,118,-2,20082,17922,1004,1156,SUMATERA SELATAN
2021-06-06,102,8,71,23,20184,17993,1012,1179,SUMATERA SELATAN
2021-06-07,100,6,143,-49,20284,18136,1018,1130,SUMATERA SELATAN
2021-06-08,89,3,110,-24,20373,18246,1021,1106,SUMATERA SELATAN
2021-06-09,121,7,102,12,20494,18348,1028,1118,SUMATERA SELATAN
2021-06-10,117,4,80,33,20611,18428,1032,1151,SUMATERA SELATAN
2021-06-11,107,9,65,33,20718,18493,1041,1184,SUMATERA SELATAN
2021-06-12,152,4,83,65,20870,18576,1045,1249,SUMATERA SELATAN
2021-06-13,113,9,63,41,20983,18639,1054,1290,SUMATERA SELATAN
2021-06-14,69,8,224,-163,21052,18863,1062,1127,SUMATERA SELATAN
2021-06-15,129,6,75,48,21181,18938,1068,1175,SUMATERA SELATAN
2021-06-16,111,6,129,-24,21292,19067,1074,1151,SUMATERA SELATAN
2021-06-17,105,4,71,30,21397,19138,1078,1181,SUMATERA SELATAN
2021-06-18,116,3,124,-11,21513,19262,1081,1170,SUMATERA SELATAN
2021-06-19,100,2,172,-74,21613,19434,1083,1096,SUMATERA SELATAN
2021-06-20,123,4,156,-37,21736,19590,1087,1059,SUMATERA SELATAN
2021-06-21,95,3,69,23,21831,19659,1090,1082,SUMATERA SELATAN
2021-06-22,127,7,85,35,21958,19744,1097,1117,SUMATERA SELATAN
2021-06-23,93,1,59,33,22051,19803,1098,1150,SUMATERA SELATAN
2021-06-24,113,5,68,40,22164,19871,1103,1190,SUMATERA SELATAN
2021-06-25,157,11,120,26,22321,19991,1114,1216,SUMATERA SELATAN
2021-06-26,141,9,100,32,22462,20091,1123,1248,SUMATERA SELATAN
2021-06-27,136,5,86,45,22598,20177,1128,1293,SUMATERA SELATAN
2021-06-28,157,7,206,-56,22755,20383,1135,1237,SUMATERA SELATAN
2021-06-29,137,5,114,18,22892,20497,1140,1255,SUMATERA SELATAN
2021-06-30,181,2,50,129,23073,20547,1142,1384,SUMATERA SELATAN
2021-07-01,185,15,67,103,23258,20614,1157,1487,SUMATERA SELATAN
2021-07-02,200,8,91,101,23458,20705,1165,1588,SUMATERA SELATAN
2021-07-03,191,7,101,83,23649,20806,1172,1671,SUMATERA SELATAN
2021-07-04,197,14,256,-73,23846,21062,1186,1598,SUMATERA SELATAN
2021-07-05,137,8,107,22,23983,21169,1194,1620,SUMATERA SELATAN
2021-07-06,207,8,109,90,24190,21278,1202,1710,SUMATERA SELATAN
2021-07-07,286,14,113,159,24476,21391,1216,1869,SUMATERA SELATAN
2021-07-08,236,15,143,78,24712,21534,1231,1947,SUMATERA SELATAN
2021-07-09,265,5,169,91,24977,21703,1236,2038,SUMATERA SELATAN
2021-07-10,343,31,181,131,25320,21884,1267,2169,SUMATERA SELATAN
2021-07-11,312,9,200,103,25632,22084,1276,2272,SUMATERA SELATAN
2021-07-12,395,12,245,138,26027,22329,1288,2410,SUMATERA SELATAN
2021-07-13,610,7,143,460,26637,22472,1295,2870,SUMATERA SELATAN
2021-07-14,577,9,162,406,27214,22634,1304,3276,SUMATERA SELATAN
2021-07-15,760,8,208,544,27974,22842,1312,3820,SUMATERA SELATAN
2021-07-16,564,11,220,333,28538,23062,1323,4153,SUMATERA SELATAN
2021-07-17,620,20,329,271,29158,23391,1343,4424,SUMATERA SELATAN
2021-07-18,448,19,238,191,29606,23629,1362,4615,SUMATERA SELATAN
2021-07-19,299,34,236,29,29905,23865,1396,4644,SUMATERA SELATAN
2021-07-20,478,4,166,308,30383,24031,1400,4952,SUMATERA SELATAN
2021-07-21,351,9,166,176,30734,24197,1409,5128,SUMATERA SELATAN
2021-07-22,668,8,148,512,31402,24345,1417,5640,SUMATERA SELATAN
2021-07-23,676,21,312,343,32078,24657,1438,5983,SUMATERA SELATAN
2021-07-24,659,27,324,308,32737,24981,1465,6291,SUMATERA SELATAN
2021-07-25,307,14,387,-94,33044,25368,1479,6197,SUMATERA SELATAN
2021-07-26,284,13,264,7,33328,25632,1492,6204,SUMATERA SELATAN
2021-07-27,800,17,350,433,34128,25982,1509,6637,SUMATERA SELATAN
2021-07-28,1024,29,387,608,35152,26369,1538,7245,SUMATERA SELATAN
2021-07-29,1039,41,406,592,36191,26775,1579,7837,SUMATERA SELATAN
2021-07-30,801,32,415,354,36992,27190,1611,8191,SUMATERA SELATAN
2021-07-31,727,42,451,234,37719,27641,1653,8425,SUMATERA SELATAN
2021-08-01,434,36,617,-219,38153,28258,1689,8206,SUMATERA SELATAN
2021-08-02,144,26,268,-150,38297,28526,1715,8056,SUMATERA SELATAN
2021-08-03,577,20,394,163,38874,28920,1735,8219,SUMATERA SELATAN
2021-08-04,569,32,405,132,39443,29325,1767,8351,SUMATERA SELATAN
2021-08-05,652,36,483,133,40095,29808,1803,8484,SUMATERA SELATAN
2021-08-06,718,59,573,86,40813,30381,1862,8570,SUMATERA SELATAN
2021-08-07,493,38,503,-48,41306,30884,1900,8522,SUMATERA SELATAN
2021-08-08,303,23,461,-181,41609,31345,1923,8341,SUMATERA SELATAN
2021-08-09,173,28,752,-607,41782,32097,1951,7734,SUMATERA SELATAN
2021-08-10,485,23,436,26,42267,32533,1974,7760,SUMATERA SELATAN
2021-08-11,443,25,586,-168,42710,33119,1999,7592,SUMATERA SELATAN
2021-08-12,221,21,603,-403,42931,33722,2020,7189,SUMATERA SELATAN
2021-08-13,553,14,472,67,43484,34194,2034,7256,SUMATERA SELATAN
2021-08-14,336,26,710,-400,43820,34904,2060,6856,SUMATERA SELATAN
2021-08-15,162,20,461,-319,43982,35365,2080,6537,SUMATERA SELATAN
2021-08-16,199,20,404,-225,44181,35769,2100,6312,SUMATERA SELATAN
2021-08-17,303,27,548,-272,44484,36317,2127,6040,SUMATERA SELATAN
2021-08-18,89,19,351,-281,44573,36668,2146,5759,SUMATERA SELATAN
2021-08-19,237,18,622,-403,44810,37290,2164,5356,SUMATERA SELATAN
2021-08-20,210,19,363,-172,45020,37653,2183,5184,SUMATERA SELATAN
2021-08-21,189,13,372,-196,45209,38025,2196,4988,SUMATERA SELATAN
2021-08-22,126,22,724,-620,45335,38749,2218,4368,SUMATERA SELATAN
2021-08-23,222,14,565,-357,45557,39314,2232,4011,SUMATERA SELATAN
2021-08-24,217,19,415,-217,45774,39729,2251,3794,SUMATERA SELATAN
2021-08-25,124,17,329,-222,45898,40058,2268,3572,SUMATERA SELATAN
2021-08-26,177,18,604,-445,46075,40662,2286,3127,SUMATERA SELATAN
2021-08-27,121,16,419,-314,46196,41081,2302,2813,SUMATERA SELATAN
2021-08-28,98,7,258,-167,46294,41339,2309,2646,SUMATERA SELATAN
2021-08-29,72,20,281,-229,46366,41620,2329,2417,SUMATERA SELATAN
2021-08-30,45,9,424,-388,46411,42044,2338,2029,SUMATERA SELATAN
2021-08-31,69,7,309,-247,46480,42353,2345,1782,SUMATERA SELATAN
2021-09-01,58,15,116,-73,46538,42469,2360,1709,SUMATERA SELATAN
2021-09-02,63,9,141,-87,46601,42610,2369,1622,SUMATERA SELATAN
2021-09-03,78,7,167,-96,46679,42777,2376,1526,SUMATERA SELATAN
2021-09-04,61,7,130,-76,46740,42907,2383,1450,SUMATERA SELATAN
2021-09-05,65,5,102,-42,46805,43009,2388,1408,SUMATERA SELATAN
2021-09-06,48,5,124,-81,46853,43133,2393,1327,SUMATERA SELATAN
2021-09-07,80,7,133,-60,46933,43266,2400,1267,SUMATERA SELATAN
2021-09-08,53,9,119,-75,46986,43385,2409,1192,SUMATERA SELATAN
2021-09-09,94,4,122,-32,47080,43507,2413,1160,SUMATERA SELATAN
2021-09-10,70,4,176,-110,47150,43683,2417,1050,SUMATERA SELATAN
2021-09-11,67,5,126,-64,47217,43809,2422,986,SUMATERA SELATAN
2021-09-12,42,3,196,-157,47259,44005,2425,829,SUMATERA SELATAN
2021-09-13,57,7,117,-67,47316,44122,2432,762,SUMATERA SELATAN
2021-09-14,53,4,80,-31,47369,44202,2436,731,SUMATERA SELATAN
2021-09-15,38,3,69,-34,47407,44271,2439,697,SUMATERA SELATAN
2021-09-16,34,3,60,-29,47441,44331,2442,668,SUMATERA SELATAN
2021-09-17,40,5,47,-12,47481,44378,2447,656,SUMATERA SELATAN
2021-09-18,46,4,43,-1,47527,44421,2451,655,SUMATERA SELATAN
2021-09-19,20,1,64,-45,47547,44485,2452,610,SUMATERA SELATAN
2021-09-20,19,5,69,-55,47566,44554,2457,555,SUMATERA SELATAN
2021-09-21,46,1,46,-1,47612,44600,2458,554,SUMATERA SELATAN
2021-09-22,23,1,37,-15,47635,44637,2459,539,SUMATERA SELATAN
2021-09-23,21,2,47,-28,47656,44684,2461,511,SUMATERA SELATAN
2021-09-24,26,2,33,-9,47682,44717,2463,502,SUMATERA SELATAN
2021-09-25,16,2,73,-59,47698,44790,2465,443,SUMATERA SELATAN
2021-09-26,18,3,70,-55,47716,44860,2468,388,SUMATERA SELATAN
2021-09-27,15,1,29,-15,47731,44889,2469,373,SUMATERA SELATAN
2021-09-28,21,3,48,-30,47752,44937,2472,343,SUMATERA SELATAN
2021-09-29,16,1,37,-22,47768,44974,2473,321,SUMATERA SELATAN
2021-09-30,24,3,29,-8,47792,45003,2476,313,SUMATERA SELATAN
2021-10-01,9,1,14,-6,47801,45017,2477,307,SUMATERA SELATAN
2021-10-02,7,2,15,-10,47808,45032,2479,297,SUMATERA SELATAN
2021-10-03,2,0,26,-24,47810,45058,2479,273,SUMATERA SELATAN
2021-10-04,5,0,17,-12,47815,45075,2479,261,SUMATERA SELATAN
2021-10-05,19,1,23,-5,47834,45098,2480,256,SUMATERA SELATAN
2021-10-06,9,1,28,-20,47843,45126,2481,236,SUMATERA SELATAN
2021-10-07,6,0,19,-13,47849,45145,2481,223,SUMATERA SELATAN
2021-10-08,17,1,23,-7,47866,45168,2482,216,SUMATERA SELATAN
2021-10-09,7,2,14,-9,47873,45182,2484,207,SUMATERA SELATAN
2021-10-10,4,0,14,-10,47877,45196,2484,197,SUMATERA SELATAN
2021-10-11,1,0,13,-12,47878,45209,2484,185,SUMATERA SELATAN
2021-10-12,5,1,7,-3,47883,45216,2485,182,SUMATERA SELATAN
2021-10-13,5,2,9,-6,47888,45225,2487,176,SUMATERA SELATAN
2021-10-14,8,0,22,-14,47896,45247,2487,162,SUMATERA SELATAN
2021-10-15,11,0,19,-8,47907,45266,2487,154,SUMATERA SELATAN
2021-10-16,8,0,2,6,47915,45268,2487,160,SUMATERA SELATAN
2021-10-17,7,0,7,0,47922,45275,2487,160,SUMATERA SELATAN
2021-10-18,2,0,8,-6,47924,45283,2487,154,SUMATERA SELATAN
2021-10-19,5,1,4,0,47929,45287,2488,154,SUMATERA SELATAN
2021-10-20,3,0,6,-3,47932,45293,2488,151,SUMATERA SELATAN
2021-10-21,4,0,12,-8,47936,45305,2488,143,SUMATERA SELATAN
2021-10-22,7,1,14,-8,47943,45319,2489,135,SUMATERA SELATAN
2021-10-23,10,0,8,2,47953,45327,2489,137,SUMATERA SELATAN
2021-10-24,7,2,3,2,47960,45330,2491,139,SUMATERA SELATAN
2021-10-25,3,1,6,-4,47963,45336,2492,135,SUMATERA SELATAN
2021-10-26,4,2,61,-59,47967,45397,2494,76,SUMATERA SELATAN
2021-10-27,6,0,8,-2,47973,45405,2494,74,SUMATERA SELATAN
2021-10-28,8,0,7,1,47981,45412,2494,75,SUMATERA SELATAN
2021-10-29,2,0,14,-12,47983,45426,2494,63,SUMATERA SELATAN
2021-10-30,3,0,7,-4,47986,45433,2494,59,SUMATERA SELATAN
2021-10-31,1,0,3,-2,47987,45436,2494,57,SUMATERA SELATAN
2021-11-01,0,0,5,-5,47987,45441,2494,52,SUMATERA SELATAN
2021-11-02,2,0,5,-3,47989,45446,2494,49,SUMATERA SELATAN
2021-11-03,1,0,1,0,47990,45447,2494,49,SUMATERA SELATAN
2021-11-04,4,0,2,2,47994,45449,2494,51,SUMATERA SELATAN
2021-11-05,1,0,8,-7,47995,45457,2494,44,SUMATERA SELATAN
2021-11-06,2,0,3,-1,47997,45460,2494,43,SUMATERA SELATAN
2021-11-07,0,0,1,-1,47997,45461,2494,42,SUMATERA SELATAN
2021-11-08,5,0,0,5,48002,45461,2494,47,SUMATERA SELATAN
2021-11-09,5,0,1,4,48007,45462,2494,51,SUMATERA SELATAN
2021-11-10,2,0,2,0,48009,45464,2494,51,SUMATERA SELATAN
2021-11-11,2,0,1,1,48011,45465,2494,52,SUMATERA SELATAN
2021-11-12,3,0,3,0,48014,45468,2494,52,SUMATERA SELATAN
2021-11-13,0,0,2,-2,48014,45470,2494,50,SUMATERA SELATAN
2021-11-14,2,0,3,-1,48016,45473,2494,49,SUMATERA SELATAN
2021-11-15,0,1,9,-10,48016,45482,2495,39,SUMATERA SELATAN
2021-11-16,5,0,2,3,48021,45484,2495,42,SUMATERA SELATAN
2021-11-17,2,0,2,0,48023,45486,2495,42,SUMATERA SELATAN
2021-11-18,3,0,3,0,48026,45489,2495,42,SUMATERA SELATAN
2021-11-19,0,0,4,-4,48026,45493,2495,38,SUMATERA SELATAN
2021-11-20,2,0,4,-2,48028,45497,2495,36,SUMATERA SELATAN
2021-11-21,0,0,3,-3,48028,45500,2495,33,SUMATERA SELATAN
2021-11-22,0,0,1,-1,48028,45501,2495,32,SUMATERA SELATAN
2021-11-23,3,0,1,2,48031,45502,2495,34,SUMATERA SELATAN
2021-11-24,4,0,3,1,48035,45505,2495,35,SUMATERA SELATAN
2021-11-25,0,0,0,0,48035,45505,2495,35,SUMATERA SELATAN
2021-11-26,0,0,0,0,48035,45505,2495,35,SUMATERA SELATAN
2021-11-27,3,0,3,0,48038,45508,2495,35,SUMATERA SELATAN
2021-11-28,2,0,1,1,48040,45509,2495,36,SUMATERA SELATAN
2021-11-29,0,1,3,-4,48040,45512,2496,32,SUMATERA SELATAN
2021-11-30,2,0,1,1,48042,45513,2496,33,SUMATERA SELATAN
2021-12-01,1,0,1,0,48043,45514,2496,33,SUMATERA SELATAN
2021-12-02,4,0,4,0,48047,45518,2496,33,SUMATERA SELATAN
2021-12-03,2,0,2,0,48049,45520,2496,33,SUMATERA SELATAN
2021-12-04,1,0,0,1,48050,45520,2496,34,SUMATERA SELATAN
2021-12-05,1,0,0,1,48051,45520,2496,35,SUMATERA SELATAN
2021-12-06,1,0,1,0,48052,45521,2496,35,SUMATERA SELATAN
2021-12-07,4,0,2,2,48056,45523,2496,37,SUMATERA SELATAN
2021-12-08,3,0,0,3,48059,45523,2496,40,SUMATERA SELATAN
2021-12-09,0,0,1,-1,48059,45524,2496,39,SUMATERA SELATAN
2021-12-10,4,0,0,4,48063,45524,2496,43,SUMATERA SELATAN
2021-12-11,2,0,5,-3,48065,45529,2496,40,SUMATERA SELATAN
2021-12-12,0,0,2,-2,48065,45531,2496,38,SUMATERA SELATAN
2021-12-13,2,0,1,1,48067,45532,2496,39,SUMATERA SELATAN
2021-12-14,3,1,4,-2,48070,45536,2497,37,SUMATERA SELATAN
2021-12-15,1,0,1,0,48071,45537,2497,37,SUMATERA SELATAN
2021-12-16,4,0,0,4,48075,45537,2497,41,SUMATERA SELATAN
2021-12-17,0,1,4,-5,48075,45541,2498,36,SUMATERA SELATAN
2021-12-18,1,5,2,-6,48076,45543,2503,30,SUMATERA SELATAN
2021-12-19,0,0,2,-2,48076,45545,2503,28,SUMATERA SELATAN
2021-12-20,0,0,3,-3,48076,45548,2503,25,SUMATERA SELATAN
2021-12-21,2,0,1,1,48078,45549,2503,26,SUMATERA SELATAN
2021-12-22,0,3,4,-7,48078,45553,2506,19,SUMATERA SELATAN
2021-12-23,1,0,2,-1,48079,45555,2506,18,SUMATERA SELATAN
2021-12-24,2,0,1,1,48081,45556,2506,19,SUMATERA SELATAN
2021-12-25,2,0,4,-2,48083,45560,2506,17,SUMATERA SELATAN
2021-12-26,0,0,4,-4,48083,45564,2506,13,SUMATERA SELATAN
2021-12-27,0,0,0,0,48083,45564,2506,13,SUMATERA SELATAN
2021-12-28,4,0,1,3,48087,45565,2506,16,SUMATERA SELATAN
2021-12-29,0,0,0,0,48087,45565,2506,16,SUMATERA SELATAN
2021-12-30,1,0,2,-1,48088,45567,2506,15,SUMATERA SELATAN
2021-12-31,0,0,1,-1,48088,45568,2506,14,SUMATERA SELATAN
2022-01-01,0,0,4,-4,48088,45572,2506,10,SUMATERA SELATAN
2022-01-02,1,0,0,1,48089,45572,2506,11,SUMATERA SELATAN
2022-01-03,1,0,0,1,48090,45572,2506,12,SUMATERA SELATAN
2022-01-04,1,0,0,1,48091,45572,2506,13,SUMATERA SELATAN
2022-01-05,0,0,4,-4,48091,45576,2506,9,SUMATERA SELATAN
2022-01-06,0,0,0,0,48091,45576,2506,9,SUMATERA SELATAN
2022-01-07,0,0,0,0,48091,45576,2506,9,SUMATERA SELATAN
2022-01-08,0,0,0,0,48091,45576,2506,9,SUMATERA SELATAN
2022-01-09,1,0,1,0,48092,45577,2506,9,SUMATERA SELATAN
2022-01-10,0,0,0,0,48092,45577,2506,9,SUMATERA SELATAN
2022-01-11,3,0,0,3,48095,45577,2506,12,SUMATERA SELATAN
2022-01-12,1,0,2,-1,48096,45579,2506,11,SUMATERA SELATAN
2022-01-13,1,0,0,1,48097,45579,2506,12,SUMATERA SELATAN
2022-01-14,0,0,0,0,48097,45579,2506,12,SUMATERA SELATAN
2022-01-15,1,0,0,1,48098,45579,2506,13,SUMATERA SELATAN
2022-01-16,1,0,0,1,48099,45579,2506,14,SUMATERA SELATAN
2022-01-17,0,0,0,0,48099,45579,2506,14,SUMATERA SELATAN
2022-01-18,3,0,0,3,48102,45579,2506,17,SUMATERA SELATAN
2022-01-19,1,0,0,1,48103,45579,2506,18,SUMATERA SELATAN
2022-01-20,2,0,0,2,48105,45579,2506,20,SUMATERA SELATAN
2022-01-21,1,0,0,1,48106,45579,2506,21,SUMATERA SELATAN
2022-01-22,3,0,1,2,48109,45580,2506,23,SUMATERA SELATAN
2022-01-23,1,1,2,-2,48110,45582,2507,21,SUMATERA SELATAN
2022-01-24,4,0,1,3,48114,45583,2507,24,SUMATERA SELATAN
2022-01-25,5,1,6,-2,48119,45589,2508,22,SUMATERA SELATAN
2022-01-26,9,0,1,8,48128,45590,2508,30,SUMATERA SELATAN
2022-01-27,9,0,1,8,48137,45591,2508,38,SUMATERA SELATAN
2022-01-28,17,0,0,17,48154,45591,2508,55,SUMATERA SELATAN
2022-01-29,17,1,0,16,48171,45591,2509,71,SUMATERA SELATAN
2022-01-30,22,0,1,21,48193,45592,2509,92,SUMATERA SELATAN
2022-01-31,30,0,3,27,48223,45595,2509,119,SUMATERA SELATAN
2022-02-01,47,0,0,47,48270,45595,2509,166,SUMATERA SELATAN
2022-02-02,27,0,3,24,48297,45598,2509,190,SUMATERA SELATAN
2022-02-03,83,0,5,78,48380,45603,2509,268,SUMATERA SELATAN
2022-02-04,90,0,3,87,48470,45606,2509,355,SUMATERA SELATAN
2022-02-05,144,0,11,133,48614,45617,2509,488,SUMATERA SELATAN
2022-02-06,122,0,21,101,48736,45638,2509,589,SUMATERA SELATAN
2022-02-07,99,3,24,72,48835,45662,2512,661,SUMATERA SELATAN
2022-02-08,287,0,21,266,49122,45683,2512,927,SUMATERA SELATAN
2022-02-09,250,0,33,217,49372,45716,2512,1144,SUMATERA SELATAN
2022-02-10,307,0,16,291,49679,45732,2512,1435,SUMATERA SELATAN
2022-02-11,360,0,29,331,50039,45761,2512,1766,SUMATERA SELATAN
2022-02-12,513,0,23,490,50552,45784,2512,2256,SUMATERA SELATAN
2022-02-13,522,1,62,459,51074,45846,2513,2715,SUMATERA SELATAN
2022-02-14,380,3,61,316,51454,45907,2516,3031,SUMATERA SELATAN
2022-02-15,869,0,62,807,52323,45969,2516,3838,SUMATERA SELATAN
2022-02-16,827,3,68,756,53150,46037,2519,4594,SUMATERA SELATAN
2022-02-17,1014,4,104,906,54164,46141,2523,5500,SUMATERA SELATAN
2022-02-18,759,3,121,635,54923,46262,2526,6135,SUMATERA SELATAN
2022-02-19,817,3,169,645,55740,46431,2529,6780,SUMATERA SELATAN
2022-02-20,529,5,274,250,56269,46705,2534,7030,SUMATERA SELATAN
2022-02-21,391,9,286,96,56660,46991,2543,7126,SUMATERA SELATAN
2022-02-22,925,7,302,616,57585,47293,2550,7742,SUMATERA SELATAN
2022-02-23,944,5,253,686,58529,47546,2555,8428,SUMATERA SELATAN
2022-02-24,780,4,410,366,59309,47956,2559,8794,SUMATERA SELATAN
2022-02-25,619,3,444,172,59928,48400,2562,8966,SUMATERA SELATAN
2022-02-26,671,5,568,98,60599,48968,2567,9064,SUMATERA SELATAN
2022-02-27,467,4,485,-22,61066,49453,2571,9042,SUMATERA SELATAN
2022-02-28,94,0,533,-439,61160,49986,2571,8603,SUMATERA SELATAN
2022-03-01,249,3,510,-264,61409,50496,2574,8339,SUMATERA SELATAN
2022-03-02,384,6,581,-203,61793,51077,2580,8136,SUMATERA SELATAN
2022-03-03,358,8,639,-289,62151,51716,2588,7847,SUMATERA SELATAN
2022-03-04,211,6,383,-178,62362,52099,2594,7669,SUMATERA SELATAN
2022-03-05,262,3,775,-516,62624,52874,2597,7153,SUMATERA SELATAN
2022-03-06,177,9,708,-540,62801,53582,2606,6613,SUMATERA SELATAN
2022-03-07,86,6,552,-472,62887,54134,2612,6141,SUMATERA SELATAN
2022-03-08,176,8,550,-382,63063,54684,2620,5759,SUMATERA SELATAN
2022-03-09,186,5,438,-257,63249,55122,2625,5502,SUMATERA SELATAN
2022-03-10,144,7,647,-510,63393,55769,2632,4992,SUMATERA SELATAN
2022-03-11,85,5,694,-614,63478,56463,2637,4378,SUMATERA SELATAN
2022-03-12,82,9,490,-417,63560,56953,2646,3961,SUMATERA SELATAN
2022-03-13,75,7,385,-317,63635,57338,2653,3644,SUMATERA SELATAN
2022-03-14,51,4,420,-373,63686,57758,2657,3271,SUMATERA SELATAN
2022-03-15,84,4,262,-182,63770,58020,2661,3089,SUMATERA SELATAN
2022-03-16,64,4,259,-199,63834,58279,2665,2890,SUMATERA SELATAN
2022-03-17,38,1,225,-188,63872,58504,2666,2702,SUMATERA SELATAN
2022-03-18,30,2,152,-124,63902,58656,2668,2578,SUMATERA SELATAN
2022-03-19,49,2,182,-135,63951,58838,2670,2443,SUMATERA SELATAN
2022-03-20,29,6,115,-92,63980,58953,2676,2351,SUMATERA SELATAN
2022-03-21,14,2,424,-412,63994,59377,2678,1939,SUMATERA SELATAN
2022-03-22,44,3,415,-374,64038,59792,2681,1565,SUMATERA SELATAN
2022-03-23,22,1,261,-240,64060,60053,2682,1325,SUMATERA SELATAN
2022-03-24,31,3,158,-130,64091,60211,2685,1195,SUMATERA SELATAN
2022-03-25,19,0,61,-42,64110,60272,2685,1153,SUMATERA SELATAN
2022-03-26,6,1,211,-206,64116,60483,2686,947,SUMATERA SELATAN
2022-03-27,8,7,39,-38,64124,60522,2693,909,SUMATERA SELATAN
2022-03-28,3,1,53,-51,64127,60575,2694,858,SUMATERA SELATAN
2022-03-29,14,0,48,-34,64141,60623,2694,824,SUMATERA SELATAN
2022-03-30,23,5,146,-128,64164,60769,2699,696,SUMATERA SELATAN
2022-03-31,12,1,150,-139,64176,60919,2700,557,SUMATERA SELATAN
2022-04-01,6,0,23,-17,64182,60942,2700,540,SUMATERA SELATAN
2022-04-02,4,1,39,-36,64186,60981,2701,504,SUMATERA SELATAN
2022-04-03,10,1,27,-18,64196,61008,2702,486,SUMATERA SELATAN
2022-04-04,6,1,109,-104,64202,61117,2703,382,SUMATERA SELATAN
2022-04-05,17,0,141,-124,64219,61258,2703,258,SUMATERA SELATAN
2022-04-06,8,0,34,-26,64227,61292,2703,232,SUMATERA SELATAN
2022-04-07,8,0,12,-4,64235,61304,2703,228,SUMATERA SELATAN
2022-04-08,10,0,81,-71,64245,61385,2703,157,SUMATERA SELATAN
2022-04-09,8,0,11,-3,64253,61396,2703,154,SUMATERA SELATAN
2022-04-10,4,0,7,-3,64257,61403,2703,151,SUMATERA SELATAN
2022-04-11,4,0,36,-32,64261,61439,2703,119,SUMATERA SELATAN
2022-04-12,17,1,18,-2,64278,61457,2704,117,SUMATERA SELATAN
2022-04-13,6,0,14,-8,64284,61471,2704,109,SUMATERA SELATAN
2022-04-14,2,0,13,-11,64286,61484,2704,98,SUMATERA SELATAN
2022-04-15,4,0,6,-2,64290,61490,2704,96,SUMATERA SELATAN
2022-04-16,14,1,9,4,64304,61499,2705,100,SUMATERA SELATAN
2022-04-17,1,0,9,-8,64305,61508,2705,92,SUMATERA SELATAN
2022-04-18,4,1,13,-10,64309,61521,2706,82,SUMATERA SELATAN
2022-04-19,3,1,11,-9,64312,61532,2707,73,SUMATERA SELATAN
2022-04-20,6,0,4,2,64318,61536,2707,75,SUMATERA SELATAN
2022-04-21,8,1,8,-1,64326,61544,2708,74,SUMATERA SELATAN
2022-04-22,3,1,5,-3,64329,61549,2709,71,SUMATERA SELATAN
2022-04-23,2,0,7,-5,64331,61556,2709,66,SUMATERA SELATAN
2022-04-24,3,0,4,-1,64334,61560,2709,65,SUMATERA SELATAN
2022-04-25,4,0,11,-7,64338,61571,2709,58,SUMATERA SELATAN
2022-04-26,2,1,4,-3,64340,61575,2710,55,SUMATERA SELATAN
2022-04-27,4,1,1,2,64344,61576,2711,57,SUMATERA SELATAN
2022-04-28,0,0,7,-7,64344,61583,2711,50,SUMATERA SELATAN
2022-04-29,2,0,2,0,64346,61585,2711,50,SUMATERA SELATAN
2022-04-30,1,0,2,-1,64347,61587,2711,49,SUMATERA SELATAN
2022-05-01,2,0,15,-13,64349,61602,2711,36,SUMATERA SELATAN
2022-05-02,0,0,0,0,64349,61602,2711,36,SUMATERA SELATAN
2022-05-03,0,0,7,-7,64349,61609,2711,29,SUMATERA SELATAN
2022-05-04,1,0,0,1,64350,61609,2711,30,SUMATERA SELATAN
2022-05-05,1,1,4,-4,64351,61613,2712,26,SUMATERA SELATAN
2022-05-06,0,0,2,-2,64351,61615,2712,24,SUMATERA SELATAN
2022-05-07,2,0,0,2,64353,61615,2712,26,SUMATERA SELATAN
2022-05-08,1,0,0,1,64354,61615,2712,27,SUMATERA SELATAN
2022-05-09,0,0,0,0,64354,61615,2712,27,SUMATERA SELATAN
2022-05-10,0,1,5,-6,64354,61620,2713,21,SUMATERA SELATAN
2022-05-11,2,0,1,1,64356,61621,2713,22,SUMATERA SELATAN
2022-05-12,3,0,2,1,64359,61623,2713,23,SUMATERA SELATAN
2022-05-13,0,0,0,0,64359,61623,2713,23,SUMATERA SELATAN
2022-05-14,5,0,0,5,64364,61623,2713,28,SUMATERA SELATAN
2022-05-15,2,0,0,2,64366,61623,2713,30,SUMATERA SELATAN
2022-05-16,0,0,0,0,64366,61623,2713,30,SUMATERA SELATAN
2022-05-17,1,0,2,-1,64367,61625,2713,29,SUMATERA SELATAN
2022-05-18,1,0,0,1,64368,61625,2713,30,SUMATERA SELATAN
2022-05-19,3,0,0,3,64371,61625,2713,33,SUMATERA SELATAN
2022-05-20,0,0,0,0,64371,61625,2713,33,SUMATERA SELATAN
2022-05-21,3,0,5,-2,64374,61630,2713,31,SUMATERA SELATAN
2022-05-22,0,0,1,-1,64374,61631,2713,30,SUMATERA SELATAN
2022-05-23,1,0,1,0,64375,61632,2713,30,SUMATERA SELATAN
2022-05-24,3,0,1,2,64378,61633,2713,32,SUMATERA SELATAN
2022-05-25,1,0,8,-7,64379,61641,2713,25,SUMATERA SELATAN
2022-05-26,2,0,4,-2,64381,61645,2713,23,SUMATERA SELATAN
2022-05-27,2,0,2,0,64383,61647,2713,23,SUMATERA SELATAN
2022-05-28,0,0,0,0,64383,61647,2713,23,SUMATERA SELATAN
2022-05-29,2,0,2,0,64385,61649,2713,23,SUMATERA SELATAN
2022-05-30,0,0,2,-2,64385,61651,2713,21,SUMATERA SELATAN
2022-05-31,0,0,0,0,64385,61651,2713,21,SUMATERA SELATAN
2022-06-01,2,0,1,1,64387,61652,2713,22,SUMATERA SELATAN
2022-06-02,1,0,4,-3,64388,61656,2713,19,SUMATERA SELATAN
2022-06-03,2,0,0,2,64390,61656,2713,21,SUMATERA SELATAN
2022-06-04,1,0,0,1,64391,61656,2713,22,SUMATERA SELATAN
2022-06-05,0,0,1,-1,64391,61657,2713,21,SUMATERA SELATAN
2022-06-06,0,0,0,0,64391,61657,2713,21,SUMATERA SELATAN
2022-06-07,0,0,0,0,64391,61657,2713,21,SUMATERA SELATAN
2022-06-08,1,0,1,0,64392,61658,2713,21,SUMATERA SELATAN
2022-06-09,2,0,4,-2,64394,61662,2713,19,SUMATERA SELATAN
2022-06-10,1,0,1,0,64395,61663,2713,19,SUMATERA SELATAN
2022-06-11,1,0,1,0,64396,61664,2713,19,SUMATERA SELATAN
2022-06-12,1,0,2,-1,64397,61666,2713,18,SUMATERA SELATAN
2022-06-13,1,0,0,1,64398,61666,2713,19,SUMATERA SELATAN
2022-06-14,4,1,6,-3,64402,61672,2714,16,SUMATERA SELATAN
2022-06-15,1,0,1,0,64403,61673,2714,16,SUMATERA SELATAN
2022-06-16,2,0,1,1,64405,61674,2714,17,SUMATERA SELATAN
2022-06-17,5,1,1,3,64410,61675,2715,20,SUMATERA SELATAN
2022-06-18,2,0,1,1,64412,61676,2715,21,SUMATERA SELATAN
2022-06-19,2,0,0,2,64414,61676,2715,23,SUMATERA SELATAN
2022-06-20,1,0,0,1,64415,61676,2715,24,SUMATERA SELATAN
2022-06-21,4,0,0,4,64419,61676,2715,28,SUMATERA SELATAN
2022-06-22,4,0,0,4,64423,61676,2715,32,SUMATERA SELATAN
2022-06-23,6,0,1,5,64429,61677,2715,37,SUMATERA SELATAN
2022-06-24,4,0,4,0,64433,61681,2715,37,SUMATERA SELATAN
2022-06-25,5,0,1,4,64438,61682,2715,41,SUMATERA SELATAN
2022-06-26,5,1,3,1,64443,61685,2716,42,SUMATERA SELATAN
2022-06-27,2,0,2,0,64445,61687,2716,42,SUMATERA SELATAN
2022-06-28,3,0,0,3,64448,61687,2716,45,SUMATERA SELATAN
2022-06-29,4,0,10,-6,64452,61697,2716,39,SUMATERA SELATAN
2022-06-30,5,1,3,1,64457,61700,2717,40,SUMATERA SELATAN
2022-07-01,4,0,1,3,64461,61701,2717,43,SUMATERA SELATAN
2022-07-02,1,0,1,0,64462,61702,2717,43,SUMATERA SELATAN
2022-07-03,1,0,1,0,64463,61703,2717,43,SUMATERA SELATAN
2022-07-04,6,0,2,4,64469,61705,2717,47,SUMATERA SELATAN
2022-07-05,10,0,1,9,64479,61706,2717,56,SUMATERA SELATAN
2022-07-06,2,0,7,-5,64481,61713,2717,51,SUMATERA SELATAN
2022-07-07,5,0,4,1,64486,61717,2717,52,SUMATERA SELATAN
2022-07-08,4,0,5,-1,64490,61722,2717,51,SUMATERA SELATAN
2022-07-09,7,0,1,6,64497,61723,2717,57,SUMATERA SELATAN
2022-07-10,3,0,0,3,64500,61723,2717,60,SUMATERA SELATAN
2022-07-11,5,0,8,-3,64505,61731,2717,57,SUMATERA SELATAN
2022-07-12,6,0,0,6,64511,61731,2717,63,SUMATERA SELATAN
2022-07-13,8,0,2,6,64519,61733,2717,69,SUMATERA SELATAN
2022-07-14,11,0,2,9,64530,61735,2717,78,SUMATERA SELATAN
2022-07-15,8,0,0,8,64538,61735,2717,86,SUMATERA SELATAN
2022-07-16,8,1,20,-13,64546,61755,2718,73,SUMATERA SELATAN
2022-07-17,15,0,3,12,64561,61758,2718,85,SUMATERA SELATAN
2022-07-18,3,0,1,2,64564,61759,2718,87,SUMATERA SELATAN
2022-07-19,15,0,7,8,64579,61766,2718,95,SUMATERA SELATAN
2022-07-20,13,0,0,13,64592,61766,2718,108,SUMATERA SELATAN
2022-07-21,10,0,0,10,64602,61766,2718,118,SUMATERA SELATAN
2022-07-22,18,0,8,10,64620,61774,2718,128,SUMATERA SELATAN
2022-07-23,9,0,2,7,64629,61776,2718,135,SUMATERA SELATAN
2022-07-24,11,0,1,10,64640,61777,2718,145,SUMATERA SELATAN
2022-07-25,7,1,13,-7,64647,61790,2719,138,SUMATERA SELATAN
2022-07-26,9,0,25,-16,64656,61815,2719,122,SUMATERA SELATAN
2022-07-27,43,0,11,32,64699,61826,2719,154,SUMATERA SELATAN
2022-07-28,26,0,6,20,64725,61832,2719,174,SUMATERA SELATAN
2022-07-29,21,1,7,13,64746,61839,2720,187,SUMATERA SELATAN
2022-07-30,9,0,2,7,64755,61841,2720,194,SUMATERA SELATAN
2022-07-31,5,0,6,-1,64760,61847,2720,193,SUMATERA SELATAN
2022-08-01,19,0,13,6,64779,61860,2720,199,SUMATERA SELATAN
2022-08-02,33,1,11,21,64812,61871,2721,220,SUMATERA SELATAN
2022-08-03,27,0,10,17,64839,61881,2721,237,SUMATERA SELATAN
2022-08-04,24,0,3,21,64863,61884,2721,258,SUMATERA SELATAN
2022-08-05,29,1,21,7,64892,61905,2722,265,SUMATERA SELATAN
2022-08-06,26,0,15,11,64918,61920,2722,276,SUMATERA SELATAN
2022-08-07,39,0,4,35,64957,61924,2722,311,SUMATERA SELATAN
2022-08-08,15,1,20,-6,64972,61944,2723,305,SUMATERA SELATAN
2022-08-09,46,0,18,28,65018,61962,2723,333,SUMATERA SELATAN
2022-08-10,50,0,28,22,65068,61990,2723,355,SUMATERA SELATAN
2022-08-11,27,0,17,10,65095,62007,2723,365,SUMATERA SELATAN
2022-08-12,18,0,3,15,65113,62010,2723,380,SUMATERA SELATAN
2022-08-13,25,2,15,8,65138,62025,2725,388,SUMATERA SELATAN
2022-08-14,31,0,6,25,65169,62031,2725,413,SUMATERA SELATAN
2022-08-15,13,1,22,-10,65182,62053,2726,403,SUMATERA SELATAN
2022-08-16,20,0,25,-5,65202,62078,2726,398,SUMATERA SELATAN
2022-08-17,24,1,7,16,65226,62085,2727,414,SUMATERA SELATAN
2022-08-18,20,0,29,-9,65246,62114,2727,405,SUMATERA SELATAN
2022-08-19,31,0,21,10,65277,62135,2727,415,SUMATERA SELATAN
2022-08-20,24,0,41,-17,65301,62176,2727,398,SUMATERA SELATAN
2022-08-21,16,0,5,11,65317,62181,2727,409,SUMATERA SELATAN
2022-08-22,14,0,23,-9,65331,62204,2727,400,SUMATERA SELATAN
2022-08-23,28,1,52,-25,65359,62256,2728,375,SUMATERA SELATAN
2022-08-24,21,0,19,2,65380,62275,2728,377,SUMATERA SELATAN
2022-08-25,27,2,9,16,65407,62284,2730,393,SUMATERA SELATAN
2022-08-26,23,1,26,-4,65430,62310,2731,389,SUMATERA SELATAN
2022-08-27,25,0,9,16,65455,62319,2731,405,SUMATERA SELATAN
2022-08-28,24,0,0,24,65479,62319,2731,429,SUMATERA SELATAN
2022-08-29,22,0,7,15,65501,62326,2731,444,SUMATERA SELATAN
2022-08-30,27,1,43,-17,65528,62369,2732,427,SUMATERA SELATAN
2022-08-31,17,0,6,11,65545,62375,2732,438,SUMATERA SELATAN
2022-09-01,24,2,81,-59,65569,62456,2734,379,SUMATERA SELATAN
2022-09-02,15,0,70,-55,65584,62526,2734,324,SUMATERA SELATAN
2022-09-03,19,0,17,2,65603,62543,2734,326,SUMATERA SELATAN
2022-09-04,18,0,0,18,65621,62543,2734,344,SUMATERA SELATAN
2022-09-05,11,2,31,-22,65632,62574,2736,322,SUMATERA SELATAN
2022-09-06,26,1,28,-3,65658,62602,2737,319,SUMATERA SELATAN
2022-09-07,29,1,41,-13,65687,62643,2738,306,SUMATERA SELATAN
2022-09-08,17,0,42,-25,65704,62685,2738,281,SUMATERA SELATAN
2022-09-09,16,0,32,-16,65720,62717,2738,265,SUMATERA SELATAN
2022-09-10,21,0,14,7,65741,62731,2738,272,SUMATERA SELATAN
2022-09-11,14,1,21,-8,65755,62752,2739,264,SUMATERA SELATAN
2022-09-12,7,1,24,-18,65762,62776,2740,246,SUMATERA SELATAN
2022-09-13,13,1,13,-1,65775,62789,2741,245,SUMATERA SELATAN
2022-09-14,14,0,28,-14,65789,62817,2741,231,SUMATERA SELATAN
2022-09-15,16,0,23,-7,65805,62840,2741,224,SUMATERA SELATAN
2022-09-16,10,0,19,-9,65815,62859,2741,215,SUMATERA SELATAN
2022-09-17,14,0,10,4,65829,62869,2741,219,SUMATERA SELATAN
2022-09-18,13,0,6,7,65842,62875,2741,226,SUMATERA SELATAN
2022-09-19,6,0,16,-10,65848,62891,2741,216,SUMATERA SELATAN
2022-09-20,12,0,41,-29,65860,62932,2741,187,SUMATERA SELATAN
2022-09-21,13,0,15,-2,65873,62947,2741,185,SUMATERA SELATAN
2022-09-22,13,3,8,2,65886,62955,2744,187,SUMATERA SELATAN
2022-09-23,14,0,10,4,65900,62965,2744,191,SUMATERA SELATAN
2022-09-24,6,1,3,2,65906,62968,2745,193,SUMATERA SELATAN
2022-09-25,16,0,14,2,65922,62982,2745,195,SUMATERA SELATAN
2022-09-26,6,1,12,-7,65928,62994,2746,188,SUMATERA SELATAN
2022-09-27,2,0,2,0,65930,62996,2746,188,SUMATERA SELATAN
2022-09-28,10,0,1,9,65940,62997,2746,197,SUMATERA SELATAN
2022-09-29,9,0,7,2,65949,63004,2746,199,SUMATERA SELATAN
2022-09-30,14,0,1,13,65963,63005,2746,212,SUMATERA SELATAN
2020-03-06,1,0,0,1,1,0,0,1,BANTEN
2020-03-07,0,0,0,0,1,0,0,1,BANTEN
2020-03-08,0,0,3,-3,1,3,0,-2,BANTEN
2020-03-09,0,0,0,0,1,3,0,-2,BANTEN
2020-03-10,0,0,8,-8,1,11,0,-10,BANTEN
2020-03-11,0,0,8,-8,1,19,0,-18,BANTEN
2020-03-12,0,0,2,-2,1,21,0,-20,BANTEN
2020-03-13,1,1,0,0,2,21,1,-20,BANTEN
2020-03-14,1,0,2,-1,3,23,1,-21,BANTEN
2020-03-15,1,0,4,-3,4,27,1,-24,BANTEN
2020-03-16,0,0,4,-4,4,31,1,-28,BANTEN
2020-03-17,0,0,3,-3,4,34,1,-31,BANTEN
2020-03-18,0,1,1,-2,4,35,2,-33,BANTEN
2020-03-19,0,1,3,-4,4,38,3,-37,BANTEN
2020-03-20,0,3,2,-5,4,40,6,-42,BANTEN
2020-03-21,0,0,1,-1,4,41,6,-43,BANTEN
2020-03-22,0,1,0,-1,4,41,7,-44,BANTEN
2020-03-23,0,2,3,-5,4,44,9,-49,BANTEN
2020-03-24,0,1,2,-3,4,46,10,-52,BANTEN
2020-03-25,0,1,2,-3,4,48,11,-55,BANTEN
2020-03-26,0,0,4,-4,4,52,11,-59,BANTEN
2020-03-27,19,2,3,14,23,55,13,-45,BANTEN
2020-03-28,8,2,6,0,31,61,15,-45,BANTEN
2020-03-29,2,1,2,-1,33,63,16,-46,BANTEN
2020-03-30,20,0,2,18,53,65,16,-28,BANTEN
2020-03-31,10,0,1,9,63,66,16,-19,BANTEN
2020-04-01,11,1,5,5,74,71,17,-14,BANTEN
2020-04-02,4,1,1,2,78,72,18,-12,BANTEN
2020-04-03,3,0,3,0,81,75,18,-12,BANTEN
2020-04-04,3,2,1,0,84,76,20,-12,BANTEN
2020-04-05,3,1,2,0,87,78,21,-12,BANTEN
2020-04-06,10,2,7,1,97,85,23,-11,BANTEN
2020-04-07,6,0,3,3,103,88,23,-8,BANTEN
2020-04-08,17,0,5,12,120,93,23,4,BANTEN
2020-04-09,3,3,7,-7,123,100,26,-3,BANTEN
2020-04-10,16,1,4,11,139,104,27,8,BANTEN
2020-04-11,23,2,17,4,162,121,29,12,BANTEN
2020-04-12,0,1,6,-7,162,127,30,5,BANTEN
2020-04-13,4,1,8,-5,166,135,31,0,BANTEN
2020-04-14,4,2,3,-1,170,138,33,-1,BANTEN
2020-04-15,1,0,8,-7,171,146,33,-8,BANTEN
2020-04-16,11,0,1,10,182,147,33,2,BANTEN
2020-04-17,8,1,6,1,190,153,34,3,BANTEN
2020-04-18,8,1,4,3,198,157,35,6,BANTEN
2020-04-19,3,0,4,-1,201,161,35,5,BANTEN
2020-04-20,22,0,4,18,223,165,35,23,BANTEN
2020-04-21,0,3,3,-6,223,168,38,17,BANTEN
2020-04-22,3,0,6,-3,226,174,38,14,BANTEN
2020-04-23,3,0,0,3,229,174,38,17,BANTEN
2020-04-24,22,0,2,20,251,176,38,37,BANTEN
2020-04-25,9,1,2,6,260,178,39,43,BANTEN
2020-04-26,0,3,1,-4,260,179,42,39,BANTEN
2020-04-27,10,0,3,7,270,182,42,46,BANTEN
2020-04-28,5,0,2,3,275,184,42,49,BANTEN
2020-04-29,0,0,9,-9,275,193,42,40,BANTEN
2020-04-30,13,0,8,5,288,201,42,45,BANTEN
2020-05-01,14,0,3,11,302,204,42,56,BANTEN
2020-05-02,9,1,6,2,311,210,43,58,BANTEN
2020-05-03,5,0,1,4,316,211,43,62,BANTEN
2020-05-04,12,0,9,3,328,220,43,65,BANTEN
2020-05-05,10,2,18,-10,338,238,45,55,BANTEN
2020-05-06,23,0,4,19,361,242,45,74,BANTEN
2020-05-07,0,0,2,-2,361,244,45,72,BANTEN
2020-05-08,18,1,5,12,379,249,46,84,BANTEN
2020-05-09,16,1,3,12,395,252,47,96,BANTEN
2020-05-10,10,0,7,3,405,259,47,99,BANTEN
2020-05-11,7,0,4,3,412,263,47,102,BANTEN
2020-05-12,13,0,5,8,425,268,47,110,BANTEN
2020-05-13,17,0,6,11,442,274,47,121,BANTEN
2020-05-14,9,2,12,-5,451,286,49,116,BANTEN
2020-05-15,22,0,14,8,473,300,49,124,BANTEN
2020-05-16,0,0,6,-6,473,306,49,118,BANTEN
2020-05-17,16,0,4,12,489,310,49,130,BANTEN
2020-05-18,27,0,13,14,516,323,49,144,BANTEN
2020-05-19,19,0,12,7,535,335,49,151,BANTEN
2020-05-20,0,0,27,-27,535,362,49,124,BANTEN
2020-05-21,43,1,6,36,578,368,50,160,BANTEN
2020-05-22,11,0,5,6,589,373,50,166,BANTEN
2020-05-23,0,0,4,-4,589,377,50,162,BANTEN
2020-05-24,15,0,3,12,604,380,50,174,BANTEN
2020-05-25,0,0,5,-5,604,385,50,169,BANTEN
2020-05-26,16,0,8,8,620,393,50,177,BANTEN
2020-05-27,8,0,9,-1,628,402,50,176,BANTEN
2020-05-28,11,3,16,-8,639,418,53,168,BANTEN
2020-05-29,9,0,12,-3,648,430,53,165,BANTEN
2020-05-30,12,0,22,-10,660,452,53,155,BANTEN
2020-05-31,2,0,0,2,662,452,53,157,BANTEN
2020-06-01,4,1,8,-5,666,460,54,152,BANTEN
2020-06-02,11,0,17,-6,677,477,54,146,BANTEN
2020-06-03,54,0,20,34,731,497,54,180,BANTEN
2020-06-04,9,0,9,0,740,506,54,180,BANTEN
2020-06-05,23,1,23,-1,763,529,55,179,BANTEN
2020-06-06,27,1,6,20,790,535,56,199,BANTEN
2020-06-07,8,1,1,6,798,536,57,205,BANTEN
2020-06-08,9,0,5,4,807,541,57,209,BANTEN
2020-06-09,13,1,7,5,820,548,58,214,BANTEN
2020-06-10,27,0,40,-13,847,588,58,201,BANTEN
2020-06-11,20,0,19,1,867,607,58,202,BANTEN
2020-06-12,28,0,6,22,895,613,58,224,BANTEN
2020-06-13,63,0,2,61,958,615,58,285,BANTEN
2020-06-14,6,0,8,-2,964,623,58,283,BANTEN
2020-06-15,3,0,18,-15,967,641,58,268,BANTEN
2020-06-16,23,0,7,16,990,648,58,284,BANTEN
2020-06-17,25,0,21,4,1015,669,58,288,BANTEN
2020-06-18,14,0,13,1,1029,682,58,289,BANTEN
2020-06-19,4,0,21,-17,1033,703,58,272,BANTEN
2020-06-20,14,0,10,4,1047,713,58,276,BANTEN
2020-06-21,5,0,4,1,1052,717,58,277,BANTEN
2020-06-22,8,1,16,-9,1060,733,59,268,BANTEN
2020-06-23,11,0,13,-2,1071,746,59,266,BANTEN
2020-06-24,14,0,31,-17,1085,777,59,249,BANTEN
2020-06-25,15,0,4,11,1100,781,59,260,BANTEN
2020-06-26,10,0,5,5,1110,786,59,265,BANTEN
2020-06-27,17,0,1,16,1127,787,59,281,BANTEN
2020-06-28,3,0,8,-5,1130,795,59,276,BANTEN
2020-06-29,3,0,5,-2,1133,800,59,274,BANTEN
2020-06-30,6,0,4,2,1139,804,59,276,BANTEN
2020-07-01,10,0,9,1,1149,813,59,277,BANTEN
2020-07-02,7,0,7,0,1156,820,59,277,BANTEN
2020-07-03,19,0,18,1,1175,838,59,278,BANTEN
2020-07-04,8,1,11,-4,1183,849,60,274,BANTEN
2020-07-05,7,1,4,2,1190,853,61,276,BANTEN
2020-07-06,10,1,4,5,1200,857,62,281,BANTEN
2020-07-07,6,0,8,-2,1206,865,62,279,BANTEN
2020-07-08,13,0,12,1,1219,877,62,280,BANTEN
2020-07-09,11,1,21,-11,1230,898,63,269,BANTEN
2020-07-10,7,0,20,-13,1237,918,63,256,BANTEN
2020-07-11,4,1,13,-10,1241,931,64,246,BANTEN
2020-07-12,12,0,6,6,1253,937,64,252,BANTEN
2020-07-13,8,3,3,2,1261,940,67,254,BANTEN
2020-07-14,7,0,6,1,1268,946,67,255,BANTEN
2020-07-15,3,0,3,0,1271,949,67,255,BANTEN
2020-07-16,15,0,12,3,1286,961,67,258,BANTEN
2020-07-17,8,0,3,5,1294,964,67,263,BANTEN
2020-07-18,7,0,8,-1,1301,972,67,262,BANTEN
2020-07-19,10,2,1,7,1311,973,69,269,BANTEN
2020-07-20,6,0,20,-14,1317,993,69,255,BANTEN
2020-07-21,7,0,14,-7,1324,1007,69,248,BANTEN
2020-07-22,2,0,12,-10,1326,1019,69,238,BANTEN
2020-07-23,7,0,3,4,1333,1022,69,242,BANTEN
2020-07-24,10,0,9,1,1343,1031,69,243,BANTEN
2020-07-25,4,1,9,-6,1347,1040,70,237,BANTEN
2020-07-26,9,0,1,8,1356,1041,70,245,BANTEN
2020-07-27,5,0,19,-14,1361,1060,70,231,BANTEN
2020-07-28,8,0,12,-4,1369,1072,70,227,BANTEN
2020-07-29,10,0,20,-10,1379,1092,70,217,BANTEN
2020-07-30,22,1,12,9,1401,1104,71,226,BANTEN
2020-07-31,27,1,7,19,1428,1111,72,245,BANTEN
2020-08-01,17,0,32,-15,1445,1143,72,230,BANTEN
2020-08-02,8,1,7,0,1453,1150,73,230,BANTEN
2020-08-03,17,0,15,2,1470,1165,73,232,BANTEN
2020-08-04,27,0,11,16,1497,1176,73,248,BANTEN
2020-08-05,19,0,9,10,1516,1185,73,258,BANTEN
2020-08-06,29,2,12,15,1545,1197,75,273,BANTEN
2020-08-07,25,0,13,12,1570,1210,75,285,BANTEN
2020-08-08,17,0,19,-2,1587,1229,75,283,BANTEN
2020-08-09,16,0,7,9,1603,1236,75,292,BANTEN
2020-08-10,19,1,30,-12,1622,1266,76,280,BANTEN
2020-08-11,13,1,15,-3,1635,1281,77,277,BANTEN
2020-08-12,40,1,15,24,1675,1296,78,301,BANTEN
2020-08-13,34,2,14,18,1709,1310,80,319,BANTEN
2020-08-14,16,2,7,7,1725,1317,82,326,BANTEN
2020-08-15,26,1,28,-3,1751,1345,83,323,BANTEN
2020-08-16,39,0,16,23,1790,1361,83,346,BANTEN
2020-08-17,13,0,5,8,1803,1366,83,354,BANTEN
2020-08-18,51,0,24,27,1854,1390,83,381,BANTEN
2020-08-19,43,1,10,32,1897,1400,84,413,BANTEN
2020-08-20,17,2,26,-11,1914,1426,86,402,BANTEN
2020-08-21,29,1,33,-5,1943,1459,87,397,BANTEN
2020-08-22,35,2,18,15,1978,1477,89,412,BANTEN
2020-08-23,23,1,41,-19,2001,1518,90,393,BANTEN
2020-08-24,48,3,22,23,2049,1540,93,416,BANTEN
2020-08-25,24,0,47,-23,2073,1587,93,393,BANTEN
2020-08-26,24,0,21,3,2097,1608,93,396,BANTEN
2020-08-27,46,1,94,-49,2143,1702,94,347,BANTEN
2020-08-28,35,2,60,-27,2178,1762,96,320,BANTEN
2020-08-29,50,2,16,32,2228,1778,98,352,BANTEN
2020-08-30,37,0,18,19,2265,1796,98,371,BANTEN
2020-08-31,30,2,35,-7,2295,1831,100,364,BANTEN
2020-09-01,24,1,50,-27,2319,1881,101,337,BANTEN
2020-09-02,55,0,26,29,2374,1907,101,366,BANTEN
2020-09-03,27,2,82,-57,2401,1989,103,309,BANTEN
2020-09-04,17,0,37,-20,2418,2026,103,289,BANTEN
2020-09-05,40,1,33,6,2458,2059,104,295,BANTEN
2020-09-06,69,1,42,26,2527,2101,105,321,BANTEN
2020-09-07,60,1,41,18,2587,2142,106,339,BANTEN
2020-09-08,49,1,35,13,2636,2177,107,352,BANTEN
2020-09-09,22,4,42,-24,2658,2219,111,328,BANTEN
2020-09-10,34,3,53,-22,2692,2272,114,306,BANTEN
2020-09-11,41,2,71,-32,2733,2343,116,274,BANTEN
2020-09-12,16,2,34,-20,2749,2377,118,254,BANTEN
2020-09-13,42,0,19,23,2791,2396,118,277,BANTEN
2020-09-14,46,1,57,-12,2837,2453,119,265,BANTEN
2020-09-15,52,1,41,10,2889,2494,120,275,BANTEN
2020-09-16,109,2,56,51,2998,2550,122,326,BANTEN
2020-09-17,89,3,27,59,3087,2577,125,385,BANTEN
2020-09-18,112,0,53,59,3199,2630,125,444,BANTEN
2020-09-19,95,0,57,38,3294,2687,125,482,BANTEN
2020-09-20,141,0,118,23,3435,2805,125,505,BANTEN
2020-09-21,98,2,218,-122,3533,3023,127,383,BANTEN
2020-09-22,113,3,43,67,3646,3066,130,450,BANTEN
2020-09-23,162,0,108,54,3808,3174,130,504,BANTEN
2020-09-24,92,2,41,49,3900,3215,132,553,BANTEN
2020-09-25,80,2,143,-65,3980,3358,134,488,BANTEN
2020-09-26,106,0,151,-45,4086,3509,134,443,BANTEN
2020-09-27,87,1,57,29,4173,3566,135,472,BANTEN
2020-09-28,108,1,99,8,4281,3665,136,480,BANTEN
2020-09-29,66,7,218,-159,4347,3883,143,321,BANTEN
2020-09-30,114,1,102,11,4461,3985,144,332,BANTEN
2020-10-01,79,5,99,-25,4540,4084,149,307,BANTEN
2020-10-02,56,0,156,-100,4596,4240,149,207,BANTEN
2020-10-03,103,3,80,20,4699,4320,152,227,BANTEN
2020-10-04,140,2,79,59,4839,4399,154,286,BANTEN
2020-10-05,111,1,144,-34,4950,4543,155,252,BANTEN
2020-10-06,79,3,105,-29,5029,4648,158,223,BANTEN
2020-10-07,67,3,46,18,5096,4694,161,241,BANTEN
2020-10-08,99,1,80,18,5195,4774,162,259,BANTEN
2020-10-09,109,1,73,35,5304,4847,163,294,BANTEN
2020-10-10,140,4,93,43,5444,4940,167,337,BANTEN
2020-10-11,90,1,63,26,5534,5003,168,363,BANTEN
2020-10-12,70,3,104,-37,5604,5107,171,326,BANTEN
2020-10-13,68,2,64,2,5672,5171,173,328,BANTEN
2020-10-14,72,2,60,10,5744,5231,175,338,BANTEN
2020-10-15,79,2,76,1,5823,5307,177,339,BANTEN
2020-10-16,85,1,60,24,5908,5367,178,363,BANTEN
2020-10-17,98,1,51,46,6006,5418,179,409,BANTEN
2020-10-18,99,3,52,44,6105,5470,182,453,BANTEN
2020-10-19,92,4,96,-8,6197,5566,186,445,BANTEN
2020-10-20,69,1,130,-62,6266,5696,187,383,BANTEN
2020-10-21,140,4,47,89,6406,5743,191,472,BANTEN
2020-10-22,154,1,97,56,6560,5840,192,528,BANTEN
2020-10-23,113,2,61,50,6673,5901,194,578,BANTEN
2020-10-24,78,1,94,-17,6751,5995,195,561,BANTEN
2020-10-25,178,4,87,87,6929,6082,199,648,BANTEN
2020-10-26,100,0,67,33,7029,6149,199,681,BANTEN
2020-10-27,103,4,79,20,7132,6228,203,701,BANTEN
2020-10-28,142,4,73,65,7274,6301,207,766,BANTEN
2020-10-29,73,4,112,-43,7347,6413,211,723,BANTEN
2020-10-30,83,3,93,-13,7430,6506,214,710,BANTEN
2020-10-31,71,1,55,15,7501,6561,215,725,BANTEN
2020-11-01,75,2,47,26,7576,6608,217,751,BANTEN
2020-11-02,61,1,53,7,7637,6661,218,758,BANTEN
2020-11-03,54,2,83,-31,7691,6744,220,727,BANTEN
2020-11-04,74,2,51,21,7765,6795,222,748,BANTEN
2020-11-05,43,0,66,-23,7808,6861,222,725,BANTEN
2020-11-06,89,2,70,17,7897,6931,224,742,BANTEN
2020-11-07,106,7,71,28,8003,7002,231,770,BANTEN
2020-11-08,40,2,30,8,8043,7032,233,778,BANTEN
2020-11-09,92,1,58,33,8135,7090,234,811,BANTEN
2020-11-10,40,2,70,-32,8175,7160,236,779,BANTEN
2020-11-11,103,3,48,52,8278,7208,239,831,BANTEN
2020-11-12,85,3,57,25,8363,7265,242,856,BANTEN
2020-11-13,83,1,32,50,8446,7297,243,906,BANTEN
2020-11-14,140,2,58,80,8586,7355,245,986,BANTEN
2020-11-15,118,3,59,56,8704,7414,248,1042,BANTEN
2020-11-16,0,2,73,-75,8704,7487,250,967,BANTEN
2020-11-17,0,4,81,-85,8704,7568,254,882,BANTEN
2020-11-18,45,1,78,-34,8749,7646,255,848,BANTEN
2020-11-19,121,3,128,-10,8870,7774,258,838,BANTEN
2020-11-20,105,2,80,23,8975,7854,260,861,BANTEN
2020-11-21,143,8,105,30,9118,7959,268,891,BANTEN
2020-11-22,107,1,67,39,9225,8026,269,930,BANTEN
2020-11-23,138,1,105,32,9363,8131,270,962,BANTEN
2020-11-24,117,4,80,33,9480,8211,274,995,BANTEN
2020-11-25,98,5,73,20,9578,8284,279,1015,BANTEN
2020-11-26,113,4,87,22,9691,8371,283,1037,BANTEN
2020-11-27,147,3,86,58,9838,8457,286,1095,BANTEN
2020-11-28,173,2,71,100,10011,8528,288,1195,BANTEN
2020-11-29,125,4,122,-1,10136,8650,292,1194,BANTEN
2020-11-30,212,3,93,116,10348,8743,295,1310,BANTEN
2020-12-01,125,0,99,26,10473,8842,295,1336,BANTEN
2020-12-02,97,3,84,10,10570,8926,298,1346,BANTEN
2020-12-03,105,1,102,2,10675,9028,299,1348,BANTEN
2020-12-04,114,5,77,32,10789,9105,304,1380,BANTEN
2020-12-05,113,5,113,-5,10902,9218,309,1375,BANTEN
2020-12-06,107,2,123,-18,11009,9341,311,1357,BANTEN
2020-12-07,104,4,132,-32,11113,9473,315,1325,BANTEN
2020-12-08,77,4,122,-49,11190,9595,319,1276,BANTEN
2020-12-09,135,2,129,4,11325,9724,321,1280,BANTEN
2020-12-10,134,4,142,-12,11459,9866,325,1268,BANTEN
2020-12-11,158,2,100,56,11617,9966,327,1324,BANTEN
2020-12-12,162,3,125,34,11779,10091,330,1358,BANTEN
2020-12-13,104,3,86,15,11883,10177,333,1373,BANTEN
2020-12-14,120,2,116,2,12003,10293,335,1375,BANTEN
2020-12-15,135,6,119,10,12138,10412,341,1385,BANTEN
2020-12-16,140,4,108,28,12278,10520,345,1413,BANTEN
2020-12-17,131,4,115,12,12409,10635,349,1425,BANTEN
2020-12-18,117,7,103,7,12526,10738,356,1432,BANTEN
2020-12-19,140,7,137,-4,12666,10875,363,1428,BANTEN
2020-12-20,147,2,126,19,12813,11001,365,1447,BANTEN
2020-12-21,158,4,115,39,12971,11116,369,1486,BANTEN
2020-12-22,192,3,119,70,13163,11235,372,1556,BANTEN
2020-12-23,158,6,105,47,13321,11340,378,1603,BANTEN
2020-12-24,117,3,125,-11,13438,11465,381,1592,BANTEN
2020-12-25,126,4,161,-39,13564,11626,385,1553,BANTEN
2020-12-26,199,5,132,62,13763,11758,390,1615,BANTEN
2020-12-27,108,4,127,-23,13871,11885,394,1592,BANTEN
2020-12-28,93,2,166,-75,13964,12051,396,1517,BANTEN
2020-12-29,93,5,104,-16,14057,12155,401,1501,BANTEN
2020-12-30,139,5,127,7,14196,12282,406,1508,BANTEN
2020-12-31,219,2,127,90,14415,12409,408,1598,BANTEN
2021-01-01,233,9,145,79,14648,12554,417,1677,BANTEN
2021-01-02,193,7,275,-89,14841,12829,424,1588,BANTEN
2021-01-03,120,1,110,9,14961,12939,425,1597,BANTEN
2021-01-04,129,4,201,-76,15090,13140,429,1521,BANTEN
2021-01-05,147,6,164,-23,15237,13304,435,1498,BANTEN
2021-01-06,132,4,98,30,15369,13402,439,1528,BANTEN
2021-01-07,297,7,167,123,15666,13569,446,1651,BANTEN
2021-01-08,193,4,161,28,15859,13730,450,1679,BANTEN
2021-01-09,209,4,134,71,16068,13864,454,1750,BANTEN
2021-01-10,217,5,173,39,16285,14037,459,1789,BANTEN
2021-01-11,142,5,146,-9,16427,14183,464,1780,BANTEN
2021-01-12,139,17,491,-369,16566,14674,481,1411,BANTEN
2021-01-13,149,7,199,-57,16715,14873,488,1354,BANTEN
2021-01-14,197,4,166,27,16912,15039,492,1381,BANTEN
2021-01-15,232,8,209,15,17144,15248,500,1396,BANTEN
2021-01-16,206,3,138,65,17350,15386,503,1461,BANTEN
2021-01-17,218,7,183,28,17568,15569,510,1489,BANTEN
2021-01-18,204,2,334,-132,17772,15903,512,1357,BANTEN
2021-01-19,144,0,232,-88,17916,16135,512,1269,BANTEN
2021-01-20,233,4,185,44,18149,16320,516,1313,BANTEN
2021-01-21,188,2,127,59,18337,16447,518,1372,BANTEN
2021-01-22,266,3,187,76,18603,16634,521,1448,BANTEN
2021-01-23,296,7,164,125,18899,16798,528,1573,BANTEN
2021-01-24,325,3,149,173,19224,16947,531,1746,BANTEN
2021-01-25,225,3,129,93,19449,17076,534,1839,BANTEN
2021-01-26,416,7,250,159,19865,17326,541,1998,BANTEN
2021-01-27,241,3,118,120,20106,17444,544,2118,BANTEN
2021-01-28,34,6,490,-462,20140,17934,550,1656,BANTEN
2021-01-29,262,3,224,35,20402,18158,553,1691,BANTEN
2021-01-30,234,1,117,116,20636,18275,554,1807,BANTEN
2021-01-31,221,3,172,46,20857,18447,557,1853,BANTEN
2021-02-01,25,4,128,-107,20882,18575,561,1746,BANTEN
2021-02-02,28,14,437,-423,20910,19012,575,1323,BANTEN
2021-02-03,103,3,228,-128,21013,19240,578,1195,BANTEN
2021-02-04,17,2,164,-149,21030,19404,580,1046,BANTEN
2021-02-05,54,6,132,-84,21084,19536,586,962,BANTEN
2021-02-06,39,3,193,-157,21123,19729,589,805,BANTEN
2021-02-07,74,2,127,-55,21197,19856,591,750,BANTEN
2021-02-08,37,12,471,-446,21234,20327,603,304,BANTEN
2021-02-09,54,1,224,-171,21288,20551,604,133,BANTEN
2021-02-10,22,3,154,-135,21310,20705,607,-2,BANTEN
2021-02-11,27,4,144,-121,21337,20849,611,-123,BANTEN
2021-02-12,122,0,101,21,21459,20950,611,-102,BANTEN
2021-02-13,95,7,313,-225,21554,21263,618,-327,BANTEN
2021-02-14,59,6,145,-92,21613,21408,624,-419,BANTEN
2021-02-15,146,4,209,-67,21759,21617,628,-486,BANTEN
2021-02-16,283,8,196,79,22042,21813,636,-407,BANTEN
2021-02-17,262,2,179,81,22304,21992,638,-326,BANTEN
2021-02-18,68,7,243,-182,22372,22235,645,-508,BANTEN
2021-02-19,63,2,259,-198,22435,22494,647,-706,BANTEN
2021-02-20,59,7,95,-43,22494,22589,654,-749,BANTEN
2021-02-21,185,2,81,102,22679,22670,656,-647,BANTEN
2021-02-22,91,3,199,-111,22770,22869,659,-758,BANTEN
2021-02-23,193,5,252,-64,22963,23121,664,-822,BANTEN
2021-02-24,30,6,146,-122,22993,23267,670,-944,BANTEN
2021-02-25,208,3,175,30,23201,23442,673,-914,BANTEN
2021-02-26,178,3,229,-54,23379,23671,676,-968,BANTEN
2021-02-27,30,5,141,-116,23409,23812,681,-1084,BANTEN
2021-02-28,38,2,176,-140,23447,23988,683,-1224,BANTEN
2021-03-01,18,1,153,-136,23465,24141,684,-1360,BANTEN
2021-03-02,75,2,151,-78,23540,24292,686,-1438,BANTEN
2021-03-03,59,5,187,-133,23599,24479,691,-1571,BANTEN
2021-03-04,10,5,207,-202,23609,24686,696,-1773,BANTEN
2021-03-05,416,5,141,270,24025,24827,701,-1503,BANTEN
2021-03-06,10,2,78,-70,24035,24905,703,-1573,BANTEN
2021-03-07,12,3,114,-105,24047,25019,706,-1678,BANTEN
2021-03-08,463,4,150,309,24510,25169,710,-1369,BANTEN
2021-03-09,78,1,213,-136,24588,25382,711,-1505,BANTEN
2021-03-10,107,1,135,-29,24695,25517,712,-1534,BANTEN
2021-03-11,37,1,146,-110,24732,25663,713,-1644,BANTEN
2021-03-12,377,6,70,301,25109,25733,719,-1343,BANTEN
2021-03-13,199,0,72,127,25308,25805,719,-1216,BANTEN
2021-03-14,252,1,55,196,25560,25860,720,-1020,BANTEN
2021-03-15,225,2,102,121,25785,25962,722,-899,BANTEN
2021-03-16,197,0,115,82,25982,26077,722,-817,BANTEN
2021-03-17,698,2,200,496,26680,26277,724,-321,BANTEN
2021-03-18,229,3,66,160,26909,26343,727,-161,BANTEN
2021-03-19,254,4,74,176,27163,26417,731,15,BANTEN
2021-03-20,188,2,57,129,27351,26474,733,144,BANTEN
2021-03-21,167,0,34,133,27518,26508,733,277,BANTEN
2021-03-22,351,0,39,312,27869,26547,733,589,BANTEN
2021-03-23,245,2,56,187,28114,26603,735,776,BANTEN
2021-03-24,208,0,141,67,28322,26744,735,843,BANTEN
2021-03-25,81,0,34,47,28403,26778,735,890,BANTEN
2021-03-26,149,1,39,109,28552,26817,736,999,BANTEN
2021-03-27,180,0,56,124,28732,26873,736,1123,BANTEN
2021-03-28,66,0,25,41,28798,26898,736,1164,BANTEN
2021-03-29,259,1,70,188,29057,26968,737,1352,BANTEN
2021-03-30,269,1,70,198,29326,27038,738,1550,BANTEN
2021-03-31,761,3,566,192,30087,27604,741,1742,BANTEN
2021-04-01,723,8,605,110,30810,28209,749,1852,BANTEN
2021-04-02,675,6,295,374,31485,28504,755,2226,BANTEN
2021-04-03,712,8,122,582,32197,28626,763,2808,BANTEN
2021-04-04,2806,140,4452,-1786,35003,33078,903,1022,BANTEN
2021-04-05,213,0,64,149,35216,33142,903,1171,BANTEN
2021-04-06,155,0,9,146,35371,33151,903,1317,BANTEN
2021-04-07,134,1,96,37,35505,33247,904,1354,BANTEN
2021-04-08,100,1,29,70,35605,33276,905,1424,BANTEN
2021-04-09,110,2,47,61,35715,33323,907,1485,BANTEN
2021-04-10,72,2,19,51,35787,33342,909,1536,BANTEN
2021-04-11,82,0,54,28,35869,33396,909,1564,BANTEN
2021-04-12,249,0,164,85,36118,33560,909,1649,BANTEN
2021-04-13,161,1,125,35,36279,33685,910,1684,BANTEN
2021-04-14,70,1,82,-13,36349,33767,911,1671,BANTEN
2021-04-15,61,1,83,-23,36410,33850,912,1648,BANTEN
2021-04-16,125,2,43,80,36535,33893,914,1728,BANTEN
2021-04-17,79,8,64,7,36614,33957,922,1735,BANTEN
2021-04-18,40,0,198,-158,36654,34155,922,1577,BANTEN
2021-04-19,65,1,32,32,36719,34187,923,1609,BANTEN
2021-04-20,87,1,30,56,36806,34217,924,1665,BANTEN
2021-04-21,60,2,126,-68,36866,34343,926,1597,BANTEN
2021-04-22,84,0,80,4,36950,34423,926,1601,BANTEN
2021-04-23,138,2,72,64,37088,34495,928,1665,BANTEN
2021-04-24,47,0,101,-54,37135,34596,928,1611,BANTEN
2021-04-25,63,1,98,-36,37198,34694,929,1575,BANTEN
2021-04-26,171,1,145,25,37369,34839,930,1600,BANTEN
2021-04-27,183,0,153,30,37552,34992,930,1630,BANTEN
2021-04-28,50,0,43,7,37602,35035,930,1637,BANTEN
2021-04-29,93,0,110,-17,37695,35145,930,1620,BANTEN
2021-04-30,58,9,26,23,37753,35171,939,1643,BANTEN
2021-05-01,42,0,21,21,37795,35192,939,1664,BANTEN
2021-05-02,45,1,52,-8,37840,35244,940,1656,BANTEN
2021-05-03,95,0,32,63,37935,35276,940,1719,BANTEN
2021-05-04,87,2,136,-51,38022,35412,942,1668,BANTEN
2021-05-05,65,2,145,-82,38087,35557,944,1586,BANTEN
2021-05-06,51,1,34,16,38138,35591,945,1602,BANTEN
2021-05-07,54,0,39,15,38192,35630,945,1617,BANTEN
2021-05-08,62,3,24,35,38254,35654,948,1652,BANTEN
2021-05-09,47,0,139,-92,38301,35793,948,1560,BANTEN
2021-05-10,75,4,58,13,38376,35851,952,1573,BANTEN
2021-05-11,67,1,40,26,38443,35891,953,1599,BANTEN
2021-05-12,43,0,18,25,38486,35909,953,1624,BANTEN
2021-05-13,29,0,1,28,38515,35910,953,1652,BANTEN
2021-05-14,32,0,13,19,38547,35923,953,1671,BANTEN
2021-05-15,18,0,76,-58,38565,35999,953,1613,BANTEN
2021-05-16,58,1,34,23,38623,36033,954,1636,BANTEN
2021-05-17,38,2,247,-211,38661,36280,956,1425,BANTEN
2021-05-18,24,1,0,23,38685,36280,957,1448,BANTEN
2021-05-19,40,1,55,-16,38725,36335,958,1432,BANTEN
2021-05-20,72,0,281,-209,38797,36616,958,1223,BANTEN
2021-05-21,48,2,65,-19,38845,36681,960,1204,BANTEN
2021-05-22,49,3,84,-38,38894,36765,963,1166,BANTEN
2021-05-23,29,2,46,-19,38923,36811,965,1147,BANTEN
2021-05-24,38,1,39,-2,38961,36850,966,1145,BANTEN
2021-05-25,81,2,7,72,39042,36857,968,1217,BANTEN
2021-05-26,36,0,15,21,39078,36872,968,1238,BANTEN
2021-05-27,118,1,35,82,39196,36907,969,1320,BANTEN
2021-05-28,43,1,45,-3,39239,36952,970,1317,BANTEN
2021-05-29,63,3,59,1,39302,37011,973,1318,BANTEN
2021-05-30,38,0,48,-10,39340,37059,973,1308,BANTEN
2021-05-31,119,0,229,-110,39459,37288,973,1198,BANTEN
2021-06-01,101,1,25,75,39560,37313,974,1273,BANTEN
2021-06-02,53,0,43,10,39613,37356,974,1283,BANTEN
2021-06-03,83,3,70,10,39696,37426,977,1293,BANTEN
2021-06-04,109,3,19,87,39805,37445,980,1380,BANTEN
2021-06-05,71,1,23,47,39876,37468,981,1427,BANTEN
2021-06-06,37,0,25,12,39913,37493,981,1439,BANTEN
2021-06-07,85,0,34,51,39998,37527,981,1490,BANTEN
2021-06-08,117,4,67,46,40115,37594,985,1536,BANTEN
2021-06-09,79,1,23,55,40194,37617,986,1591,BANTEN
2021-06-10,146,1,38,107,40340,37655,987,1698,BANTEN
2021-06-11,167,1,137,29,40507,37792,988,1727,BANTEN
2021-06-12,174,3,66,105,40681,37858,991,1832,BANTEN
2021-06-13,148,4,39,105,40829,37897,995,1937,BANTEN
2021-06-14,216,3,44,169,41045,37941,998,2106,BANTEN
2021-06-15,105,1,38,66,41150,37979,999,2172,BANTEN
2021-06-16,123,3,26,94,41273,38005,1002,2266,BANTEN
2021-06-17,134,4,26,104,41407,38031,1006,2370,BANTEN
2021-06-18,202,1,135,66,41609,38166,1007,2436,BANTEN
2021-06-19,225,6,86,133,41834,38252,1013,2569,BANTEN
2021-06-20,186,3,118,65,42020,38370,1016,2634,BANTEN
2021-06-21,260,6,63,191,42280,38433,1022,2825,BANTEN
2021-06-22,378,4,181,193,42658,38614,1026,3018,BANTEN
2021-06-23,211,6,184,21,42869,38798,1032,3039,BANTEN
2021-06-24,481,3,160,318,43350,38958,1035,3357,BANTEN
2021-06-25,250,4,23,223,43600,38981,1039,3580,BANTEN
2021-06-26,216,4,13,199,43816,38994,1043,3779,BANTEN
2021-06-27,586,11,238,337,44402,39232,1054,4116,BANTEN
2021-06-28,401,5,165,231,44803,39397,1059,4347,BANTEN
2021-06-29,413,7,166,240,45216,39563,1066,4587,BANTEN
2021-06-30,380,13,54,313,45596,39617,1079,4900,BANTEN
2021-07-01,240,2,16,222,45836,39633,1081,5122,BANTEN
2021-07-02,236,3,17,216,46072,39650,1084,5338,BANTEN
2021-07-03,582,6,18,558,46654,39668,1090,5896,BANTEN
2021-07-04,494,15,18,461,47148,39686,1105,6357,BANTEN
2021-07-05,441,2,22,417,47589,39708,1107,6774,BANTEN
2021-07-06,357,3,212,142,47946,39920,1110,6916,BANTEN
2021-07-07,495,11,139,345,48441,40059,1121,7261,BANTEN
2021-07-08,401,5,114,282,48842,40173,1126,7543,BANTEN
2021-07-09,420,4,39,377,49262,40212,1130,7920,BANTEN
2021-07-10,449,7,364,78,49711,40576,1137,7998,BANTEN
2021-07-11,539,8,252,279,50250,40828,1145,8277,BANTEN
2021-07-12,2114,7,264,1843,52364,41092,1152,10120,BANTEN
2021-07-13,3211,2,781,2428,55575,41873,1154,12548,BANTEN
2021-07-14,3102,19,295,2788,58677,42168,1173,15336,BANTEN
2021-07-15,3179,7,693,2479,61856,42861,1180,17815,BANTEN
2021-07-16,2886,17,644,2225,64742,43505,1197,20040,BANTEN
2021-07-17,2720,12,376,2332,67462,43881,1209,22372,BANTEN
2021-07-18,2482,4,253,2225,69944,44134,1213,24597,BANTEN
2021-07-19,1720,5,320,1395,71664,44454,1218,25992,BANTEN
2021-07-20,2244,10,373,1861,73908,44827,1228,27853,BANTEN
2021-07-21,1503,27,1080,396,75411,45907,1255,28249,BANTEN
2021-07-22,2652,16,621,2015,78063,46528,1271,30264,BANTEN
2021-07-23,2068,18,332,1718,80131,46860,1289,31982,BANTEN
2021-07-24,1893,12,365,1516,82024,47225,1301,33498,BANTEN
2021-07-25,1297,14,397,886,83321,47622,1315,34384,BANTEN
2021-07-26,699,8,633,58,84020,48255,1323,34442,BANTEN
2021-07-27,1303,31,728,544,85323,48983,1354,34986,BANTEN
2021-07-28,1313,29,1333,-49,86636,50316,1383,34937,BANTEN
2021-07-29,1182,23,3161,-2002,87818,53477,1406,32935,BANTEN
2021-07-30,971,49,1934,-1012,88789,55411,1455,31923,BANTEN
2021-07-31,1105,61,3192,-2148,89894,58603,1516,29775,BANTEN
2021-08-01,1073,61,6386,-5374,90967,64989,1577,24401,BANTEN
2021-08-02,872,72,2600,-1800,91839,67589,1649,22601,BANTEN
2021-08-03,1083,71,1037,-25,92922,68626,1720,22576,BANTEN
2021-08-04,782,64,1908,-1190,93704,70534,1784,21386,BANTEN
2021-08-05,771,10,607,154,94475,71141,1794,21540,BANTEN
2021-08-06,820,13,5499,-4692,95295,76640,1807,16848,BANTEN
2021-08-07,654,11,2086,-1443,95949,78726,1818,15405,BANTEN
2021-08-08,360,21,1627,-1288,96309,80353,1839,14117,BANTEN
2021-08-09,268,26,1973,-1731,96577,82326,1865,12386,BANTEN
2021-08-10,659,13,1229,-583,97236,83555,1878,11803,BANTEN
2021-08-11,522,26,976,-480,97758,84531,1904,11323,BANTEN
2021-08-12,322,19,278,25,98080,84809,1923,11348,BANTEN
2021-08-13,563,13,3046,-2496,98643,87855,1936,8852,BANTEN
2021-08-14,488,14,823,-349,99131,88678,1950,8503,BANTEN
2021-08-15,327,21,1164,-858,99458,89842,1971,7645,BANTEN
2021-08-16,171,13,1099,-941,99629,90941,1984,6704,BANTEN
2021-08-17,317,9,1073,-765,99946,92014,1993,5939,BANTEN
2021-08-18,167,12,508,-353,100113,92522,2005,5586,BANTEN
2021-08-19,310,14,339,-43,100423,92861,2019,5543,BANTEN
2021-08-20,356,3,384,-31,100779,93245,2022,5512,BANTEN
2021-08-21,305,4,120,181,101084,93365,2026,5693,BANTEN
2021-08-22,176,1,687,-512,101260,94052,2027,5181,BANTEN
2021-08-23,104,8,776,-680,101364,94828,2035,4501,BANTEN
2021-08-24,291,7,244,40,101655,95072,2042,4541,BANTEN
2021-08-25,284,8,441,-165,101939,95513,2050,4376,BANTEN
2021-08-26,172,5,707,-540,102111,96220,2055,3836,BANTEN
2021-08-27,222,5,333,-116,102333,96553,2060,3720,BANTEN
2021-08-28,172,5,392,-225,102505,96945,2065,3495,BANTEN
2021-08-29,134,2,84,48,102639,97029,2067,3543,BANTEN
2021-08-30,72,7,773,-708,102711,97802,2074,2835,BANTEN
2021-08-31,215,3,420,-208,102926,98222,2077,2627,BANTEN
2021-09-01,138,2,290,-154,103064,98512,2079,2473,BANTEN
2021-09-02,141,3,162,-24,103205,98674,2082,2449,BANTEN
2021-09-03,116,3,190,-77,103321,98864,2085,2372,BANTEN
2021-09-04,119,1,259,-141,103440,99123,2086,2231,BANTEN
2021-09-05,84,1,83,0,103524,99206,2087,2231,BANTEN
2021-09-06,84,2,188,-106,103608,99394,2089,2125,BANTEN
2021-09-07,72,1,289,-218,103680,99683,2090,1907,BANTEN
2021-09-08,85,4,249,-168,103765,99932,2094,1739,BANTEN
2021-09-09,114,2,201,-89,103879,100133,2096,1650,BANTEN
2021-09-10,66,1,178,-113,103945,100311,2097,1537,BANTEN
2021-09-11,68,1,46,21,104013,100357,2098,1558,BANTEN
2021-09-12,44,2,98,-56,104057,100455,2100,1502,BANTEN
2021-09-13,35,0,109,-74,104092,100564,2100,1428,BANTEN
2021-09-14,83,1,151,-69,104175,100715,2101,1359,BANTEN
2021-09-15,64,0,59,5,104239,100774,2101,1364,BANTEN
2021-09-16,31,5,327,-301,104270,101101,2106,1063,BANTEN
2021-09-17,38,2,36,0,104308,101137,2108,1063,BANTEN
2021-09-18,63,1,83,-21,104371,101220,2109,1042,BANTEN
2021-09-19,54,0,145,-91,104425,101365,2109,951,BANTEN
2021-09-20,25,2,58,-35,104450,101423,2111,916,BANTEN
2021-09-21,69,3,266,-200,104519,101689,2114,716,BANTEN
2021-09-22,65,0,58,7,104584,101747,2114,723,BANTEN
2021-09-23,58,2,72,-16,104642,101819,2116,707,BANTEN
2021-09-24,56,1,30,25,104698,101849,2117,732,BANTEN
2021-09-25,32,2,28,2,104730,101877,2119,734,BANTEN
2021-09-26,40,1,28,11,104770,101905,2120,745,BANTEN
2021-09-27,20,0,36,-16,104790,101941,2120,729,BANTEN
2021-09-28,32,1,36,-5,104822,101977,2121,724,BANTEN
2021-09-29,35,1,40,-6,104857,102017,2122,718,BANTEN
2021-09-30,49,1,71,-23,104906,102088,2123,695,BANTEN
2021-10-01,56,2,33,21,104962,102121,2125,716,BANTEN
2021-10-02,43,1,44,-2,105005,102165,2126,714,BANTEN
2021-10-03,38,0,16,22,105043,102181,2126,736,BANTEN
2021-10-04,16,1,22,-7,105059,102203,2127,729,BANTEN
2021-10-05,34,0,97,-63,105093,102300,2127,666,BANTEN
2021-10-06,30,1,25,4,105123,102325,2128,670,BANTEN
2021-10-07,34,0,19,15,105157,102344,2128,685,BANTEN
2021-10-08,27,0,107,-80,105184,102451,2128,605,BANTEN
2021-10-09,26,0,41,-15,105210,102492,2128,590,BANTEN
2021-10-10,9,0,32,-23,105219,102524,2128,567,BANTEN
2021-10-11,15,0,20,-5,105234,102544,2128,562,BANTEN
2021-10-12,21,0,23,-2,105255,102567,2128,560,BANTEN
2021-10-13,26,2,11,13,105281,102578,2130,573,BANTEN
2021-10-14,24,0,15,9,105305,102593,2130,582,BANTEN
2021-10-15,23,1,15,7,105328,102608,2131,589,BANTEN
2021-10-16,20,0,109,-89,105348,102717,2131,500,BANTEN
2021-10-17,19,1,25,-7,105367,102742,2132,493,BANTEN
2021-10-18,13,0,13,0,105380,102755,2132,493,BANTEN
2021-10-19,20,1,15,4,105400,102770,2133,497,BANTEN
2021-10-20,19,1,105,-87,105419,102875,2134,410,BANTEN
2021-10-21,16,0,55,-39,105435,102930,2134,371,BANTEN
2021-10-22,15,1,20,-6,105450,102950,2135,365,BANTEN
2021-10-23,19,0,12,7,105469,102962,2135,372,BANTEN
2021-10-24,15,0,123,-108,105484,103085,2135,264,BANTEN
2021-10-25,9,0,11,-2,105493,103096,2135,262,BANTEN
2021-10-26,13,1,39,-27,105506,103135,2136,235,BANTEN
2021-10-27,26,0,11,15,105532,103146,2136,250,BANTEN
2021-10-28,14,0,7,7,105546,103153,2136,257,BANTEN
2021-10-29,21,0,16,5,105567,103169,2136,262,BANTEN
2021-10-30,17,0,19,-2,105584,103188,2136,260,BANTEN
2021-10-31,21,1,13,7,105605,103201,2137,267,BANTEN
2021-11-01,8,0,8,0,105613,103209,2137,267,BANTEN
2021-11-02,18,0,35,-17,105631,103244,2137,250,BANTEN
2021-11-03,19,0,10,9,105650,103254,2137,259,BANTEN
2021-11-04,18,0,12,6,105668,103266,2137,265,BANTEN
2021-11-05,14,0,25,-11,105682,103291,2137,254,BANTEN
2021-11-06,17,0,11,6,105699,103302,2137,260,BANTEN
2021-11-07,6,0,8,-2,105705,103310,2137,258,BANTEN
2021-11-08,17,0,3,14,105722,103313,2137,272,BANTEN
2021-11-09,14,0,8,6,105736,103321,2137,278,BANTEN
2021-11-10,7,0,8,-1,105743,103329,2137,277,BANTEN
2021-11-11,16,0,43,-27,105759,103372,2137,250,BANTEN
2021-11-12,14,0,10,4,105773,103382,2137,254,BANTEN
2021-11-13,4,0,3,1,105777,103385,2137,255,BANTEN
2021-11-14,4,0,10,-6,105781,103395,2137,249,BANTEN
2021-11-15,6,0,8,-2,105787,103403,2137,247,BANTEN
2021-11-16,5,0,10,-5,105792,103413,2137,242,BANTEN
2021-11-17,8,0,1,7,105800,103414,2137,249,BANTEN
2021-11-18,2,0,14,-12,105802,103428,2137,237,BANTEN
2021-11-19,3,0,13,-10,105805,103441,2137,227,BANTEN
2021-11-20,5,0,17,-12,105810,103458,2137,215,BANTEN
2021-11-21,7,0,6,1,105817,103464,2137,216,BANTEN
2021-11-22,2,0,4,-2,105819,103468,2137,214,BANTEN
2021-11-23,7,1,4,2,105826,103472,2138,216,BANTEN
2021-11-24,8,0,6,2,105834,103478,2138,218,BANTEN
2021-11-25,7,0,4,3,105841,103482,2138,221,BANTEN
2021-11-26,11,1,81,-71,105852,103563,2139,150,BANTEN
2021-11-27,4,0,1,3,105856,103564,2139,153,BANTEN
2021-11-28,4,0,1,3,105860,103565,2139,156,BANTEN
2021-11-29,4,0,3,1,105864,103568,2139,157,BANTEN
2021-11-30,4,0,9,-5,105868,103577,2139,152,BANTEN
2021-12-01,1,1,1,-1,105869,103578,2140,151,BANTEN
2021-12-02,14,0,18,-4,105883,103596,2140,147,BANTEN
2021-12-03,5,0,1,4,105888,103597,2140,151,BANTEN
2021-12-04,5,0,10,-5,105893,103607,2140,146,BANTEN
2021-12-05,7,0,3,4,105900,103610,2140,150,BANTEN
2021-12-06,2,0,0,2,105902,103610,2140,152,BANTEN
2021-12-07,5,0,7,-2,105907,103617,2140,150,BANTEN
2021-12-08,0,0,13,-13,105907,103630,2140,137,BANTEN
2021-12-09,4,0,6,-2,105911,103636,2140,135,BANTEN
2021-12-10,2,1,3,-2,105913,103639,2141,133,BANTEN
2021-12-11,5,0,3,2,105918,103642,2141,135,BANTEN
2021-12-12,3,0,3,0,105921,103645,2141,135,BANTEN
2021-12-13,3,0,7,-4,105924,103652,2141,131,BANTEN
2021-12-14,5,0,5,0,105929,103657,2141,131,BANTEN
2021-12-15,2,0,2,0,105931,103659,2141,131,BANTEN
2021-12-16,0,0,5,-5,105931,103664,2141,126,BANTEN
2021-12-17,1,0,6,-5,105932,103670,2141,121,BANTEN
2021-12-18,2,0,29,-27,105934,103699,2141,94,BANTEN
2021-12-19,1,0,3,-2,105935,103702,2141,92,BANTEN
2021-12-20,0,0,5,-5,105935,103707,2141,87,BANTEN
2021-12-21,6,0,2,4,105941,103709,2141,91,BANTEN
2021-12-22,9,0,2,7,105950,103711,2141,98,BANTEN
2021-12-23,1,0,3,-2,105951,103714,2141,96,BANTEN
2021-12-24,3,0,4,-1,105954,103718,2141,95,BANTEN
2021-12-25,3,1,3,-1,105957,103721,2142,94,BANTEN
2021-12-26,2,0,5,-3,105959,103726,2142,91,BANTEN
2021-12-27,3,0,7,-4,105962,103733,2142,87,BANTEN
2021-12-28,6,0,5,1,105968,103738,2142,88,BANTEN
2021-12-29,5,0,2,3,105973,103740,2142,91,BANTEN
2021-12-30,4,0,2,2,105977,103742,2142,93,BANTEN
2021-12-31,4,0,2,2,105981,103744,2142,95,BANTEN
2022-01-01,8,0,3,5,105989,103747,2142,100,BANTEN
2022-01-02,6,0,3,3,105995,103750,2142,103,BANTEN
2022-01-03,6,1,1,4,106001,103751,2143,107,BANTEN
2022-01-04,9,0,1,8,106010,103752,2143,115,BANTEN
2022-01-05,7,0,5,2,106017,103757,2143,117,BANTEN
2022-01-06,18,0,1,17,106035,103758,2143,134,BANTEN
2022-01-07,24,0,3,21,106059,103761,2143,155,BANTEN
2022-01-08,30,0,6,24,106089,103767,2143,179,BANTEN
2022-01-09,14,0,6,8,106103,103773,2143,187,BANTEN
2022-01-10,12,0,4,8,106115,103777,2143,195,BANTEN
2022-01-11,39,0,10,29,106154,103787,2143,224,BANTEN
2022-01-12,48,0,2,46,106202,103789,2143,270,BANTEN
2022-01-13,41,0,12,29,106243,103801,2143,299,BANTEN
2022-01-14,71,2,5,64,106314,103806,2145,363,BANTEN
2022-01-15,92,0,11,81,106406,103817,2145,444,BANTEN
2022-01-16,64,0,7,57,106470,103824,2145,501,BANTEN
2022-01-17,68,0,11,57,106538,103835,2145,558,BANTEN
2022-01-18,163,2,14,147,106701,103849,2147,705,BANTEN
2022-01-19,171,0,17,154,106872,103866,2147,859,BANTEN
2022-01-20,211,0,27,184,107083,103893,2147,1043,BANTEN
2022-01-21,265,0,22,243,107348,103915,2147,1286,BANTEN
2022-01-22,351,0,30,321,107699,103945,2147,1607,BANTEN
2022-01-23,372,0,16,356,108071,103961,2147,1963,BANTEN
2022-01-24,258,1,42,215,108329,104003,2148,2178,BANTEN
2022-01-25,684,0,31,653,109013,104034,2148,2831,BANTEN
2022-01-26,926,0,77,849,109939,104111,2148,3680,BANTEN
2022-01-27,1026,0,85,941,110965,104196,2148,4621,BANTEN
2022-01-28,1372,0,75,1297,112337,104271,2148,5918,BANTEN
2022-01-29,1503,1,70,1432,113840,104341,2149,7350,BANTEN
2022-01-30,1392,0,224,1168,115232,104565,2149,8518,BANTEN
2022-01-31,1241,0,379,862,116473,104944,2149,9380,BANTEN
2022-02-01,1965,1,204,1760,118438,105148,2150,11140,BANTEN
2022-02-02,1962,1,184,1777,120400,105332,2151,12917,BANTEN
2022-02-03,3440,2,440,2998,123840,105772,2153,15915,BANTEN
2022-02-04,3542,1,448,3093,127382,106220,2154,19008,BANTEN
2022-02-05,3965,1,335,3629,131347,106555,2155,22637,BANTEN
2022-02-06,3713,2,537,3174,135060,107092,2157,25811,BANTEN
2022-02-07,2552,4,1030,1518,137612,108122,2161,27329,BANTEN
2022-02-08,4125,3,1177,2945,141737,109299,2164,30274,BANTEN
2022-02-09,4845,5,1034,3806,146582,110333,2169,34080,BANTEN
2022-02-10,4076,4,1166,2906,150658,111499,2173,36986,BANTEN
2022-02-11,4119,2,1551,2566,154777,113050,2175,39552,BANTEN
2022-02-12,5798,5,1046,4747,160575,114096,2180,44299,BANTEN
2022-02-13,4494,7,2220,2267,165069,116316,2187,46566,BANTEN
2022-02-14,3213,4,2940,269,168282,119256,2191,46835,BANTEN
2022-02-15,5283,2,2645,2636,173565,121901,2193,49471,BANTEN
2022-02-16,5411,6,3036,2369,178976,124937,2199,51840,BANTEN
2022-02-17,5225,4,3452,1769,184201,128389,2203,53609,BANTEN
2022-02-18,4287,3,3119,1165,188488,131508,2206,54774,BANTEN
2022-02-19,3737,4,3233,500,192225,134741,2210,55274,BANTEN
2022-02-20,2886,7,2302,577,195111,137043,2217,55851,BANTEN
2022-02-21,2099,1,3439,-1341,197210,140482,2218,54510,BANTEN
2022-02-22,3214,9,4526,-1321,200424,145008,2227,53189,BANTEN
2022-02-23,3140,5,3761,-626,203564,148769,2232,52563,BANTEN
2022-02-24,2663,6,3662,-1005,206227,152431,2238,51558,BANTEN
2022-02-25,2153,5,18163,-16015,208380,170594,2243,35543,BANTEN
2022-02-26,1915,8,3702,-1795,210295,174296,2251,33748,BANTEN
2022-02-27,1518,5,3433,-1920,211813,177729,2256,31828,BANTEN
2022-02-28,824,4,3795,-2975,212637,181524,2260,28853,BANTEN
2022-03-01,853,4,3010,-2161,213490,184534,2264,26692,BANTEN
2022-03-02,1424,7,2511,-1094,214914,187045,2271,25598,BANTEN
2022-03-03,1402,4,2412,-1014,216316,189457,2275,24584,BANTEN
2022-03-04,812,3,2414,-1605,217128,191871,2278,22979,BANTEN
2022-03-05,1195,2,2571,-1378,218323,194442,2280,21601,BANTEN
2022-03-06,980,3,1690,-713,219303,196132,2283,20888,BANTEN
2022-03-07,705,2,1053,-350,220008,197185,2285,20538,BANTEN
2022-03-08,1154,6,1781,-633,221162,198966,2291,19905,BANTEN
2022-03-09,882,1,1156,-275,222044,200122,2292,19630,BANTEN
2022-03-10,762,5,631,126,222806,200753,2297,19756,BANTEN
2022-03-11,704,5,1691,-992,223510,202444,2302,18764,BANTEN
2022-03-12,611,1,895,-285,224121,203339,2303,18479,BANTEN
2022-03-13,599,2,797,-200,224720,204136,2305,18279,BANTEN
2022-03-14,385,0,4945,-4560,225105,209081,2305,13719,BANTEN
2022-03-15,550,1,760,-211,225655,209841,2306,13508,BANTEN
2022-03-16,527,2,2212,-1687,226182,212053,2308,11821,BANTEN
2022-03-17,528,2,506,20,226710,212559,2310,11841,BANTEN
2022-03-18,422,1,287,134,227132,212846,2311,11975,BANTEN
2022-03-19,367,1,534,-168,227499,213380,2312,11807,BANTEN
2022-03-20,365,0,563,-198,227864,213943,2312,11609,BANTEN
2022-03-21,284,0,670,-386,228148,214613,2312,11223,BANTEN
2022-03-22,392,1,6946,-6555,228540,221559,2313,4668,BANTEN
2022-03-23,356,4,564,-212,228896,222123,2317,4456,BANTEN
2022-03-24,358,3,265,90,229254,222388,2320,4546,BANTEN
2022-03-25,278,0,242,36,229532,222630,2320,4582,BANTEN
2022-03-26,281,2,736,-457,229813,223366,2322,4125,BANTEN
2022-03-27,203,0,280,-77,230016,223646,2322,4048,BANTEN
2022-03-28,276,0,187,89,230292,223833,2322,4137,BANTEN
2022-03-29,282,2,369,-89,230574,224202,2324,4048,BANTEN
2022-03-30,228,2,285,-59,230802,224487,2326,3989,BANTEN
2022-03-31,190,1,189,0,230992,224676,2327,3989,BANTEN
2022-04-01,205,0,1716,-1511,231197,226392,2327,2478,BANTEN
2022-04-02,172,0,148,24,231369,226540,2327,2502,BANTEN
2022-04-03,160,0,227,-67,231529,226767,2327,2435,BANTEN
2022-04-04,135,1,184,-50,231664,226951,2328,2385,BANTEN
2022-04-05,224,0,526,-302,231888,227477,2328,2083,BANTEN
2022-04-06,158,0,144,14,232046,227621,2328,2097,BANTEN
2022-04-07,171,0,125,46,232217,227746,2328,2143,BANTEN
2022-04-08,120,0,120,0,232337,227866,2328,2143,BANTEN
2022-04-09,124,0,503,-379,232461,228369,2328,1764,BANTEN
2022-04-10,81,0,228,-147,232542,228597,2328,1617,BANTEN
2022-04-11,78,1,114,-37,232620,228711,2329,1580,BANTEN
2022-04-12,83,0,134,-51,232703,228845,2329,1529,BANTEN
2022-04-13,94,2,165,-73,232797,229010,2331,1456,BANTEN
2022-04-14,101,0,115,-14,232898,229125,2331,1442,BANTEN
2022-04-15,51,0,120,-69,232949,229245,2331,1373,BANTEN
2022-04-16,50,0,136,-86,232999,229381,2331,1287,BANTEN
2022-04-17,41,0,631,-590,233040,230012,2331,697,BANTEN
2022-04-18,33,0,59,-26,233073,230071,2331,671,BANTEN
2022-04-19,49,0,53,-4,233122,230124,2331,667,BANTEN
2022-04-20,66,0,75,-9,233188,230199,2331,658,BANTEN
2022-04-21,44,0,34,10,233232,230233,2331,668,BANTEN
2022-04-22,40,0,40,0,233272,230273,2331,668,BANTEN
2022-04-23,39,0,43,-4,233311,230316,2331,664,BANTEN
2022-04-24,24,0,119,-95,233335,230435,2331,569,BANTEN
2022-04-25,23,1,123,-101,233358,230558,2332,468,BANTEN
2022-04-26,34,0,62,-28,233392,230620,2332,440,BANTEN
2022-04-27,33,0,21,12,233425,230641,2332,452,BANTEN
2022-04-28,31,0,47,-16,233456,230688,2332,436,BANTEN
2022-04-29,25,0,35,-10,233481,230723,2332,426,BANTEN
2022-04-30,23,0,31,-8,233504,230754,2332,418,BANTEN
2022-05-01,19,0,110,-91,233523,230864,2332,327,BANTEN
2022-05-02,14,0,21,-7,233537,230885,2332,320,BANTEN
2022-05-03,3,0,9,-6,233540,230894,2332,314,BANTEN
2022-05-04,18,0,12,6,233558,230906,2332,320,BANTEN
2022-05-05,23,0,67,-44,233581,230973,2332,276,BANTEN
2022-05-06,18,0,15,3,233599,230988,2332,279,BANTEN
2022-05-07,17,0,15,2,233616,231003,2332,281,BANTEN
2022-05-08,19,0,57,-38,233635,231060,2332,243,BANTEN
2022-05-09,22,0,17,5,233657,231077,2332,248,BANTEN
2022-05-10,39,0,11,28,233696,231088,2332,276,BANTEN
2022-05-11,24,0,5,19,233720,231093,2332,295,BANTEN
2022-05-12,31,0,2,29,233751,231095,2332,324,BANTEN
2022-05-13,32,0,0,32,233783,231095,2332,356,BANTEN
2022-05-14,18,0,86,-68,233801,231181,2332,288,BANTEN
2022-05-15,17,0,7,10,233818,231188,2332,298,BANTEN
2022-05-16,14,0,43,-29,233832,231231,2332,269,BANTEN
2022-05-17,21,0,13,8,233853,231244,2332,277,BANTEN
2022-05-18,28,0,7,21,233881,231251,2332,298,BANTEN
2022-05-19,25,1,17,7,233906,231268,2333,305,BANTEN
2022-05-20,22,0,16,6,233928,231284,2333,311,BANTEN
2022-05-21,22,0,12,10,233950,231296,2333,321,BANTEN
2022-05-22,24,0,78,-54,233974,231374,2333,267,BANTEN
2022-05-23,22,0,23,-1,233996,231397,2333,266,BANTEN
2022-05-24,21,0,8,13,234017,231405,2333,279,BANTEN
2022-05-25,21,1,11,9,234038,231416,2334,288,BANTEN
2022-05-26,16,0,32,-16,234054,231448,2334,272,BANTEN
2022-05-27,12,0,18,-6,234066,231466,2334,266,BANTEN
2022-05-28,23,0,11,12,234089,231477,2334,278,BANTEN
2022-05-29,21,0,47,-26,234110,231524,2334,252,BANTEN
2022-05-30,26,0,12,14,234136,231536,2334,266,BANTEN
2022-05-31,33,0,22,11,234169,231558,2334,277,BANTEN
2022-06-01,27,0,17,10,234196,231575,2334,287,BANTEN
2022-06-02,22,0,6,16,234218,231581,2334,303,BANTEN
2022-06-03,30,0,65,-35,234248,231646,2334,268,BANTEN
2022-06-04,38,0,13,25,234286,231659,2334,293,BANTEN
2022-06-05,31,0,4,27,234317,231663,2334,320,BANTEN
2022-06-06,38,0,45,-7,234355,231708,2334,313,BANTEN
2022-06-07,54,0,83,-29,234409,231791,2334,284,BANTEN
2022-06-08,41,0,31,10,234450,231822,2334,294,BANTEN
2022-06-09,58,0,44,14,234508,231866,2334,308,BANTEN
2022-06-10,55,0,30,25,234563,231896,2334,333,BANTEN
2022-06-11,60,0,66,-6,234623,231962,2334,327,BANTEN
2022-06-12,46,0,11,35,234669,231973,2334,362,BANTEN
2022-06-13,57,0,31,26,234726,232004,2334,388,BANTEN
2022-06-14,94,0,56,38,234820,232060,2334,426,BANTEN
2022-06-15,114,0,76,38,234934,232136,2334,464,BANTEN
2022-06-16,114,0,27,87,235048,232163,2334,551,BANTEN
2022-06-17,101,0,49,52,235149,232212,2334,603,BANTEN
2022-06-18,119,0,70,49,235268,232282,2334,652,BANTEN
2022-06-19,105,0,154,-49,235373,232436,2334,603,BANTEN
2022-06-20,134,0,18,116,235507,232454,2334,719,BANTEN
2022-06-21,164,0,100,64,235671,232554,2334,783,BANTEN
2022-06-22,167,0,27,140,235838,232581,2334,923,BANTEN
2022-06-23,177,0,177,0,236015,232758,2334,923,BANTEN
2022-06-24,180,0,47,133,236195,232805,2334,1056,BANTEN
2022-06-25,187,0,33,154,236382,232838,2334,1210,BANTEN
2022-06-26,188,0,202,-14,236570,233040,2334,1196,BANTEN
2022-06-27,116,0,263,-147,236686,233303,2334,1049,BANTEN
2022-06-28,176,0,64,112,236862,233367,2334,1161,BANTEN
2022-06-29,244,0,124,120,237106,233491,2334,1281,BANTEN
2022-06-30,193,0,53,140,237299,233544,2334,1421,BANTEN
2022-07-01,199,0,298,-99,237498,233842,2334,1322,BANTEN
2022-07-02,172,0,72,100,237670,233914,2334,1422,BANTEN
2022-07-03,141,1,59,81,237811,233973,2335,1503,BANTEN
2022-07-04,148,0,152,-4,237959,234125,2335,1499,BANTEN
2022-07-05,247,1,65,181,238206,234190,2336,1680,BANTEN
2022-07-06,233,0,605,-372,238439,234795,2336,1308,BANTEN
2022-07-07,291,0,39,252,238730,234834,2336,1560,BANTEN
2022-07-08,268,0,167,101,238998,235001,2336,1661,BANTEN
2022-07-09,260,0,268,-8,239258,235269,2336,1653,BANTEN
2022-07-10,211,0,247,-36,239469,235516,2336,1617,BANTEN
2022-07-11,203,0,57,146,239672,235573,2336,1763,BANTEN
2022-07-12,315,0,300,15,239987,235873,2336,1778,BANTEN
2022-07-13,361,0,210,151,240348,236083,2336,1929,BANTEN
2022-07-14,326,0,215,111,240674,236298,2336,2040,BANTEN
2022-07-15,370,1,306,63,241044,236604,2337,2103,BANTEN
2022-07-16,505,0,291,214,241549,236895,2337,2317,BANTEN
2022-07-17,317,0,462,-145,241866,237357,2337,2172,BANTEN
2022-07-18,371,0,129,242,242237,237486,2337,2414,BANTEN
2022-07-19,520,0,347,173,242757,237833,2337,2587,BANTEN
2022-07-20,568,0,470,98,243325,238303,2337,2685,BANTEN
2022-07-21,514,0,135,379,243839,238438,2337,3064,BANTEN
2022-07-22,444,0,391,53,244283,238829,2337,3117,BANTEN
2022-07-23,451,0,541,-90,244734,239370,2337,3027,BANTEN
2022-07-24,379,0,391,-12,245113,239761,2337,3015,BANTEN
2022-07-25,420,0,244,176,245533,240005,2337,3191,BANTEN
2022-07-26,740,0,498,242,246273,240503,2337,3433,BANTEN
2022-07-27,609,1,486,122,246882,240989,2338,3555,BANTEN
2022-07-28,586,0,192,394,247468,241181,2338,3949,BANTEN
2022-07-29,577,0,702,-125,248045,241883,2338,3824,BANTEN
2022-07-30,484,0,284,200,248529,242167,2338,4024,BANTEN
2022-07-31,432,0,760,-328,248961,242927,2338,3696,BANTEN
2022-08-01,419,0,228,191,249380,243155,2338,3887,BANTEN
2022-08-02,631,0,946,-315,250011,244101,2338,3572,BANTEN
2022-08-03,620,0,496,124,250631,244597,2338,3696,BANTEN
2022-08-04,702,1,586,115,251333,245183,2339,3811,BANTEN
2022-08-05,531,0,584,-53,251864,245767,2339,3758,BANTEN
2022-08-06,499,0,211,288,252363,245978,2339,4046,BANTEN
2022-08-07,508,1,319,188,252871,246297,2340,4234,BANTEN
2022-08-08,402,0,405,-3,253273,246702,2340,4231,BANTEN
2022-08-09,622,0,311,311,253895,247013,2340,4542,BANTEN
2022-08-10,596,0,1075,-479,254491,248088,2340,4063,BANTEN
2022-08-11,576,0,281,295,255067,248369,2340,4358,BANTEN
2022-08-12,511,0,593,-82,255578,248962,2340,4276,BANTEN
2022-08-13,449,0,572,-123,256027,249534,2340,4153,BANTEN
2022-08-14,402,0,570,-168,256429,250104,2340,3985,BANTEN
2022-08-15,315,0,244,71,256744,250348,2340,4056,BANTEN
2022-08-16,559,0,251,308,257303,250599,2340,4364,BANTEN
2022-08-17,527,0,329,198,257830,250928,2340,4562,BANTEN
2022-08-18,372,2,263,107,258202,251191,2342,4669,BANTEN
2022-08-19,429,0,563,-134,258631,251754,2342,4535,BANTEN
2022-08-20,383,0,336,47,259014,252090,2342,4582,BANTEN
2022-08-21,324,0,1510,-1186,259338,253600,2342,3396,BANTEN
2022-08-22,328,0,237,91,259666,253837,2342,3487,BANTEN
2022-08-23,547,1,907,-361,260213,254744,2343,3126,BANTEN
2022-08-24,524,1,219,304,260737,254963,2344,3430,BANTEN
2022-08-25,453,0,305,148,261190,255268,2344,3578,BANTEN
2022-08-26,393,1,659,-267,261583,255927,2345,3311,BANTEN
2022-08-27,377,0,204,173,261960,256131,2345,3484,BANTEN
2022-08-28,296,0,858,-562,262256,256989,2345,2922,BANTEN
2022-08-29,277,1,723,-447,262533,257712,2346,2475,BANTEN
2022-08-30,420,0,234,186,262953,257946,2346,2661,BANTEN
2022-08-31,394,0,168,226,263347,258114,2346,2887,BANTEN
2022-09-01,373,0,271,102,263720,258385,2346,2989,BANTEN
2022-09-02,311,1,236,74,264031,258621,2347,3063,BANTEN
2022-09-03,241,0,213,28,264272,258834,2347,3091,BANTEN
2022-09-04,253,0,666,-413,264525,259500,2347,2678,BANTEN
2022-09-05,242,0,258,-16,264767,259758,2347,2662,BANTEN
2022-09-06,370,0,203,167,265137,259961,2347,2829,BANTEN
2022-09-07,302,0,108,194,265439,260069,2347,3023,BANTEN
2022-09-08,252,0,140,112,265691,260209,2347,3135,BANTEN
2022-09-09,260,0,1308,-1048,265951,261517,2347,2087,BANTEN
2022-09-10,186,0,204,-18,266137,261721,2347,2069,BANTEN
2022-09-11,148,0,89,59,266285,261810,2347,2128,BANTEN
2022-09-12,192,0,225,-33,266477,262035,2347,2095,BANTEN
2022-09-13,267,0,199,68,266744,262234,2347,2163,BANTEN
2022-09-14,225,0,729,-504,266969,262963,2347,1659,BANTEN
2022-09-15,201,0,144,57,267170,263107,2347,1716,BANTEN
2022-09-16,176,0,185,-9,267346,263292,2347,1707,BANTEN
2022-09-17,144,0,138,6,267490,263430,2347,1713,BANTEN
2022-09-18,142,0,116,26,267632,263546,2347,1739,BANTEN
2022-09-19,129,0,133,-4,267761,263679,2347,1735,BANTEN
2022-09-20,212,0,112,100,267973,263791,2347,1835,BANTEN
2022-09-21,184,0,598,-414,268157,264389,2347,1421,BANTEN
2022-09-22,157,0,107,50,268314,264496,2347,1471,BANTEN
2022-09-23,147,0,151,-4,268461,264647,2347,1467,BANTEN
2022-09-24,122,0,116,6,268583,264763,2347,1473,BANTEN
2022-09-25,104,0,86,18,268687,264849,2347,1491,BANTEN
2022-09-26,96,0,430,-334,268783,265279,2347,1157,BANTEN
2022-09-27,61,0,24,37,268844,265303,2347,1194,BANTEN
2022-09-28,166,0,12,154,269010,265315,2347,1348,BANTEN
2022-09-29,70,0,90,-20,269080,265405,2347,1328,BANTEN
2022-09-30,100,0,38,62,269180,265443,2347,1390,BANTEN
2020-03-10,1,0,0,1,1,0,0,1,SULAWESI TENGGARA
2020-03-11,0,0,0,0,1,0,0,1,SULAWESI TENGGARA
2020-03-12,0,0,0,0,1,0,0,1,SULAWESI TENGGARA
2020-03-13,0,0,0,0,1,0,0,1,SULAWESI TENGGARA
2020-03-14,0,0,0,0,1,0,0,1,SULAWESI TENGGARA
2020-03-15,0,0,0,0,1,0,0,1,SULAWESI TENGGARA
2020-03-16,2,0,0,2,3,0,0,3,SULAWESI TENGGARA
2020-03-17,0,0,0,0,3,0,0,3,SULAWESI TENGGARA
2020-03-18,0,0,0,0,3,0,0,3,SULAWESI TENGGARA
2020-03-19,0,0,0,0,3,0,0,3,SULAWESI TENGGARA
2020-03-20,0,0,0,0,3,0,0,3,SULAWESI TENGGARA
2020-03-21,0,0,0,0,3,0,0,3,SULAWESI TENGGARA
2020-03-22,0,0,0,0,3,0,0,3,SULAWESI TENGGARA
2020-03-23,0,0,0,0,3,0,0,3,SULAWESI TENGGARA
2020-03-24,0,0,0,0,3,0,0,3,SULAWESI TENGGARA
2020-03-25,0,0,0,0,3,0,0,3,SULAWESI TENGGARA
2020-03-26,0,0,0,0,3,0,0,3,SULAWESI TENGGARA
2020-03-27,0,0,0,0,3,0,0,3,SULAWESI TENGGARA
2020-03-28,0,0,0,0,3,0,0,3,SULAWESI TENGGARA
2020-03-29,0,0,0,0,3,0,0,3,SULAWESI TENGGARA
2020-03-30,0,0,0,0,3,0,0,3,SULAWESI TENGGARA
2020-03-31,0,0,0,0,3,0,0,3,SULAWESI TENGGARA
2020-04-01,0,0,0,0,3,0,0,3,SULAWESI TENGGARA
2020-04-02,0,0,0,0,3,0,0,3,SULAWESI TENGGARA
2020-04-03,2,0,0,2,5,0,0,5,SULAWESI TENGGARA
2020-04-04,0,0,1,-1,5,1,0,4,SULAWESI TENGGARA
2020-04-05,0,0,0,0,5,1,0,4,SULAWESI TENGGARA
2020-04-06,1,0,0,1,6,1,0,5,SULAWESI TENGGARA
2020-04-07,0,0,0,0,6,1,0,5,SULAWESI TENGGARA
2020-04-08,3,0,0,3,9,1,0,8,SULAWESI TENGGARA
2020-04-09,5,0,0,5,14,1,0,13,SULAWESI TENGGARA
2020-04-10,0,0,0,0,14,1,0,13,SULAWESI TENGGARA
2020-04-11,0,0,0,0,14,1,0,13,SULAWESI TENGGARA
2020-04-12,0,0,0,0,14,1,0,13,SULAWESI TENGGARA
2020-04-13,0,0,0,0,14,1,0,13,SULAWESI TENGGARA
2020-04-14,0,0,0,0,14,1,0,13,SULAWESI TENGGARA
2020-04-15,5,0,3,2,19,4,0,15,SULAWESI TENGGARA
2020-04-16,3,0,0,3,22,4,0,18,SULAWESI TENGGARA
2020-04-17,0,0,0,0,22,4,0,18,SULAWESI TENGGARA
2020-04-18,0,1,0,-1,22,4,1,17,SULAWESI TENGGARA
2020-04-19,9,0,0,9,31,4,1,26,SULAWESI TENGGARA
2020-04-20,0,0,0,0,31,4,1,26,SULAWESI TENGGARA
2020-04-21,0,0,0,0,31,4,1,26,SULAWESI TENGGARA
2020-04-22,0,0,0,0,31,4,1,26,SULAWESI TENGGARA
2020-04-23,0,0,0,0,31,4,1,26,SULAWESI TENGGARA
2020-04-24,5,0,1,4,36,5,1,30,SULAWESI TENGGARA
2020-04-25,0,0,0,0,36,5,1,30,SULAWESI TENGGARA
2020-04-26,4,0,1,3,40,6,1,33,SULAWESI TENGGARA
2020-04-27,0,0,0,0,40,6,1,33,SULAWESI TENGGARA
2020-04-28,0,0,0,0,40,6,1,33,SULAWESI TENGGARA
2020-04-29,7,0,0,7,47,6,1,40,SULAWESI TENGGARA
2020-04-30,8,0,3,5,55,9,1,45,SULAWESI TENGGARA
2020-05-01,0,0,1,-1,55,10,1,44,SULAWESI TENGGARA
2020-05-02,2,0,0,2,57,10,1,46,SULAWESI TENGGARA
2020-05-03,0,1,0,-1,57,10,2,45,SULAWESI TENGGARA
2020-05-04,0,0,0,0,57,10,2,45,SULAWESI TENGGARA
2020-05-05,5,0,4,1,62,14,2,46,SULAWESI TENGGARA
2020-05-06,0,0,0,0,62,14,2,46,SULAWESI TENGGARA
2020-05-07,0,0,0,0,62,14,2,46,SULAWESI TENGGARA
2020-05-08,1,0,0,1,63,14,2,47,SULAWESI TENGGARA
2020-05-09,2,0,0,2,65,14,2,49,SULAWESI TENGGARA
2020-05-10,2,0,0,2,67,14,2,51,SULAWESI TENGGARA
2020-05-11,0,0,0,0,67,14,2,51,SULAWESI TENGGARA
2020-05-12,0,0,0,0,67,14,2,51,SULAWESI TENGGARA
2020-05-13,66,0,1,65,133,15,2,116,SULAWESI TENGGARA
2020-05-14,0,0,0,0,133,15,2,116,SULAWESI TENGGARA
2020-05-15,15,0,2,13,148,17,2,129,SULAWESI TENGGARA
2020-05-16,5,0,0,5,153,17,2,134,SULAWESI TENGGARA
2020-05-17,2,0,0,2,155,17,2,136,SULAWESI TENGGARA
2020-05-18,0,0,1,-1,155,18,2,135,SULAWESI TENGGARA
2020-05-19,10,0,4,6,165,22,2,141,SULAWESI TENGGARA
2020-05-20,0,0,0,0,165,22,2,141,SULAWESI TENGGARA
2020-05-21,0,0,0,0,165,22,2,141,SULAWESI TENGGARA
2020-05-22,7,0,5,2,172,27,2,143,SULAWESI TENGGARA
2020-05-23,4,0,18,-14,176,45,2,129,SULAWESI TENGGARA
2020-05-24,0,0,0,0,176,45,2,129,SULAWESI TENGGARA
2020-05-25,0,0,0,0,176,45,2,129,SULAWESI TENGGARA
2020-05-26,0,0,36,-36,176,81,2,93,SULAWESI TENGGARA
2020-05-27,9,0,6,3,185,87,2,96,SULAWESI TENGGARA
2020-05-28,11,0,0,11,196,87,2,107,SULAWESI TENGGARA
2020-05-29,1,0,2,-1,197,89,2,106,SULAWESI TENGGARA
2020-05-30,0,0,0,0,197,89,2,106,SULAWESI TENGGARA
2020-05-31,3,0,6,-3,200,95,2,103,SULAWESI TENGGARA
2020-06-01,0,0,0,0,200,95,2,103,SULAWESI TENGGARA
2020-06-02,0,0,3,-3,200,98,2,100,SULAWESI TENGGARA
2020-06-03,6,0,7,-1,206,105,2,99,SULAWESI TENGGARA
2020-06-04,1,1,0,0,207,105,3,99,SULAWESI TENGGARA
2020-06-05,3,0,8,-5,210,113,3,94,SULAWESI TENGGARA
2020-06-06,0,0,3,-3,210,116,3,91,SULAWESI TENGGARA
2020-06-07,1,0,7,-6,211,123,3,85,SULAWESI TENGGARA
2020-06-08,0,0,1,-1,211,124,3,84,SULAWESI TENGGARA
2020-06-09,3,0,14,-11,214,138,3,73,SULAWESI TENGGARA
2020-06-10,2,0,2,0,216,140,3,73,SULAWESI TENGGARA
2020-06-11,6,0,3,3,222,143,3,76,SULAWESI TENGGARA
2020-06-12,3,0,2,1,225,145,3,77,SULAWESI TENGGARA
2020-06-13,2,0,8,-6,227,153,3,71,SULAWESI TENGGARA
2020-06-14,3,0,6,-3,230,159,3,68,SULAWESI TENGGARA
2020-06-15,2,0,2,0,232,161,3,68,SULAWESI TENGGARA
2020-06-16,3,0,4,-1,235,165,3,67,SULAWESI TENGGARA
2020-06-17,1,0,0,1,236,165,3,68,SULAWESI TENGGARA
2020-06-18,28,0,0,28,264,165,3,96,SULAWESI TENGGARA
2020-06-19,2,0,1,1,266,166,3,97,SULAWESI TENGGARA
2020-06-20,1,0,8,-7,267,174,3,90,SULAWESI TENGGARA
2020-06-21,0,0,2,-2,267,176,3,88,SULAWESI TENGGARA
2020-06-22,2,0,0,2,269,176,3,90,SULAWESI TENGGARA
2020-06-23,1,0,1,0,270,177,3,90,SULAWESI TENGGARA
2020-06-24,1,0,1,0,271,178,3,90,SULAWESI TENGGARA
2020-06-25,0,0,0,0,271,178,3,90,SULAWESI TENGGARA
2020-06-26,2,0,1,1,273,179,3,91,SULAWESI TENGGARA
2020-06-27,1,0,0,1,274,179,3,92,SULAWESI TENGGARA
2020-06-28,0,0,0,0,274,179,3,92,SULAWESI TENGGARA
2020-06-29,2,0,1,1,276,180,3,93,SULAWESI TENGGARA
2020-06-30,15,0,12,3,291,192,3,96,SULAWESI TENGGARA
2020-07-01,34,0,0,34,325,192,3,130,SULAWESI TENGGARA
2020-07-02,43,1,11,31,368,203,4,161,SULAWESI TENGGARA
2020-07-03,10,0,7,3,378,210,4,164,SULAWESI TENGGARA
2020-07-04,3,0,4,-1,381,214,4,163,SULAWESI TENGGARA
2020-07-05,3,1,8,-6,384,222,5,157,SULAWESI TENGGARA
2020-07-06,1,0,0,1,385,222,5,158,SULAWESI TENGGARA
2020-07-07,4,0,10,-6,389,232,5,152,SULAWESI TENGGARA
2020-07-08,5,0,2,3,394,234,5,155,SULAWESI TENGGARA
2020-07-09,6,1,2,3,400,236,6,158,SULAWESI TENGGARA
2020-07-10,6,0,17,-11,406,253,6,147,SULAWESI TENGGARA
2020-07-11,1,0,15,-14,407,268,6,133,SULAWESI TENGGARA
2020-07-12,1,0,3,-2,408,271,6,131,SULAWESI TENGGARA
2020-07-13,6,0,1,5,414,272,6,136,SULAWESI TENGGARA
2020-07-14,3,1,3,-1,417,275,7,135,SULAWESI TENGGARA
2020-07-15,7,1,3,3,424,278,8,138,SULAWESI TENGGARA
2020-07-16,7,0,2,5,431,280,8,143,SULAWESI TENGGARA
2020-07-17,10,0,12,-2,441,292,8,141,SULAWESI TENGGARA
2020-07-18,19,0,2,17,460,294,8,158,SULAWESI TENGGARA
2020-07-19,11,0,4,7,471,298,8,165,SULAWESI TENGGARA
2020-07-20,39,0,7,32,510,305,8,197,SULAWESI TENGGARA
2020-07-21,28,0,3,25,538,308,8,222,SULAWESI TENGGARA
2020-07-22,11,0,2,9,549,310,8,231,SULAWESI TENGGARA
2020-07-23,25,1,4,20,574,314,9,251,SULAWESI TENGGARA
2020-07-24,20,1,10,9,594,324,10,260,SULAWESI TENGGARA
2020-07-25,10,0,1,9,604,325,10,269,SULAWESI TENGGARA
2020-07-26,13,0,30,-17,617,355,10,252,SULAWESI TENGGARA
2020-07-27,1,0,5,-4,618,360,10,248,SULAWESI TENGGARA
2020-07-28,0,0,2,-2,618,362,10,246,SULAWESI TENGGARA
2020-07-29,7,0,1,6,625,363,10,252,SULAWESI TENGGARA
2020-07-30,5,0,6,-1,630,369,10,251,SULAWESI TENGGARA
2020-07-31,0,0,4,-4,630,373,10,247,SULAWESI TENGGARA
2020-08-01,5,0,6,-1,635,379,10,246,SULAWESI TENGGARA
2020-08-02,0,0,2,-2,635,381,10,244,SULAWESI TENGGARA
2020-08-03,2,1,40,-39,637,421,11,205,SULAWESI TENGGARA
2020-08-04,55,0,63,-8,692,484,11,197,SULAWESI TENGGARA
2020-08-05,26,1,6,19,718,490,12,216,SULAWESI TENGGARA
2020-08-06,45,0,40,5,763,530,12,221,SULAWESI TENGGARA
2020-08-07,25,0,12,13,788,542,12,234,SULAWESI TENGGARA
2020-08-08,17,1,3,13,805,545,13,247,SULAWESI TENGGARA
2020-08-09,18,0,9,9,823,554,13,256,SULAWESI TENGGARA
2020-08-10,0,0,16,-16,823,570,13,240,SULAWESI TENGGARA
2020-08-11,27,0,4,23,850,574,13,263,SULAWESI TENGGARA
2020-08-12,18,1,7,10,868,581,14,273,SULAWESI TENGGARA
2020-08-13,27,0,34,-7,895,615,14,266,SULAWESI TENGGARA
2020-08-14,28,0,34,-6,923,649,14,260,SULAWESI TENGGARA
2020-08-15,24,0,9,15,947,658,14,275,SULAWESI TENGGARA
2020-08-16,31,0,8,23,978,666,14,298,SULAWESI TENGGARA
2020-08-17,14,0,12,2,992,678,14,300,SULAWESI TENGGARA
2020-08-18,1,0,6,-5,993,684,14,295,SULAWESI TENGGARA
2020-08-19,0,0,0,0,993,684,14,295,SULAWESI TENGGARA
2020-08-20,47,0,15,32,1040,699,14,327,SULAWESI TENGGARA
2020-08-21,18,1,17,0,1058,716,15,327,SULAWESI TENGGARA
2020-08-22,9,1,6,2,1067,722,16,329,SULAWESI TENGGARA
2020-08-23,11,2,6,3,1078,728,18,332,SULAWESI TENGGARA
2020-08-24,4,2,6,-4,1082,734,20,328,SULAWESI TENGGARA
2020-08-25,30,0,11,19,1112,745,20,347,SULAWESI TENGGARA
2020-08-26,30,0,23,7,1142,768,20,354,SULAWESI TENGGARA
2020-08-27,36,1,37,-2,1178,805,21,352,SULAWESI TENGGARA
2020-08-28,47,1,13,33,1225,818,22,385,SULAWESI TENGGARA
2020-08-29,29,0,0,29,1254,818,22,414,SULAWESI TENGGARA
2020-08-30,21,2,33,-14,1275,851,24,400,SULAWESI TENGGARA
2020-08-31,2,2,20,-20,1277,871,26,380,SULAWESI TENGGARA
2020-09-01,33,1,13,19,1310,884,27,399,SULAWESI TENGGARA
2020-09-02,13,1,4,8,1323,888,28,407,SULAWESI TENGGARA
2020-09-03,5,3,6,-4,1328,894,31,403,SULAWESI TENGGARA
2020-09-04,24,0,7,17,1352,901,31,420,SULAWESI TENGGARA
2020-09-05,16,1,8,7,1368,909,32,427,SULAWESI TENGGARA
2020-09-06,21,1,3,17,1389,912,33,444,SULAWESI TENGGARA
2020-09-07,0,0,38,-38,1389,950,33,406,SULAWESI TENGGARA
2020-09-08,10,1,19,-10,1399,969,34,396,SULAWESI TENGGARA
2020-09-09,17,1,25,-9,1416,994,35,387,SULAWESI TENGGARA
2020-09-10,21,2,7,12,1437,1001,37,399,SULAWESI TENGGARA
2020-09-11,25,0,29,-4,1462,1030,37,395,SULAWESI TENGGARA
2020-09-12,31,1,8,22,1493,1038,38,417,SULAWESI TENGGARA
2020-09-13,28,0,20,8,1521,1058,38,425,SULAWESI TENGGARA
2020-09-14,19,0,10,9,1540,1068,38,434,SULAWESI TENGGARA
2020-09-15,44,0,8,36,1584,1076,38,470,SULAWESI TENGGARA
2020-09-16,49,1,7,41,1633,1083,39,511,SULAWESI TENGGARA
2020-09-17,31,1,10,20,1664,1093,40,531,SULAWESI TENGGARA
2020-09-18,15,0,11,4,1679,1104,40,535,SULAWESI TENGGARA
2020-09-19,43,0,6,37,1722,1110,40,572,SULAWESI TENGGARA
2020-09-20,57,1,0,56,1779,1110,41,628,SULAWESI TENGGARA
2020-09-21,29,1,37,-9,1808,1147,42,619,SULAWESI TENGGARA
2020-09-22,28,1,86,-59,1836,1233,43,560,SULAWESI TENGGARA
2020-09-23,74,1,98,-25,1910,1331,44,535,SULAWESI TENGGARA
2020-09-24,62,0,61,1,1972,1392,44,536,SULAWESI TENGGARA
2020-09-25,61,1,24,36,2033,1416,45,572,SULAWESI TENGGARA
2020-09-26,131,0,45,86,2164,1461,45,658,SULAWESI TENGGARA
2020-09-27,59,2,0,57,2223,1461,47,715,SULAWESI TENGGARA
2020-09-28,17,3,33,-19,2240,1494,50,696,SULAWESI TENGGARA
2020-09-29,30,1,51,-22,2270,1545,51,674,SULAWESI TENGGARA
2020-09-30,30,0,10,20,2300,1555,51,694,SULAWESI TENGGARA
2020-10-01,37,0,14,23,2337,1569,51,717,SULAWESI TENGGARA
2020-10-02,65,0,38,27,2402,1607,51,744,SULAWESI TENGGARA
2020-10-03,36,0,4,32,2438,1611,51,776,SULAWESI TENGGARA
2020-10-04,25,1,17,7,2463,1628,52,783,SULAWESI TENGGARA
2020-10-05,3,1,53,-51,2466,1681,53,732,SULAWESI TENGGARA
2020-10-06,80,0,42,38,2546,1723,53,770,SULAWESI TENGGARA
2020-10-07,79,1,37,41,2625,1760,54,811,SULAWESI TENGGARA
2020-10-08,80,0,30,50,2705,1790,54,861,SULAWESI TENGGARA
2020-10-09,53,1,60,-8,2758,1850,55,853,SULAWESI TENGGARA
2020-10-10,43,0,49,-6,2801,1899,55,847,SULAWESI TENGGARA
2020-10-11,61,1,6,54,2862,1905,56,901,SULAWESI TENGGARA
2020-10-12,47,0,26,21,2909,1931,56,922,SULAWESI TENGGARA
2020-10-13,94,0,15,79,3003,1946,56,1001,SULAWESI TENGGARA
2020-10-14,48,1,41,6,3051,1987,57,1007,SULAWESI TENGGARA
2020-10-15,87,2,27,58,3138,2014,59,1065,SULAWESI TENGGARA
2020-10-16,38,1,28,9,3176,2042,60,1074,SULAWESI TENGGARA
2020-10-17,57,0,6,51,3233,2048,60,1125,SULAWESI TENGGARA
2020-10-18,166,1,41,124,3399,2089,61,1249,SULAWESI TENGGARA
2020-10-19,31,0,84,-53,3430,2173,61,1196,SULAWESI TENGGARA
2020-10-20,21,0,184,-163,3451,2357,61,1033,SULAWESI TENGGARA
2020-10-21,69,0,52,17,3520,2409,61,1050,SULAWESI TENGGARA
2020-10-22,74,1,72,1,3594,2481,62,1051,SULAWESI TENGGARA
2020-10-23,63,1,58,4,3657,2539,63,1055,SULAWESI TENGGARA
2020-10-24,61,0,83,-22,3718,2622,63,1033,SULAWESI TENGGARA
2020-10-25,36,2,56,-22,3754,2678,65,1011,SULAWESI TENGGARA
2020-10-26,8,0,49,-41,3762,2727,65,970,SULAWESI TENGGARA
2020-10-27,28,1,52,-25,3790,2779,66,945,SULAWESI TENGGARA
2020-10-28,118,0,78,40,3908,2857,66,985,SULAWESI TENGGARA
2020-10-29,35,0,96,-61,3943,2953,66,924,SULAWESI TENGGARA
2020-10-30,21,1,65,-45,3964,3018,67,879,SULAWESI TENGGARA
2020-10-31,18,1,72,-55,3982,3090,68,824,SULAWESI TENGGARA
2020-11-01,93,0,70,23,4075,3160,68,847,SULAWESI TENGGARA
2020-11-02,2,1,66,-65,4077,3226,69,782,SULAWESI TENGGARA
2020-11-03,4,0,112,-108,4081,3338,69,674,SULAWESI TENGGARA
2020-11-04,31,2,29,0,4112,3367,71,674,SULAWESI TENGGARA
2020-11-05,33,0,43,-10,4145,3410,71,664,SULAWESI TENGGARA
2020-11-06,54,1,22,31,4199,3432,72,695,SULAWESI TENGGARA
2020-11-07,58,0,17,41,4257,3449,72,736,SULAWESI TENGGARA
2020-11-08,35,1,16,18,4292,3465,73,754,SULAWESI TENGGARA
2020-11-09,4,0,21,-17,4296,3486,73,737,SULAWESI TENGGARA
2020-11-10,70,0,7,63,4366,3493,73,800,SULAWESI TENGGARA
2020-11-11,27,0,3,24,4393,3496,73,824,SULAWESI TENGGARA
2020-11-12,38,0,23,15,4431,3519,73,839,SULAWESI TENGGARA
2020-11-13,80,0,7,73,4511,3526,73,912,SULAWESI TENGGARA
2020-11-14,50,2,3,45,4561,3529,75,957,SULAWESI TENGGARA
2020-11-15,0,0,21,-21,4561,3550,75,936,SULAWESI TENGGARA
2020-11-16,35,1,31,3,4596,3581,76,939,SULAWESI TENGGARA
2020-11-17,15,0,2,13,4611,3583,76,952,SULAWESI TENGGARA
2020-11-18,76,0,0,76,4687,3583,76,1028,SULAWESI TENGGARA
2020-11-19,56,0,0,56,4743,3583,76,1084,SULAWESI TENGGARA
2020-11-20,61,1,0,60,4804,3583,77,1144,SULAWESI TENGGARA
2020-11-21,54,1,0,53,4858,3583,78,1197,SULAWESI TENGGARA
2020-11-22,35,1,0,34,4893,3583,79,1231,SULAWESI TENGGARA
2020-11-23,8,0,9,-1,4901,3592,79,1230,SULAWESI TENGGARA
2020-11-24,58,0,14,44,4959,3606,79,1274,SULAWESI TENGGARA
2020-11-25,43,1,0,42,5002,3606,80,1316,SULAWESI TENGGARA
2020-11-26,34,0,82,-48,5036,3688,80,1268,SULAWESI TENGGARA
2020-11-27,84,5,104,-25,5120,3792,85,1243,SULAWESI TENGGARA
2020-11-28,62,0,103,-41,5182,3895,85,1202,SULAWESI TENGGARA
2020-11-29,53,3,1,49,5235,3896,88,1251,SULAWESI TENGGARA
2020-11-30,1,1,115,-115,5236,4011,89,1136,SULAWESI TENGGARA
2020-12-01,72,0,83,-11,5308,4094,89,1125,SULAWESI TENGGARA
2020-12-02,57,1,68,-12,5365,4162,90,1113,SULAWESI TENGGARA
2020-12-03,64,2,79,-17,5429,4241,92,1096,SULAWESI TENGGARA
2020-12-04,52,3,53,-4,5481,4294,95,1092,SULAWESI TENGGARA
2020-12-05,55,0,13,42,5536,4307,95,1134,SULAWESI TENGGARA
2020-12-06,49,3,18,28,5585,4325,98,1162,SULAWESI TENGGARA
2020-12-07,32,0,92,-60,5617,4417,98,1102,SULAWESI TENGGARA
2020-12-08,18,0,42,-24,5635,4459,98,1078,SULAWESI TENGGARA
2020-12-09,60,0,12,48,5695,4471,98,1126,SULAWESI TENGGARA
2020-12-10,1,0,10,-9,5696,4481,98,1117,SULAWESI TENGGARA
2020-12-11,26,0,43,-17,5722,4524,98,1100,SULAWESI TENGGARA
2020-12-12,29,1,15,13,5751,4539,99,1113,SULAWESI TENGGARA
2020-12-13,43,0,14,29,5794,4553,99,1142,SULAWESI TENGGARA
2020-12-14,2,0,41,-39,5796,4594,99,1103,SULAWESI TENGGARA
2020-12-15,46,2,28,16,5842,4622,101,1119,SULAWESI TENGGARA
2020-12-16,75,0,41,34,5917,4663,101,1153,SULAWESI TENGGARA
2020-12-17,24,1,61,-38,5941,4724,102,1115,SULAWESI TENGGARA
2020-12-18,39,1,88,-50,5980,4812,103,1065,SULAWESI TENGGARA
2020-12-19,47,1,15,31,6027,4827,104,1096,SULAWESI TENGGARA
2020-12-20,58,0,13,45,6085,4840,104,1141,SULAWESI TENGGARA
2020-12-21,5,0,56,-51,6090,4896,104,1090,SULAWESI TENGGARA
2020-12-22,43,3,76,-36,6133,4972,107,1054,SULAWESI TENGGARA
2020-12-23,30,2,5,23,6163,4977,109,1077,SULAWESI TENGGARA
2020-12-24,49,0,24,25,6212,5001,109,1102,SULAWESI TENGGARA
2020-12-25,31,1,22,8,6243,5023,110,1110,SULAWESI TENGGARA
2020-12-26,2,0,36,-34,6245,5059,110,1076,SULAWESI TENGGARA
2020-12-27,21,0,0,21,6266,5059,110,1097,SULAWESI TENGGARA
2020-12-28,4,2,98,-96,6270,5157,112,1001,SULAWESI TENGGARA
2020-12-29,13,9,92,-88,6283,5249,121,913,SULAWESI TENGGARA
2020-12-30,51,2,110,-61,6334,5359,123,852,SULAWESI TENGGARA
2020-12-31,29,1,16,12,6363,5375,124,864,SULAWESI TENGGARA
2021-01-01,69,0,1,68,6432,5376,124,932,SULAWESI TENGGARA
2021-01-02,23,2,17,4,6455,5393,126,936,SULAWESI TENGGARA
2021-01-03,30,1,0,29,6485,5393,127,965,SULAWESI TENGGARA
2021-01-04,14,1,87,-74,6499,5480,128,891,SULAWESI TENGGARA
2021-01-05,24,1,85,-62,6523,5565,129,829,SULAWESI TENGGARA
2021-01-06,25,1,84,-60,6548,5649,130,769,SULAWESI TENGGARA
2021-01-07,41,1,2,38,6589,5651,131,807,SULAWESI TENGGARA
2021-01-08,52,1,1,50,6641,5652,132,857,SULAWESI TENGGARA
2021-01-09,42,2,8,32,6683,5660,134,889,SULAWESI TENGGARA
2021-01-10,80,0,0,80,6763,5660,134,969,SULAWESI TENGGARA
2021-01-11,25,1,29,-5,6788,5689,135,964,SULAWESI TENGGARA
2021-01-12,51,0,21,30,6839,5710,135,994,SULAWESI TENGGARA
2021-01-13,72,1,16,55,6911,5726,136,1049,SULAWESI TENGGARA
2021-01-14,60,1,22,37,6971,5748,137,1086,SULAWESI TENGGARA
2021-01-15,27,0,20,7,6998,5768,137,1093,SULAWESI TENGGARA
2021-01-16,63,2,17,44,7061,5785,139,1137,SULAWESI TENGGARA
2021-01-17,52,0,48,4,7113,5833,139,1141,SULAWESI TENGGARA
2021-01-18,13,0,39,-26,7126,5872,139,1115,SULAWESI TENGGARA
2021-01-19,38,0,22,16,7164,5894,139,1131,SULAWESI TENGGARA
2021-01-20,30,0,35,-5,7194,5929,139,1126,SULAWESI TENGGARA
2021-01-21,58,1,1,56,7252,5930,140,1182,SULAWESI TENGGARA
2021-01-22,75,2,61,12,7327,5991,142,1194,SULAWESI TENGGARA
2021-01-23,51,0,8,43,7378,5999,142,1237,SULAWESI TENGGARA
2021-01-24,33,1,12,20,7411,6011,143,1257,SULAWESI TENGGARA
2021-01-25,10,0,35,-25,7421,6046,143,1232,SULAWESI TENGGARA
2021-01-26,25,0,47,-22,7446,6093,143,1210,SULAWESI TENGGARA
2021-01-27,30,1,45,-16,7476,6138,144,1194,SULAWESI TENGGARA
2021-01-28,53,1,38,14,7529,6176,145,1208,SULAWESI TENGGARA
2021-01-29,31,1,12,18,7560,6188,146,1226,SULAWESI TENGGARA
2021-01-30,28,0,55,-27,7588,6243,146,1199,SULAWESI TENGGARA
2021-01-31,45,0,62,-17,7633,6305,146,1182,SULAWESI TENGGARA
2021-02-01,12,1,41,-30,7645,6346,147,1152,SULAWESI TENGGARA
2021-02-02,28,3,45,-20,7673,6391,150,1132,SULAWESI TENGGARA
2021-02-03,22,0,28,-6,7695,6419,150,1126,SULAWESI TENGGARA
2021-02-04,38,0,48,-10,7733,6467,150,1116,SULAWESI TENGGARA
2021-02-05,22,0,58,-36,7755,6525,150,1080,SULAWESI TENGGARA
2021-02-06,28,0,74,-46,7783,6599,150,1034,SULAWESI TENGGARA
2021-02-07,40,0,9,31,7823,6608,150,1065,SULAWESI TENGGARA
2021-02-08,4,0,168,-164,7827,6776,150,901,SULAWESI TENGGARA
2021-02-09,13,2,11,0,7840,6787,152,901,SULAWESI TENGGARA
2021-02-10,10,1,29,-20,7850,6816,153,881,SULAWESI TENGGARA
2021-02-11,18,1,214,-197,7868,7030,154,684,SULAWESI TENGGARA
2021-02-12,21,1,52,-32,7889,7082,155,652,SULAWESI TENGGARA
2021-02-13,6,0,40,-34,7895,7122,155,618,SULAWESI TENGGARA
2021-02-14,12,1,5,6,7907,7127,156,624,SULAWESI TENGGARA
2021-02-15,8,0,7,1,7915,7134,156,625,SULAWESI TENGGARA
2021-02-16,8,0,6,2,7923,7140,156,627,SULAWESI TENGGARA
2021-02-17,12,0,23,-11,7935,7163,156,616,SULAWESI TENGGARA
2021-02-18,24,0,33,-9,7959,7196,156,607,SULAWESI TENGGARA
2021-02-19,10,0,86,-76,7969,7282,156,531,SULAWESI TENGGARA
2021-02-20,11,0,26,-15,7980,7308,156,516,SULAWESI TENGGARA
2021-02-21,19,0,1,18,7999,7309,156,534,SULAWESI TENGGARA
2021-02-22,26,0,23,3,8025,7332,156,537,SULAWESI TENGGARA
2021-02-23,6,1,41,-36,8031,7373,157,501,SULAWESI TENGGARA
2021-02-24,6,0,12,-6,8037,7385,157,495,SULAWESI TENGGARA
2021-02-25,14,1,54,-41,8051,7439,158,454,SULAWESI TENGGARA
2021-02-26,5,0,19,-14,8056,7458,158,440,SULAWESI TENGGARA
2021-02-27,8,0,0,8,8064,7458,158,448,SULAWESI TENGGARA
2021-02-28,2,0,2,0,8066,7460,158,448,SULAWESI TENGGARA
2021-03-01,11,0,1,10,8077,7461,158,458,SULAWESI TENGGARA
2021-03-02,7,3,14,-10,8084,7475,161,448,SULAWESI TENGGARA
2021-03-03,16,0,28,-12,8100,7503,161,436,SULAWESI TENGGARA
2021-03-04,2,1,4,-3,8102,7507,162,433,SULAWESI TENGGARA
2021-03-05,8,1,19,-12,8110,7526,163,421,SULAWESI TENGGARA
2021-03-06,2,0,18,-16,8112,7544,163,405,SULAWESI TENGGARA
2021-03-07,4,0,0,4,8116,7544,163,409,SULAWESI TENGGARA
2021-03-08,5,1,21,-17,8121,7565,164,392,SULAWESI TENGGARA
2021-03-09,9,0,7,2,8130,7572,164,394,SULAWESI TENGGARA
2021-03-10,5,0,2,3,8135,7574,164,397,SULAWESI TENGGARA
2021-03-11,12,0,16,-4,8147,7590,164,393,SULAWESI TENGGARA
2021-03-12,0,0,3,-3,8147,7593,164,390,SULAWESI TENGGARA
2021-03-13,2,1,0,1,8149,7593,165,391,SULAWESI TENGGARA
2021-03-14,1,0,0,1,8150,7593,165,392,SULAWESI TENGGARA
2021-03-15,2,0,1,1,8152,7594,165,393,SULAWESI TENGGARA
2021-03-16,5,1,10,-6,8157,7604,166,387,SULAWESI TENGGARA
2021-03-17,8,0,44,-36,8165,7648,166,351,SULAWESI TENGGARA
2021-03-18,4,0,0,4,8169,7648,166,355,SULAWESI TENGGARA
2021-03-19,5,0,1,4,8174,7649,166,359,SULAWESI TENGGARA
2021-03-20,21,0,0,21,8195,7649,166,380,SULAWESI TENGGARA
2021-03-21,11,1,0,10,8206,7649,167,390,SULAWESI TENGGARA
2021-03-22,0,0,3,-3,8206,7652,167,387,SULAWESI TENGGARA
2021-03-23,2,0,16,-14,8208,7668,167,373,SULAWESI TENGGARA
2021-03-24,3,0,0,3,8211,7668,167,376,SULAWESI TENGGARA
2021-03-25,1,0,1,0,8212,7669,167,376,SULAWESI TENGGARA
2021-03-26,4,0,34,-30,8216,7703,167,346,SULAWESI TENGGARA
2021-03-27,10,1,0,9,8226,7703,168,355,SULAWESI TENGGARA
2021-03-28,2,0,3,-1,8228,7706,168,354,SULAWESI TENGGARA
2021-03-29,4,0,11,-7,8232,7717,168,347,SULAWESI TENGGARA
2021-03-30,7,0,17,-10,8239,7734,168,337,SULAWESI TENGGARA
2021-03-31,6,0,2,4,8245,7736,168,341,SULAWESI TENGGARA
2021-04-01,5,0,5,0,8250,7741,168,341,SULAWESI TENGGARA
2021-04-02,2,0,1,1,8252,7742,168,342,SULAWESI TENGGARA
2021-04-03,0,0,0,0,8252,7742,168,342,SULAWESI TENGGARA
2021-04-04,7,0,0,7,8259,7742,168,349,SULAWESI TENGGARA
2021-04-05,0,0,0,0,8259,7742,168,349,SULAWESI TENGGARA
2021-04-06,6,1,23,-18,8265,7765,169,331,SULAWESI TENGGARA
2021-04-07,5,0,0,5,8270,7765,169,336,SULAWESI TENGGARA
2021-04-08,11,0,3,8,8281,7768,169,344,SULAWESI TENGGARA
2021-04-09,1,0,15,-14,8282,7783,169,330,SULAWESI TENGGARA
2021-04-10,1,0,0,1,8283,7783,169,331,SULAWESI TENGGARA
2021-04-11,2,0,0,2,8285,7783,169,333,SULAWESI TENGGARA
2021-04-12,0,0,17,-17,8285,7800,169,316,SULAWESI TENGGARA
2021-04-13,2,0,4,-2,8287,7804,169,314,SULAWESI TENGGARA
2021-04-14,0,0,8,-8,8287,7812,169,306,SULAWESI TENGGARA
2021-04-15,2,0,0,2,8289,7812,169,308,SULAWESI TENGGARA
2021-04-16,5,0,21,-16,8294,7833,169,292,SULAWESI TENGGARA
2021-04-17,4,0,0,4,8298,7833,169,296,SULAWESI TENGGARA
2021-04-18,8,0,3,5,8306,7836,169,301,SULAWESI TENGGARA
2021-04-19,3,0,4,-1,8309,7840,169,300,SULAWESI TENGGARA
2021-04-20,7,2,12,-7,8316,7852,171,293,SULAWESI TENGGARA
2021-04-21,1,1,9,-9,8317,7861,172,284,SULAWESI TENGGARA
2021-04-22,8,0,15,-7,8325,7876,172,277,SULAWESI TENGGARA
2021-04-23,10,0,1,9,8335,7877,172,286,SULAWESI TENGGARA
2021-04-24,1,0,1,0,8336,7878,172,286,SULAWESI TENGGARA
2021-04-25,1,0,0,1,8337,7878,172,287,SULAWESI TENGGARA
2021-04-26,2,0,0,2,8339,7878,172,289,SULAWESI TENGGARA
2021-04-27,5,0,3,2,8344,7881,172,291,SULAWESI TENGGARA
2021-04-28,9,0,4,5,8353,7885,172,296,SULAWESI TENGGARA
2021-04-29,5,0,0,5,8358,7885,172,301,SULAWESI TENGGARA
2021-04-30,4,0,50,-46,8362,7935,172,255,SULAWESI TENGGARA
2021-05-01,5,1,1,3,8367,7936,173,258,SULAWESI TENGGARA
2021-05-02,0,1,0,-1,8367,7936,174,257,SULAWESI TENGGARA
2021-05-03,0,1,10,-11,8367,7946,175,246,SULAWESI TENGGARA
2021-05-04,4,0,0,4,8371,7946,175,250,SULAWESI TENGGARA
2021-05-05,7,0,21,-14,8378,7967,175,236,SULAWESI TENGGARA
2021-05-06,1,1,14,-14,8379,7981,176,222,SULAWESI TENGGARA
2021-05-07,6,0,6,0,8385,7987,176,222,SULAWESI TENGGARA
2021-05-08,0,0,1,-1,8385,7988,176,221,SULAWESI TENGGARA
2021-05-09,3,0,0,3,8388,7988,176,224,SULAWESI TENGGARA
2021-05-10,2,0,9,-7,8390,7997,176,217,SULAWESI TENGGARA
2021-05-11,5,0,4,1,8395,8001,176,218,SULAWESI TENGGARA
2021-05-12,6,1,6,-1,8401,8007,177,217,SULAWESI TENGGARA
2021-05-13,0,0,0,0,8401,8007,177,217,SULAWESI TENGGARA
2021-05-14,0,0,0,0,8401,8007,177,217,SULAWESI TENGGARA
2021-05-15,0,0,1,-1,8401,8008,177,216,SULAWESI TENGGARA
2021-05-16,0,0,0,0,8401,8008,177,216,SULAWESI TENGGARA
2021-05-17,1,0,12,-11,8402,8020,177,205,SULAWESI TENGGARA
2021-05-18,1,1,23,-23,8403,8043,178,182,SULAWESI TENGGARA
2021-05-19,4,1,0,3,8407,8043,179,185,SULAWESI TENGGARA
2021-05-20,14,0,1,13,8421,8044,179,198,SULAWESI TENGGARA
2021-05-21,1,0,3,-2,8422,8047,179,196,SULAWESI TENGGARA
2021-05-22,0,0,7,-7,8422,8054,179,189,SULAWESI TENGGARA
2021-05-23,1,0,3,-2,8423,8057,179,187,SULAWESI TENGGARA
2021-05-24,2,0,3,-1,8425,8060,179,186,SULAWESI TENGGARA
2021-05-25,1,0,1,0,8426,8061,179,186,SULAWESI TENGGARA
2021-05-26,0,0,2,-2,8426,8063,179,184,SULAWESI TENGGARA
2021-05-27,1,0,0,1,8427,8063,179,185,SULAWESI TENGGARA
2021-05-28,6,0,8,-2,8433,8071,179,183,SULAWESI TENGGARA
2021-05-29,4,0,16,-12,8437,8087,179,171,SULAWESI TENGGARA
2021-05-30,7,0,0,7,8444,8087,179,178,SULAWESI TENGGARA
2021-05-31,1,0,1,0,8445,8088,179,178,SULAWESI TENGGARA
2021-06-01,4,0,0,4,8449,8088,179,182,SULAWESI TENGGARA
2021-06-02,0,0,2,-2,8449,8090,179,180,SULAWESI TENGGARA
2021-06-03,1,0,11,-10,8450,8101,179,170,SULAWESI TENGGARA
2021-06-04,0,0,1,-1,8450,8102,179,169,SULAWESI TENGGARA
2021-06-05,10,0,3,7,8460,8105,179,176,SULAWESI TENGGARA
2021-06-06,1,0,0,1,8461,8105,179,177,SULAWESI TENGGARA
2021-06-07,3,0,1,2,8464,8106,179,179,SULAWESI TENGGARA
2021-06-08,6,0,3,3,8470,8109,179,182,SULAWESI TENGGARA
2021-06-09,4,0,0,4,8474,8109,179,186,SULAWESI TENGGARA
2021-06-10,13,0,4,9,8487,8113,179,195,SULAWESI TENGGARA
2021-06-11,6,0,0,6,8493,8113,179,201,SULAWESI TENGGARA
2021-06-12,4,0,0,4,8497,8113,179,205,SULAWESI TENGGARA
2021-06-13,7,2,1,4,8504,8114,181,209,SULAWESI TENGGARA
2021-06-14,2,0,3,-1,8506,8117,181,208,SULAWESI TENGGARA
2021-06-15,9,0,0,9,8515,8117,181,217,SULAWESI TENGGARA
2021-06-16,9,0,2,7,8524,8119,181,224,SULAWESI TENGGARA
2021-06-17,9,1,6,2,8533,8125,182,226,SULAWESI TENGGARA
2021-06-18,32,1,4,27,8565,8129,183,253,SULAWESI TENGGARA
2021-06-19,17,1,8,8,8582,8137,184,261,SULAWESI TENGGARA
2021-06-20,24,0,0,24,8606,8137,184,285,SULAWESI TENGGARA
2021-06-21,1,0,4,-3,8607,8141,184,282,SULAWESI TENGGARA
2021-06-22,54,0,4,50,8661,8145,184,332,SULAWESI TENGGARA
2021-06-23,69,1,4,64,8730,8149,185,396,SULAWESI TENGGARA
2021-06-24,19,0,3,16,8749,8152,185,412,SULAWESI TENGGARA
2021-06-25,121,0,24,97,8870,8176,185,509,SULAWESI TENGGARA
2021-06-26,48,0,0,48,8918,8176,185,557,SULAWESI TENGGARA
2021-06-27,89,0,2,87,9007,8178,185,644,SULAWESI TENGGARA
2021-06-28,24,0,0,24,9031,8178,185,668,SULAWESI TENGGARA
2021-06-29,27,2,20,5,9058,8198,187,673,SULAWESI TENGGARA
2021-06-30,56,3,1,52,9114,8199,190,725,SULAWESI TENGGARA
2021-07-01,80,2,44,34,9194,8243,192,759,SULAWESI TENGGARA
2021-07-02,157,0,4,153,9351,8247,192,912,SULAWESI TENGGARA
2021-07-03,111,1,8,102,9462,8255,193,1014,SULAWESI TENGGARA
2021-07-04,116,1,37,78,9578,8292,194,1092,SULAWESI TENGGARA
2021-07-05,24,1,26,-3,9602,8318,195,1089,SULAWESI TENGGARA
2021-07-06,71,3,13,55,9673,8331,198,1144,SULAWESI TENGGARA
2021-07-07,98,2,11,85,9771,8342,200,1229,SULAWESI TENGGARA
2021-07-08,111,1,7,103,9882,8349,201,1332,SULAWESI TENGGARA
2021-07-09,97,0,3,94,9979,8352,201,1426,SULAWESI TENGGARA
2021-07-10,94,5,16,73,10073,8368,206,1499,SULAWESI TENGGARA
2021-07-11,190,5,37,148,10263,8405,211,1647,SULAWESI TENGGARA
2021-07-12,25,0,98,-73,10288,8503,211,1574,SULAWESI TENGGARA
2021-07-13,123,0,88,35,10411,8591,211,1609,SULAWESI TENGGARA
2021-07-14,108,2,145,-39,10519,8736,213,1570,SULAWESI TENGGARA
2021-07-15,180,3,56,121,10699,8792,216,1691,SULAWESI TENGGARA
2021-07-16,114,2,86,26,10813,8878,218,1717,SULAWESI TENGGARA
2021-07-17,144,2,116,26,10957,8994,220,1743,SULAWESI TENGGARA
2021-07-18,126,6,101,19,11083,9095,226,1762,SULAWESI TENGGARA
2021-07-19,95,3,9,83,11178,9104,229,1845,SULAWESI TENGGARA
2021-07-20,129,1,39,89,11307,9143,230,1934,SULAWESI TENGGARA
2021-07-21,172,3,110,59,11479,9253,233,1993,SULAWESI TENGGARA
2021-07-22,115,6,126,-17,11594,9379,239,1976,SULAWESI TENGGARA
2021-07-23,222,3,110,109,11816,9489,242,2085,SULAWESI TENGGARA
2021-07-24,188,7,99,82,12004,9588,249,2167,SULAWESI TENGGARA
2021-07-25,243,1,72,170,12247,9660,250,2337,SULAWESI TENGGARA
2021-07-26,90,11,98,-19,12337,9758,261,2318,SULAWESI TENGGARA
2021-07-27,216,2,107,107,12553,9865,263,2425,SULAWESI TENGGARA
2021-07-28,183,7,78,98,12736,9943,270,2523,SULAWESI TENGGARA
2021-07-29,190,6,82,102,12926,10025,276,2625,SULAWESI TENGGARA
2021-07-30,90,1,200,-111,13016,10225,277,2514,SULAWESI TENGGARA
2021-07-31,130,6,88,36,13146,10313,283,2550,SULAWESI TENGGARA
2021-08-01,105,7,144,-46,13251,10457,290,2504,SULAWESI TENGGARA
2021-08-02,105,7,80,18,13356,10537,297,2522,SULAWESI TENGGARA
2021-08-03,196,7,81,108,13552,10618,304,2630,SULAWESI TENGGARA
2021-08-04,150,5,152,-7,13702,10770,309,2623,SULAWESI TENGGARA
2021-08-05,170,5,150,15,13872,10920,314,2638,SULAWESI TENGGARA
2021-08-06,159,3,94,62,14031,11014,317,2700,SULAWESI TENGGARA
2021-08-07,194,7,158,29,14225,11172,324,2729,SULAWESI TENGGARA
2021-08-08,77,5,67,5,14302,11239,329,2734,SULAWESI TENGGARA
2021-08-09,67,4,149,-86,14369,11388,333,2648,SULAWESI TENGGARA
2021-08-10,109,5,280,-176,14478,11668,338,2472,SULAWESI TENGGARA
2021-08-11,65,4,185,-124,14543,11853,342,2348,SULAWESI TENGGARA
2021-08-12,62,1,86,-25,14605,11939,343,2323,SULAWESI TENGGARA
2021-08-13,95,3,86,6,14700,12025,346,2329,SULAWESI TENGGARA
2021-08-14,88,3,154,-69,14788,12179,349,2260,SULAWESI TENGGARA
2021-08-15,111,3,90,18,14899,12269,352,2278,SULAWESI TENGGARA
2021-08-16,65,1,136,-72,14964,12405,353,2206,SULAWESI TENGGARA
2021-08-17,60,3,208,-151,15024,12613,356,2055,SULAWESI TENGGARA
2021-08-18,48,3,81,-36,15072,12694,359,2019,SULAWESI TENGGARA
2021-08-19,123,7,171,-55,15195,12865,366,1964,SULAWESI TENGGARA
2021-08-20,51,5,89,-43,15246,12954,371,1921,SULAWESI TENGGARA
2021-08-21,50,0,126,-76,15296,13080,371,1845,SULAWESI TENGGARA
2021-08-22,39,2,94,-57,15335,13174,373,1788,SULAWESI TENGGARA
2021-08-23,59,2,55,2,15394,13229,375,1790,SULAWESI TENGGARA
2021-08-24,67,2,100,-35,15461,13329,377,1755,SULAWESI TENGGARA
2021-08-25,77,4,112,-39,15538,13441,381,1716,SULAWESI TENGGARA
2021-08-26,48,1,110,-63,15586,13551,382,1653,SULAWESI TENGGARA
2021-08-27,46,0,128,-82,15632,13679,382,1571,SULAWESI TENGGARA
2021-08-28,21,0,80,-59,15653,13759,382,1512,SULAWESI TENGGARA
2021-08-29,24,0,101,-77,15677,13860,382,1435,SULAWESI TENGGARA
2021-08-30,13,1,91,-79,15690,13951,383,1356,SULAWESI TENGGARA
2021-08-31,35,1,112,-78,15725,14063,384,1278,SULAWESI TENGGARA
2021-09-01,26,2,181,-157,15751,14244,386,1121,SULAWESI TENGGARA
2021-09-02,17,0,79,-62,15768,14323,386,1059,SULAWESI TENGGARA
2021-09-03,22,4,183,-165,15790,14506,390,894,SULAWESI TENGGARA
2021-09-04,25,6,106,-87,15815,14612,396,807,SULAWESI TENGGARA
2021-09-05,3,2,20,-19,15818,14632,398,788,SULAWESI TENGGARA
2021-09-06,4,3,154,-153,15822,14786,401,635,SULAWESI TENGGARA
2021-09-07,28,3,36,-11,15850,14822,404,624,SULAWESI TENGGARA
2021-09-08,24,3,40,-19,15874,14862,407,605,SULAWESI TENGGARA
2021-09-09,9,0,5,4,15883,14867,407,609,SULAWESI TENGGARA
2021-09-10,15,1,66,-52,15898,14933,408,557,SULAWESI TENGGARA
2021-09-11,20,0,16,4,15918,14949,408,561,SULAWESI TENGGARA
2021-09-12,13,2,11,0,15931,14960,410,561,SULAWESI TENGGARA
2021-09-13,8,0,46,-38,15939,15006,410,523,SULAWESI TENGGARA
2021-09-14,9,0,29,-20,15948,15035,410,503,SULAWESI TENGGARA
2021-09-15,8,0,24,-16,15956,15059,410,487,SULAWESI TENGGARA
2021-09-16,4,0,7,-3,15960,15066,410,484,SULAWESI TENGGARA
2021-09-17,7,2,6,-1,15967,15072,412,483,SULAWESI TENGGARA
2021-09-18,8,1,9,-2,15975,15081,413,481,SULAWESI TENGGARA
2021-09-19,5,0,33,-28,15980,15114,413,453,SULAWESI TENGGARA
2021-09-20,2,0,22,-20,15982,15136,413,433,SULAWESI TENGGARA
2021-09-21,5,0,52,-47,15987,15188,413,386,SULAWESI TENGGARA
2021-09-22,4,2,27,-25,15991,15215,415,361,SULAWESI TENGGARA
2021-09-23,2,0,18,-16,15993,15233,415,345,SULAWESI TENGGARA
2021-09-24,0,0,15,-15,15993,15248,415,330,SULAWESI TENGGARA
2021-09-25,7,0,15,-8,16000,15263,415,322,SULAWESI TENGGARA
2021-09-26,4,0,0,4,16004,15263,415,326,SULAWESI TENGGARA
2021-09-27,1,0,17,-16,16005,15280,415,310,SULAWESI TENGGARA
2021-09-28,2,0,60,-58,16007,15340,415,252,SULAWESI TENGGARA
2021-09-29,13,1,8,4,16020,15348,416,256,SULAWESI TENGGARA
2021-09-30,5,0,31,-26,16025,15379,416,230,SULAWESI TENGGARA
2021-10-01,2,0,17,-15,16027,15396,416,215,SULAWESI TENGGARA
2021-10-02,1,0,0,1,16028,15396,416,216,SULAWESI TENGGARA
2021-10-03,7,0,0,7,16035,15396,416,223,SULAWESI TENGGARA
2021-10-04,4,0,25,-21,16039,15421,416,202,SULAWESI TENGGARA
2021-10-05,2,0,18,-16,16041,15439,416,186,SULAWESI TENGGARA
2021-10-06,3,0,16,-13,16044,15455,416,173,SULAWESI TENGGARA
2021-10-07,3,0,14,-11,16047,15469,416,162,SULAWESI TENGGARA
2021-10-08,0,0,29,-29,16047,15498,416,133,SULAWESI TENGGARA
2021-10-09,0,0,5,-5,16047,15503,416,128,SULAWESI TENGGARA
2021-10-10,1,0,9,-8,16048,15512,416,120,SULAWESI TENGGARA
2021-10-11,2,0,14,-12,16050,15526,416,108,SULAWESI TENGGARA
2021-10-12,2,0,21,-19,16052,15547,416,89,SULAWESI TENGGARA
2021-10-13,3,0,17,-14,16055,15564,416,75,SULAWESI TENGGARA
2021-10-14,2,0,8,-6,16057,15572,416,69,SULAWESI TENGGARA
2021-10-15,1,1,1,-1,16058,15573,417,68,SULAWESI TENGGARA
2021-10-16,4,0,1,3,16062,15574,417,71,SULAWESI TENGGARA
2021-10-17,1,0,1,0,16063,15575,417,71,SULAWESI TENGGARA
2021-10-18,18,0,11,7,16081,15586,417,78,SULAWESI TENGGARA
2021-10-19,4,0,17,-13,16085,15603,417,65,SULAWESI TENGGARA
2021-10-20,0,0,5,-5,16085,15608,417,60,SULAWESI TENGGARA
2021-10-21,2,0,3,-1,16087,15611,417,59,SULAWESI TENGGARA
2021-10-22,1,0,3,-2,16088,15614,417,57,SULAWESI TENGGARA
2021-10-23,4,0,1,3,16092,15615,417,60,SULAWESI TENGGARA
2021-10-24,0,0,1,-1,16092,15616,417,59,SULAWESI TENGGARA
2021-10-25,1,0,2,-1,16093,15618,417,58,SULAWESI TENGGARA
2021-10-26,1,0,1,0,16094,15619,417,58,SULAWESI TENGGARA
2021-10-27,0,1,2,-3,16094,15621,418,55,SULAWESI TENGGARA
2021-10-28,1,0,0,1,16095,15621,418,56,SULAWESI TENGGARA
2021-10-29,1,0,2,-1,16096,15623,418,55,SULAWESI TENGGARA
2021-10-30,1,0,0,1,16097,15623,418,56,SULAWESI TENGGARA
2021-10-31,1,0,0,1,16098,15623,418,57,SULAWESI TENGGARA
2021-11-01,0,0,10,-10,16098,15633,418,47,SULAWESI TENGGARA
2021-11-02,2,0,4,-2,16100,15637,418,45,SULAWESI TENGGARA
2021-11-03,1,0,2,-1,16101,15639,418,44,SULAWESI TENGGARA
2021-11-04,9,0,0,9,16110,15639,418,53,SULAWESI TENGGARA
2021-11-05,0,0,13,-13,16110,15652,418,40,SULAWESI TENGGARA
2021-11-06,0,0,6,-6,16110,15658,418,34,SULAWESI TENGGARA
2021-11-07,2,0,0,2,16112,15658,418,36,SULAWESI TENGGARA
2021-11-08,0,0,0,0,16112,15658,418,36,SULAWESI TENGGARA
2021-11-09,1,0,0,1,16113,15658,418,37,SULAWESI TENGGARA
2021-11-10,0,0,1,-1,16113,15659,418,36,SULAWESI TENGGARA
2021-11-11,1,0,0,1,16114,15659,418,37,SULAWESI TENGGARA
2021-11-12,0,0,0,0,16114,15659,418,37,SULAWESI TENGGARA
2021-11-13,1,0,1,0,16115,15660,418,37,SULAWESI TENGGARA
2021-11-14,0,0,1,-1,16115,15661,418,36,SULAWESI TENGGARA
2021-11-15,3,0,0,3,16118,15661,418,39,SULAWESI TENGGARA
2021-11-16,0,0,0,0,16118,15661,418,39,SULAWESI TENGGARA
2021-11-17,0,0,0,0,16118,15661,418,39,SULAWESI TENGGARA
2021-11-18,2,0,7,-5,16120,15668,418,34,SULAWESI TENGGARA
2021-11-19,3,0,1,2,16123,15669,418,36,SULAWESI TENGGARA
2021-11-20,0,0,0,0,16123,15669,418,36,SULAWESI TENGGARA
2021-11-21,2,0,0,2,16125,15669,418,38,SULAWESI TENGGARA
2021-11-22,0,0,0,0,16125,15669,418,38,SULAWESI TENGGARA
2021-11-23,2,0,0,2,16127,15669,418,40,SULAWESI TENGGARA
2021-11-24,1,0,0,1,16128,15669,418,41,SULAWESI TENGGARA
2021-11-25,1,0,1,0,16129,15670,418,41,SULAWESI TENGGARA
2021-11-26,0,0,2,-2,16129,15672,418,39,SULAWESI TENGGARA
2021-11-27,0,0,0,0,16129,15672,418,39,SULAWESI TENGGARA
2021-11-28,0,0,0,0,16129,15672,418,39,SULAWESI TENGGARA
2021-11-29,0,0,0,0,16129,15672,418,39,SULAWESI TENGGARA
2021-11-30,0,0,1,-1,16129,15673,418,38,SULAWESI TENGGARA
2021-12-01,0,0,1,-1,16129,15674,418,37,SULAWESI TENGGARA
2021-12-02,2,0,0,2,16131,15674,418,39,SULAWESI TENGGARA
2021-12-03,0,0,2,-2,16131,15676,418,37,SULAWESI TENGGARA
2021-12-04,0,0,0,0,16131,15676,418,37,SULAWESI TENGGARA
2021-12-05,0,0,2,-2,16131,15678,418,35,SULAWESI TENGGARA
2021-12-06,0,0,0,0,16131,15678,418,35,SULAWESI TENGGARA
2021-12-07,2,0,0,2,16133,15678,418,37,SULAWESI TENGGARA
2021-12-08,0,0,0,0,16133,15678,418,37,SULAWESI TENGGARA
2021-12-09,0,0,0,0,16133,15678,418,37,SULAWESI TENGGARA
2021-12-10,0,0,5,-5,16133,15683,418,32,SULAWESI TENGGARA
2021-12-11,3,0,1,2,16136,15684,418,34,SULAWESI TENGGARA
2021-12-12,0,0,0,0,16136,15684,418,34,SULAWESI TENGGARA
2021-12-13,0,0,2,-2,16136,15686,418,32,SULAWESI TENGGARA
2021-12-14,0,0,0,0,16136,15686,418,32,SULAWESI TENGGARA
2021-12-15,0,0,0,0,16136,15686,418,32,SULAWESI TENGGARA
2021-12-16,0,0,1,-1,16136,15687,418,31,SULAWESI TENGGARA
2021-12-17,1,0,0,1,16137,15687,418,32,SULAWESI TENGGARA
2021-12-18,0,0,0,0,16137,15687,418,32,SULAWESI TENGGARA
2021-12-19,0,0,0,0,16137,15687,418,32,SULAWESI TENGGARA
2021-12-20,0,0,0,0,16137,15687,418,32,SULAWESI TENGGARA
2021-12-21,0,0,0,0,16137,15687,418,32,SULAWESI TENGGARA
2021-12-22,0,0,0,0,16137,15687,418,32,SULAWESI TENGGARA
2021-12-23,0,0,0,0,16137,15687,418,32,SULAWESI TENGGARA
2021-12-24,0,0,0,0,16137,15687,418,32,SULAWESI TENGGARA
2021-12-25,0,0,26,-26,16137,15713,418,6,SULAWESI TENGGARA
2021-12-26,0,0,0,0,16137,15713,418,6,SULAWESI TENGGARA
2021-12-27,0,0,1,-1,16137,15714,418,5,SULAWESI TENGGARA
2021-12-28,4,0,3,1,16141,15717,418,6,SULAWESI TENGGARA
2021-12-29,1,1,0,0,16142,15717,419,6,SULAWESI TENGGARA
2021-12-30,0,0,0,0,16142,15717,419,6,SULAWESI TENGGARA
2021-12-31,1,0,0,1,16143,15717,419,7,SULAWESI TENGGARA
2022-01-01,0,0,0,0,16143,15717,419,7,SULAWESI TENGGARA
2022-01-02,0,0,0,0,16143,15717,419,7,SULAWESI TENGGARA
2022-01-03,0,0,0,0,16143,15717,419,7,SULAWESI TENGGARA
2022-01-04,0,0,0,0,16143,15717,419,7,SULAWESI TENGGARA
2022-01-05,0,0,0,0,16143,15717,419,7,SULAWESI TENGGARA
2022-01-06,0,0,0,0,16143,15717,419,7,SULAWESI TENGGARA
2022-01-07,0,0,0,0,16143,15717,419,7,SULAWESI TENGGARA
2022-01-08,0,0,2,-2,16143,15719,419,5,SULAWESI TENGGARA
2022-01-09,0,0,0,0,16143,15719,419,5,SULAWESI TENGGARA
2022-01-10,0,0,0,0,16143,15719,419,5,SULAWESI TENGGARA
2022-01-11,0,0,1,-1,16143,15720,419,4,SULAWESI TENGGARA
2022-01-12,1,1,1,-1,16144,15721,420,3,SULAWESI TENGGARA
2022-01-13,0,0,0,0,16144,15721,420,3,SULAWESI TENGGARA
2022-01-14,0,0,0,0,16144,15721,420,3,SULAWESI TENGGARA
2022-01-15,0,0,0,0,16144,15721,420,3,SULAWESI TENGGARA
2022-01-16,0,0,0,0,16144,15721,420,3,SULAWESI TENGGARA
2022-01-17,0,0,0,0,16144,15721,420,3,SULAWESI TENGGARA
2022-01-18,0,0,0,0,16144,15721,420,3,SULAWESI TENGGARA
2022-01-19,0,0,1,-1,16144,15722,420,2,SULAWESI TENGGARA
2022-01-20,0,0,0,0,16144,15722,420,2,SULAWESI TENGGARA
2022-01-21,0,0,0,0,16144,15722,420,2,SULAWESI TENGGARA
2022-01-22,0,0,1,-1,16144,15723,420,1,SULAWESI TENGGARA
2022-01-23,1,0,0,1,16145,15723,420,2,SULAWESI TENGGARA
2022-01-24,2,0,0,2,16147,15723,420,4,SULAWESI TENGGARA
2022-01-25,0,0,0,0,16147,15723,420,4,SULAWESI TENGGARA
2022-01-26,2,0,0,2,16149,15723,420,6,SULAWESI TENGGARA
2022-01-27,1,0,0,1,16150,15723,420,7,SULAWESI TENGGARA
2022-01-28,0,0,0,0,16150,15723,420,7,SULAWESI TENGGARA
2022-01-29,1,0,0,1,16151,15723,420,8,SULAWESI TENGGARA
2022-01-30,0,0,0,0,16151,15723,420,8,SULAWESI TENGGARA
2022-01-31,3,0,0,3,16154,15723,420,11,SULAWESI TENGGARA
2022-02-01,6,0,0,6,16160,15723,420,17,SULAWESI TENGGARA
2022-02-02,9,0,1,8,16169,15724,420,25,SULAWESI TENGGARA
2022-02-03,14,0,2,12,16183,15726,420,37,SULAWESI TENGGARA
2022-02-04,19,0,0,19,16202,15726,420,56,SULAWESI TENGGARA
2022-02-05,26,0,0,26,16228,15726,420,82,SULAWESI TENGGARA
2022-02-06,50,0,0,50,16278,15726,420,132,SULAWESI TENGGARA
2022-02-07,5,0,2,3,16283,15728,420,135,SULAWESI TENGGARA
2022-02-08,67,1,0,66,16350,15728,421,201,SULAWESI TENGGARA
2022-02-09,64,1,1,62,16414,15729,422,263,SULAWESI TENGGARA
2022-02-10,93,0,5,88,16507,15734,422,351,SULAWESI TENGGARA
2022-02-11,109,0,3,106,16616,15737,422,457,SULAWESI TENGGARA
2022-02-12,156,1,5,150,16772,15742,423,607,SULAWESI TENGGARA
2022-02-13,115,0,13,102,16887,15755,423,709,SULAWESI TENGGARA
2022-02-14,98,0,14,84,16985,15769,423,793,SULAWESI TENGGARA
2022-02-15,317,0,33,284,17302,15802,423,1077,SULAWESI TENGGARA
2022-02-16,265,0,52,213,17567,15854,423,1290,SULAWESI TENGGARA
2022-02-17,255,0,36,219,17822,15890,423,1509,SULAWESI TENGGARA
2022-02-18,173,1,67,105,17995,15957,424,1614,SULAWESI TENGGARA
2022-02-19,253,0,68,185,18248,16025,424,1799,SULAWESI TENGGARA
2022-02-20,202,0,86,116,18450,16111,424,1915,SULAWESI TENGGARA
2022-02-21,143,0,121,22,18593,16232,424,1937,SULAWESI TENGGARA
2022-02-22,253,0,109,144,18846,16341,424,2081,SULAWESI TENGGARA
2022-02-23,260,0,103,157,19106,16444,424,2238,SULAWESI TENGGARA
2022-02-24,192,3,239,-50,19298,16683,427,2188,SULAWESI TENGGARA
2022-02-25,158,1,169,-12,19456,16852,428,2176,SULAWESI TENGGARA
2022-02-26,81,0,260,-179,19537,17112,428,1997,SULAWESI TENGGARA
2022-02-27,106,1,144,-39,19643,17256,429,1958,SULAWESI TENGGARA
2022-02-28,62,1,143,-82,19705,17399,430,1876,SULAWESI TENGGARA
2022-03-01,51,1,286,-236,19756,17685,431,1640,SULAWESI TENGGARA
2022-03-02,91,0,193,-102,19847,17878,431,1538,SULAWESI TENGGARA
2022-03-03,71,4,172,-105,19918,18050,435,1433,SULAWESI TENGGARA
2022-03-04,37,0,206,-169,19955,18256,435,1264,SULAWESI TENGGARA
2022-03-05,59,0,194,-135,20014,18450,435,1129,SULAWESI TENGGARA
2022-03-06,35,0,71,-36,20049,18521,435,1093,SULAWESI TENGGARA
2022-03-07,60,0,239,-179,20109,18760,435,914,SULAWESI TENGGARA
2022-03-08,35,2,49,-16,20144,18809,437,898,SULAWESI TENGGARA
2022-03-09,58,0,150,-92,20202,18959,437,806,SULAWESI TENGGARA
2022-03-10,22,1,74,-53,20224,19033,438,753,SULAWESI TENGGARA
2022-03-11,20,1,86,-67,20244,19119,439,686,SULAWESI TENGGARA
2022-03-12,16,0,64,-48,20260,19183,439,638,SULAWESI TENGGARA
2022-03-13,23,0,36,-13,20283,19219,439,625,SULAWESI TENGGARA
2022-03-14,15,0,93,-78,20298,19312,439,547,SULAWESI TENGGARA
2022-03-15,30,2,25,3,20328,19337,441,550,SULAWESI TENGGARA
2022-03-16,19,0,65,-46,20347,19402,441,504,SULAWESI TENGGARA
2022-03-17,11,0,56,-45,20358,19458,441,459,SULAWESI TENGGARA
2022-03-18,11,0,51,-40,20369,19509,441,419,SULAWESI TENGGARA
2022-03-19,3,0,27,-24,20372,19536,441,395,SULAWESI TENGGARA
2022-03-20,3,0,32,-29,20375,19568,441,366,SULAWESI TENGGARA
2022-03-21,2,0,46,-44,20377,19614,441,322,SULAWESI TENGGARA
2022-03-22,16,0,21,-5,20393,19635,441,317,SULAWESI TENGGARA
2022-03-23,5,0,49,-44,20398,19684,441,273,SULAWESI TENGGARA
2022-03-24,3,1,36,-34,20401,19720,442,239,SULAWESI TENGGARA
2022-03-25,9,0,17,-8,20410,19737,442,231,SULAWESI TENGGARA
2022-03-26,13,0,22,-9,20423,19759,442,222,SULAWESI TENGGARA
2022-03-27,3,0,20,-17,20426,19779,442,205,SULAWESI TENGGARA
2022-03-28,0,0,9,-9,20426,19788,442,196,SULAWESI TENGGARA
2022-03-29,7,0,9,-2,20433,19797,442,194,SULAWESI TENGGARA
2022-03-30,11,1,30,-20,20444,19827,443,174,SULAWESI TENGGARA
2022-03-31,0,1,10,-11,20444,19837,444,163,SULAWESI TENGGARA
2022-04-01,8,1,16,-9,20452,19853,445,154,SULAWESI TENGGARA
2022-04-02,1,0,8,-7,20453,19861,445,147,SULAWESI TENGGARA
2022-04-03,6,1,1,4,20459,19862,446,151,SULAWESI TENGGARA
2022-04-04,9,0,17,-8,20468,19879,446,143,SULAWESI TENGGARA
2022-04-05,2,0,46,-44,20470,19925,446,99,SULAWESI TENGGARA
2022-04-06,9,0,15,-6,20479,19940,446,93,SULAWESI TENGGARA
2022-04-07,3,0,15,-12,20482,19955,446,81,SULAWESI TENGGARA
2022-04-08,0,0,9,-9,20482,19964,446,72,SULAWESI TENGGARA
2022-04-09,2,0,0,2,20484,19964,446,74,SULAWESI TENGGARA
2022-04-10,0,0,1,-1,20484,19965,446,73,SULAWESI TENGGARA
2022-04-11,0,0,1,-1,20484,19966,446,72,SULAWESI TENGGARA
2022-04-12,7,1,2,4,20491,19968,447,76,SULAWESI TENGGARA
2022-04-13,2,0,0,2,20493,19968,447,78,SULAWESI TENGGARA
2022-04-14,1,0,1,0,20494,19969,447,78,SULAWESI TENGGARA
2022-04-15,0,0,1,-1,20494,19970,447,77,SULAWESI TENGGARA
2022-04-16,0,0,0,0,20494,19970,447,77,SULAWESI TENGGARA
2022-04-17,0,0,15,-15,20494,19985,447,62,SULAWESI TENGGARA
2022-04-18,1,0,1,0,20495,19986,447,62,SULAWESI TENGGARA
2022-04-19,1,0,0,1,20496,19986,447,63,SULAWESI TENGGARA
2022-04-20,1,0,0,1,20497,19986,447,64,SULAWESI TENGGARA
2022-04-21,1,0,8,-7,20498,19994,447,57,SULAWESI TENGGARA
2022-04-22,2,0,0,2,20500,19994,447,59,SULAWESI TENGGARA
2022-04-23,1,0,9,-8,20501,20003,447,51,SULAWESI TENGGARA
2022-04-24,0,0,2,-2,20501,20005,447,49,SULAWESI TENGGARA
2022-04-25,0,0,1,-1,20501,20006,447,48,SULAWESI TENGGARA
2022-04-26,0,0,1,-1,20501,20007,447,47,SULAWESI TENGGARA
2022-04-27,0,0,0,0,20501,20007,447,47,SULAWESI TENGGARA
2022-04-28,0,0,2,-2,20501,20009,447,45,SULAWESI TENGGARA
2022-04-29,0,0,1,-1,20501,20010,447,44,SULAWESI TENGGARA
2022-04-30,1,0,25,-24,20502,20035,447,20,SULAWESI TENGGARA
2022-05-01,0,0,0,0,20502,20035,447,20,SULAWESI TENGGARA
2022-05-02,0,0,0,0,20502,20035,447,20,SULAWESI TENGGARA
2022-05-03,0,0,0,0,20502,20035,447,20,SULAWESI TENGGARA
2022-05-04,0,0,0,0,20502,20035,447,20,SULAWESI TENGGARA
2022-05-05,1,0,0,1,20503,20035,447,21,SULAWESI TENGGARA
2022-05-06,0,0,5,-5,20503,20040,447,16,SULAWESI TENGGARA
2022-05-07,0,0,1,-1,20503,20041,447,15,SULAWESI TENGGARA
2022-05-08,0,0,0,0,20503,20041,447,15,SULAWESI TENGGARA
2022-05-09,1,0,4,-3,20504,20045,447,12,SULAWESI TENGGARA
2022-05-10,0,0,0,0,20504,20045,447,12,SULAWESI TENGGARA
2022-05-11,0,0,0,0,20504,20045,447,12,SULAWESI TENGGARA
2022-05-12,0,0,0,0,20504,20045,447,12,SULAWESI TENGGARA
2022-05-13,0,0,0,0,20504,20045,447,12,SULAWESI TENGGARA
2022-05-14,3,0,0,3,20507,20045,447,15,SULAWESI TENGGARA
2022-05-15,0,0,0,0,20507,20045,447,15,SULAWESI TENGGARA
2022-05-16,0,0,0,0,20507,20045,447,15,SULAWESI TENGGARA
2022-05-17,0,0,0,0,20507,20045,447,15,SULAWESI TENGGARA
2022-05-18,1,0,1,0,20508,20046,447,15,SULAWESI TENGGARA
2022-05-19,0,0,0,0,20508,20046,447,15,SULAWESI TENGGARA
2022-05-20,0,0,1,-1,20508,20047,447,14,SULAWESI TENGGARA
2022-05-21,0,0,2,-2,20508,20049,447,12,SULAWESI TENGGARA
2022-05-22,0,0,0,0,20508,20049,447,12,SULAWESI TENGGARA
2022-05-23,1,0,0,1,20509,20049,447,13,SULAWESI TENGGARA
2022-05-24,0,0,1,-1,20509,20050,447,12,SULAWESI TENGGARA
2022-05-25,0,0,1,-1,20509,20051,447,11,SULAWESI TENGGARA
2022-05-26,0,0,0,0,20509,20051,447,11,SULAWESI TENGGARA
2022-05-27,0,0,0,0,20509,20051,447,11,SULAWESI TENGGARA
2022-05-28,1,0,0,1,20510,20051,447,12,SULAWESI TENGGARA
2022-05-29,0,0,0,0,20510,20051,447,12,SULAWESI TENGGARA
2022-05-30,0,0,0,0,20510,20051,447,12,SULAWESI TENGGARA
2022-05-31,0,0,0,0,20510,20051,447,12,SULAWESI TENGGARA
2022-06-01,0,0,0,0,20510,20051,447,12,SULAWESI TENGGARA
2022-06-02,0,0,0,0,20510,20051,447,12,SULAWESI TENGGARA
2022-06-03,0,0,0,0,20510,20051,447,12,SULAWESI TENGGARA
2022-06-04,0,0,0,0,20510,20051,447,12,SULAWESI TENGGARA
2022-06-05,0,0,10,-10,20510,20061,447,2,SULAWESI TENGGARA
2022-06-06,0,0,0,0,20510,20061,447,2,SULAWESI TENGGARA
2022-06-07,1,0,0,1,20511,20061,447,3,SULAWESI TENGGARA
2022-06-08,1,0,1,0,20512,20062,447,3,SULAWESI TENGGARA
2022-06-09,6,0,0,6,20518,20062,447,9,SULAWESI TENGGARA
2022-06-10,0,0,0,0,20518,20062,447,9,SULAWESI TENGGARA
2022-06-11,0,0,0,0,20518,20062,447,9,SULAWESI TENGGARA
2022-06-12,0,0,0,0,20518,20062,447,9,SULAWESI TENGGARA
2022-06-13,1,0,0,1,20519,20062,447,10,SULAWESI TENGGARA
2022-06-14,0,0,0,0,20519,20062,447,10,SULAWESI TENGGARA
2022-06-15,0,0,0,0,20519,20062,447,10,SULAWESI TENGGARA
2022-06-16,1,0,0,1,20520,20062,447,11,SULAWESI TENGGARA
2022-06-17,0,0,0,0,20520,20062,447,11,SULAWESI TENGGARA
2022-06-18,0,0,2,-2,20520,20064,447,9,SULAWESI TENGGARA
2022-06-19,0,0,0,0,20520,20064,447,9,SULAWESI TENGGARA
2022-06-20,0,0,0,0,20520,20064,447,9,SULAWESI TENGGARA
2022-06-21,0,0,2,-2,20520,20066,447,7,SULAWESI TENGGARA
2022-06-22,1,0,1,0,20521,20067,447,7,SULAWESI TENGGARA
2022-06-23,0,0,0,0,20521,20067,447,7,SULAWESI TENGGARA
2022-06-24,0,0,0,0,20521,20067,447,7,SULAWESI TENGGARA
2022-06-25,3,0,0,3,20524,20067,447,10,SULAWESI TENGGARA
2022-06-26,0,0,0,0,20524,20067,447,10,SULAWESI TENGGARA
2022-06-27,1,0,0,1,20525,20067,447,11,SULAWESI TENGGARA
2022-06-28,0,0,0,0,20525,20067,447,11,SULAWESI TENGGARA
2022-06-29,1,0,0,1,20526,20067,447,12,SULAWESI TENGGARA
2022-06-30,0,0,0,0,20526,20067,447,12,SULAWESI TENGGARA
2022-07-01,0,0,1,-1,20526,20068,447,11,SULAWESI TENGGARA
2022-07-02,0,0,0,0,20526,20068,447,11,SULAWESI TENGGARA
2022-07-03,0,0,1,-1,20526,20069,447,10,SULAWESI TENGGARA
2022-07-04,0,0,0,0,20526,20069,447,10,SULAWESI TENGGARA
2022-07-05,0,0,1,-1,20526,20070,447,9,SULAWESI TENGGARA
2022-07-06,1,0,0,1,20527,20070,447,10,SULAWESI TENGGARA
2022-07-07,0,0,0,0,20527,20070,447,10,SULAWESI TENGGARA
2022-07-08,1,0,0,1,20528,20070,447,11,SULAWESI TENGGARA
2022-07-09,1,0,0,1,20529,20070,447,12,SULAWESI TENGGARA
2022-07-10,0,0,0,0,20529,20070,447,12,SULAWESI TENGGARA
2022-07-11,0,0,0,0,20529,20070,447,12,SULAWESI TENGGARA
2022-07-12,0,0,0,0,20529,20070,447,12,SULAWESI TENGGARA
2022-07-13,1,0,0,1,20530,20070,447,13,SULAWESI TENGGARA
2022-07-14,1,0,0,1,20531,20070,447,14,SULAWESI TENGGARA
2022-07-15,6,0,0,6,20537,20070,447,20,SULAWESI TENGGARA
2022-07-16,0,0,0,0,20537,20070,447,20,SULAWESI TENGGARA
2022-07-17,0,0,0,0,20537,20070,447,20,SULAWESI TENGGARA
2022-07-18,0,0,0,0,20537,20070,447,20,SULAWESI TENGGARA
2022-07-19,0,0,0,0,20537,20070,447,20,SULAWESI TENGGARA
2022-07-20,0,0,2,-2,20537,20072,447,18,SULAWESI TENGGARA
2022-07-21,5,0,0,5,20542,20072,447,23,SULAWESI TENGGARA
2022-07-22,0,0,0,0,20542,20072,447,23,SULAWESI TENGGARA
2022-07-23,0,0,0,0,20542,20072,447,23,SULAWESI TENGGARA
2022-07-24,0,0,0,0,20542,20072,447,23,SULAWESI TENGGARA
2022-07-25,0,0,1,-1,20542,20073,447,22,SULAWESI TENGGARA
2022-07-26,1,0,0,1,20543,20073,447,23,SULAWESI TENGGARA
2022-07-27,1,0,0,1,20544,20073,447,24,SULAWESI TENGGARA
2022-07-28,3,0,0,3,20547,20073,447,27,SULAWESI TENGGARA
2022-07-29,1,0,0,1,20548,20073,447,28,SULAWESI TENGGARA
2022-07-30,0,0,0,0,20548,20073,447,28,SULAWESI TENGGARA
2022-07-31,0,0,4,-4,20548,20077,447,24,SULAWESI TENGGARA
2022-08-01,3,0,2,1,20551,20079,447,25,SULAWESI TENGGARA
2022-08-02,0,0,1,-1,20551,20080,447,24,SULAWESI TENGGARA
2022-08-03,0,0,0,0,20551,20080,447,24,SULAWESI TENGGARA
2022-08-04,4,0,0,4,20555,20080,447,28,SULAWESI TENGGARA
2022-08-05,0,0,0,0,20555,20080,447,28,SULAWESI TENGGARA
2022-08-06,2,0,2,0,20557,20082,447,28,SULAWESI TENGGARA
2022-08-07,0,0,0,0,20557,20082,447,28,SULAWESI TENGGARA
2022-08-08,0,0,4,-4,20557,20086,447,24,SULAWESI TENGGARA
2022-08-09,0,0,0,0,20557,20086,447,24,SULAWESI TENGGARA
2022-08-10,0,0,0,0,20557,20086,447,24,SULAWESI TENGGARA
2022-08-11,1,0,8,-7,20558,20094,447,17,SULAWESI TENGGARA
2022-08-12,4,0,3,1,20562,20097,447,18,SULAWESI TENGGARA
2022-08-13,0,0,1,-1,20562,20098,447,17,SULAWESI TENGGARA
2022-08-14,0,0,2,-2,20562,20100,447,15,SULAWESI TENGGARA
2022-08-15,1,0,0,1,20563,20100,447,16,SULAWESI TENGGARA
2022-08-16,1,0,0,1,20564,20100,447,17,SULAWESI TENGGARA
2022-08-17,1,0,0,1,20565,20100,447,18,SULAWESI TENGGARA
2022-08-18,0,0,0,0,20565,20100,447,18,SULAWESI TENGGARA
2022-08-19,2,0,5,-3,20567,20105,447,15,SULAWESI TENGGARA
2022-08-20,1,0,0,1,20568,20105,447,16,SULAWESI TENGGARA
2022-08-21,0,0,0,0,20568,20105,447,16,SULAWESI TENGGARA
2022-08-22,2,0,0,2,20570,20105,447,18,SULAWESI TENGGARA
2022-08-23,2,0,2,0,20572,20107,447,18,SULAWESI TENGGARA
2022-08-24,1,0,0,1,20573,20107,447,19,SULAWESI TENGGARA
2022-08-25,1,0,0,1,20574,20107,447,20,SULAWESI TENGGARA
2022-08-26,2,1,0,1,20576,20107,448,21,SULAWESI TENGGARA
2022-08-27,0,0,0,0,20576,20107,448,21,SULAWESI TENGGARA
2022-08-28,0,0,0,0,20576,20107,448,21,SULAWESI TENGGARA
2022-08-29,0,0,0,0,20576,20107,448,21,SULAWESI TENGGARA
2022-08-30,2,1,2,-1,20578,20109,449,20,SULAWESI TENGGARA
2022-08-31,1,0,0,1,20579,20109,449,21,SULAWESI TENGGARA
2022-09-01,0,0,0,0,20579,20109,449,21,SULAWESI TENGGARA
2022-09-02,2,0,1,1,20581,20110,449,22,SULAWESI TENGGARA
2022-09-03,0,0,1,-1,20581,20111,449,21,SULAWESI TENGGARA
2022-09-04,0,0,0,0,20581,20111,449,21,SULAWESI TENGGARA
2022-09-05,2,0,0,2,20583,20111,449,23,SULAWESI TENGGARA
2022-09-06,2,0,1,1,20585,20112,449,24,SULAWESI TENGGARA
2022-09-07,0,0,4,-4,20585,20116,449,20,SULAWESI TENGGARA
2022-09-08,4,0,0,4,20589,20116,449,24,SULAWESI TENGGARA
2022-09-09,0,0,0,0,20589,20116,449,24,SULAWESI TENGGARA
2022-09-10,4,0,0,4,20593,20116,449,28,SULAWESI TENGGARA
2022-09-11,0,0,0,0,20593,20116,449,28,SULAWESI TENGGARA
2022-09-12,1,0,1,0,20594,20117,449,28,SULAWESI TENGGARA
2022-09-13,2,0,0,2,20596,20117,449,30,SULAWESI TENGGARA
2022-09-14,1,0,1,0,20597,20118,449,30,SULAWESI TENGGARA
2022-09-15,2,0,1,1,20599,20119,449,31,SULAWESI TENGGARA
2022-09-16,0,0,3,-3,20599,20122,449,28,SULAWESI TENGGARA
2022-09-17,6,1,1,4,20605,20123,450,32,SULAWESI TENGGARA
2022-09-18,1,0,0,1,20606,20123,450,33,SULAWESI TENGGARA
2022-09-19,4,0,1,3,20610,20124,450,36,SULAWESI TENGGARA
2022-09-20,1,0,2,-1,20611,20126,450,35,SULAWESI TENGGARA
2022-09-21,0,0,0,0,20611,20126,450,35,SULAWESI TENGGARA
2022-09-22,3,0,2,1,20614,20128,450,36,SULAWESI TENGGARA
2022-09-23,4,0,3,1,20618,20131,450,37,SULAWESI TENGGARA
2022-09-24,6,0,1,5,20624,20132,450,42,SULAWESI TENGGARA
2022-09-25,6,0,0,6,20630,20132,450,48,SULAWESI TENGGARA
2022-09-26,4,0,0,4,20634,20132,450,52,SULAWESI TENGGARA
2022-09-27,3,0,0,3,20637,20132,450,55,SULAWESI TENGGARA
2022-09-28,4,0,2,2,20641,20134,450,57,SULAWESI TENGGARA
2022-09-29,1,0,0,1,20642,20134,450,58,SULAWESI TENGGARA
2022-09-30,3,0,0,3,20645,20134,450,61,SULAWESI TENGGARA
